0.00056093846806266572743
-0.00021366602524040469645
0.00016409638264768839538
-0.00013858167894384635314
0.00012204815269044385161
-0.00011008205252977996653
0.00010082237815480423931
-0.000093323195086302043297
0.000087044236969896693188
-0.000081651067540777707427
0.000076924039959360099905
-0.000072712192501805467192
0.000068907971238833933092
-0.00006543248398942377701
0.000062226456892899180791
-0.000059244454904798695079
0.000056451058138184061547
-0.000053818256426976452125
0.000051323628196481875029
-0.000048949038956572200958
0.000046679692798129568661
-0.000044503429070512032559
0.000042410192743035578053
-0.000040391629999339276531
0.000038440775585449448508
-0.00003655180836872382117
0.000034719858287855669056
-0.00003294085250368172335
0.000031211391800423923625
-0.00002952865058849458561
0.000027890295517944199615
-0.000026294418922014137587
0.000024739484205486905396
-0.000023224280963488426198
0.000021747888126470748316
-0.000020309643821261517362
0.000018909120948892585847
-0.000017546107731702340464
0.000016220592693830883504
-0.000014932753726367661162
0.000013682951065383622361
-0.000012471724192701454514
0.000011299792873102578847
-0.000010168062791313976128
9.077636582387009887e-6
-8.0298315152485142013e-6
7.0262057840946514981e-6
-6.0685964497704067176e-6
5.1591738574040277892e-6
-4.3005204332745720933e-6
3.4957473772783470387e-6
-2.7486737198187576777e-6
2.0641154425398074846e-6
-1.4483872915945538985e-6
9.1027078549518197073e-7
-4.6322129204671457771e-7
1.3226744415375026517e-7
0.0012137797244089647491
0.0013041333686796948476
-0.00035593901912690339019
0.00025127388830590383921
-0.00020580740355350046939
0.00017889274123101773651
-0.0001603672115819269782
0.00014643752905351626878
-0.00013534225080880689677
0.00012614048264677319846
-0.0001182781479753713429
0.00011140475875128594444
-0.00010528620113946442832
0.000099759288059408469851
-0.000094706329980505662799
0.000090040066400423974288
-0.000085694305198179378744
0.00008161787363594459882
-0.000077770576367053031826
0.000074120415882415463647
-0.0000706416329582843569
0.000067313294838248114554
-0.000064118258394983160874
0.000061042395661409929975
-0.000058074006547602159892
0.000055203367463576323698
-0.00005242238019549737622
0.000049724295817038508922
-0.000047103495519126687389
0.000044555315160094265861
-0.000042075903800922620517
0.000039662108965208033809
-0.000037311383158367754111
0.000035021707501130682465
-0.000032791529318443185567
0.000030619711273461840212
-0.000028505490215774249326
0.000026448444373039183502
-0.000024448467893231195916
0.000022505752070373835149
-0.000020620772885906306968
0.000018794284795995453788
-0.000017027321020805327756
0.000015321200982031250895
-0.000013677546043476563675
0.000012098305420184108283
-0.0000105857951750659938
9.1427548653958008162e-6
-7.7724290933332622627e-6
6.4786858528106677242e-6
-5.2661920239295728371e-6
4.1406828671610085122e-6
-3.109397366165090538e-6
2.1818340147966522388e-6
-1.371208918656968919e-6
6.9778045321032374449e-7
-1.9924238438722989318e-7
0.0010768555754605030398
0.0028353065351667131614
0.0020445400169553081566
-0.00049078663914934840639
0.00032792629210469644694
-0.0002612121751502851249
0.00022351526744600054994
-0.00019846246501798692132
0.00018010551061116556355
-0.00016575717579091728062
0.0001540197048126249269
-0.00014409015175862073289
0.00013547194529652882061
-0.0001278400320542256547
0.00012097185702442723062
-0.00011470942305919071442
0.000108937189831153606
-0.00010356856630077737261
0.000098537314754015447876
-0.000093791888557638275283
0.000089291589786361344838
-0.000085003893414700905555
0.000080902541083345299463
-0.000076966155588512723524
0.000073177215752750859994
-0.00006952128580266198904
0.000065986427793351992639
-0.000062562747886553745589
0.000059242042010438979438
-0.00005601751635433193587
0.000052883564965108842599
-0.000049835591468557315313
0.000046869865312301641379
-0.000043983405356054872432
0.000041173885411139035885
-0.000038439557651117086759
0.000035779190814445692607
-0.000033192020893694984186
0.000030677712623389271732
-0.00002823633059260789119
0.000025868319262238080184
-0.00002357449159944642461
0.000021356026494716170906
-0.000019214475649930328292
0.000017151781289366852096
-0.000015170306956508473489
0.00001327288499576024176
-0.000011462886390587000354
9.7443220136582527074e-6
-8.121990166560594443e-6
6.6016958964552533718e-6
-5.1905882669755256584e-6
3.897705633840004945e-6
-2.7349227029230030527e-6
1.7187780389360644082e-6
-8.7464138213091472386e-7
2.4974121108094123065e-7
0.0011498501088411848132
0.002490346036521046721
0.0044501646872696437449
0.0027789409330839975364
-0.00062245361651233438097
0.00040065174784765904017
-0.0003121199881167495498
0.00026329748803452016831
-0.00023153808326072666811
0.00020868402302488342631
-0.00019108459166809644464
0.00017686028846928691287
-0.00016494299229189989655
0.00015467931548438147628
-0.00014564614588641030137
0.00013755680202358146616
-0.00013020977875252981451
0.00012345909509628415917
-0.00011719630077914739684
0.00011133910891322182571
-0.00010582396322202321059
0.00010060103108401062763
-0.000095630741868021945324
0.000090881338265934550735
-0.000086327108738340661153
0.000081947088398297170156
-0.000077724088678287514501
0.000073643962043381909156
-0.000069695037580190892173
0.000065867682742510538018
-0.000062153959584786462049
0.000058547352729924903191
-0.000055042552512182356747
0.000051635281108842828589
-0.000048322152610180157254
0.0000451005602618693291
-0.000041968585807566543303
0.000038924927140572551698
-0.000035968841468396886149
0.000033100101994868283602
-0.000030318966802604939662
0.000027626159234699990857
-0.000025022859686851496456
0.000022510709395968843859
-0.000020091827635570303446
0.00001776884483155844162
-0.000015544955704794783522
0.000013423998995522245496
-0.000011410574304307962617
9.5102134144940433343e-6
-7.7296358942055382893e-6
6.0771430082533492506e-6
-4.5632553424162692316e-6
3.2018209856911798982e-6
-2.0121546459788095974e-6
1.0239161652345544194e-6
-2.9236179108234572685e-7
0.0011023447873325402007
0.0026848416641924603966
0.0038977974440587859648
0.0060513849831015374674
0.0035050676976883890426
-0.00075156389120421017464
0.0004709167513828681928
-0.00036041794387847615927
0.00030032450346669552805
-0.00026175388026156563789
0.0002343385771361185403
-0.00021345711623255370317
0.00019674074384814787471
-0.00018284992264297673673
0.00017096959821607041709
-0.00016057492473184539399
0.00015131233603139875191
-0.00014293475340100570273
0.00013526420655562077689
-0.00012816922165550731092
0.00012155058419909103914
-0.00011533206303374620239
0.00010945418517707880871
-0.00010386994862075440351
0.000098541801776660334815
-0.000093439471923621551765
0.000088538375668980731697
-0.000083818436554536205564
0.000079263192748644068972
-0.000074859114914193371589
0.000070595078727467089714
-0.000066461952846231159797
0.000062452274251018245048
-0.000058559990595639701367
0.000054780254635704287663
-0.000051109259692416547741
0.000047544107938573207575
-0.000044082705391302882771
0.000040723679086742646605
-0.000037466313155113725463
0.000034310501528894299041
-0.000031256715896291726176
0.000028305988341072256629
-0.000025459908975384305877
0.000022720639881896019215
-0.000020090947988180325312
0.000017574261342467960727
-0.000015174756062935735257
0.000012897485758136939469
-0.000010748572957172256091
8.7354961559724709487e-6
-6.8675334835686932239e-6
5.1564820545326509416e-6
-3.6179093110007554793e-6
2.2735695370316676308e-6
-1.1569159889194122593e-6
3.3033363521234519547e-7
0.0011365068970987630515
0.0025529920682850831984
0.0042156120581296338942
0.0052940921974352572865
0.0076342635032875383848
0.0042207397558603872588
-0.00087807811086774974811
0.00053911880972605834255
-0.00040673999650684294808
0.00033536776790861715441
-0.00028995957801675779695
0.00025795981576269099882
-0.00023378227031072257972
0.00021456983580885926049
-0.00019871075000967138675
0.00018522700481461165626
-0.00017349071082580230504
0.00016308024255687069337
-0.00015370194913269760969
0.00014514504373454788287
-0.00013725435261867230504
0.00012991318422518098734
-0.00012303218732637906641
0.00011654188796353751356
-0.0001103875603332088371
0.00010452562098852136864
-0.000098921042532298958956
0.000093545465062530765782
-0.000088375794883176615618
0.000083393149761253167312
-0.000078582054802290304884
0.000073929822391231012202
-0.000069426069289767130022
0.000065062337356556683586
-0.000060831793619620862438
0.000056728991950469494524
-0.000052749683254837485804
0.000048890664491696792586
-0.000045149659355860014338
0.000041525225383451928667
-0.000038016683759704938381
0.000034624069373425857058
-0.000031348099795493098124
0.000028190162977681246658
-0.000025152324706647333153
0.000022237358385676826776
-0.000019448801829772654107
0.000016791048914938479314
-0.000014269488970810533604
0.000011890715401579615895
-9.6628406066495234482e-6
7.5959845964336194221e-6
-5.7030689330295356846e-6
4.0011994196969562051e-6
-2.5143377789723168139e-6
1.2793972167289443259e-6
-3.6530014044539053108e-7
0.0011103908994596745806
0.0026507419559145810403
0.0039962687360784552201
0.0057340384723392118706
0.0066749087069484112249
0.0091941757803506935423
0.0049238176748721300956
-0.0010017678688834274854
0.00060532526337347565047
-0.00045130772851670885326
0.00036874405020278955048
-0.00031653294339403641021
0.00027996435225660588181
-0.00025250046712163001241
0.00023080130834886944811
-0.00021298516136098592517
0.00019791190539447918787
-0.00018485079281152149015
0.00017331202835851338192
-0.00016295515561923003894
0.00015353629886654258434
-0.00014487631324608465757
0.00013684077823258070826
-0.00012932699689528844945
0.00012225529636022113628
-0.00011556305552733726527
0.00010920051163535332988
-0.00010312775645882055586
0.000097312546042210244489
-0.000091728678056191832505
0.000086354772474066135149
-0.000081173343643795933133
0.000076170086168587658322
-0.000071333319962866066218
0.000066653555474463561977
-0.000062123150881668530973
0.000057736040689353421301
-0.000053487520601429550406
0.000049374077524998176888
-0.000045393256529975495519
0.000041543558870726326661
-0.000037824367009329382026
0.000034235894148412804139
-0.000030779157248129592606
0.000027455974036656314784
-0.000024268986339435707459
0.00002122171446227152138
-0.00001831865088529497004
0.00001556540709272475291
-0.000012968936785845969639
0.000010537875761524035409
-8.28307183492266527e-6
6.2184482491779823594e-6
-4.362509540892155784e-6
2.7412532980159416252e-6
-1.3948154049915686443e-6
3.9824772321520240858e-7
0.0011312045708649796241
0.0025742383704198412402
0.004161380434638725183
0.0054275073410462488033
0.0072352323001036900656
0.0080360272125315895706
0.010726527870527751185
0.0056122019726941095199
-0.0011223387784487986048
0.00066947729665056583024
-0.00049417705462134499681
0.00040058020293758144519
-0.00034164827304653584599
0.00030055904083415931035
-0.00026984091830462026481
0.00024567944849558851535
-0.0002259271934064323087
0.00020928413003411132491
-0.00019491782295007750163
0.00018227091887090978326
-0.00017095645934717629734
0.00016069761095985111696
-0.00015129129273851514871
0.00014258533745915603902
-0.00013446365723328029271
0.00012683632218766796899
-0.00011963275355307565275
0.000112796947494113277
-0.00010628405654989516819
0.00010005789911793392929
-0.00009408911617473161125
0.00008835378767758998608
-0.000082832380931960752697
0.000077508942434076556012
-0.000072370470918127975995
0.000067406427184587624455
-0.000062608348646650165751
0.000057969545239471364488
-0.000053484859582109825896
0.00004915047885371866464
-0.000044963789280061041614
0.000040923266801916170972
-0.000037028399695676032636
0.000033279640870626637898
-0.000029678389499072094329
0.000026227003801258639728
-0.000022928849563853740634
0.000019788392891192224887
-0.000016811351790580998388
0.000014004931436161198843
-0.000011378186401904145677
8.9425889277067804229e-6
-6.7129579533549814861e-6
4.709082365261926483e-6
-2.9588624917002308586e-6
1.5054822415429792025e-6
-4.2983615975517079345e-7
0.0011141067703604341313
0.0026363553597201048249
0.0040304800288656505374
0.0056602764032283333565
0.0068426171114577249181
0.0087146793845493240779
0.0093733215067552584959
0.012226783726552574727
0.0062838377477295306618
-0.001239472606880694325
0.0007314618535335157903
-0.00053532866799793701246
0.00043091372112320710609
-0.00036538144251058032628
0.00031984694376108532815
-0.00028592632399239125229
0.00025934119700766441861
-0.00023768403040174677058
0.0002194980780250990178
-0.00020385108453574833844
0.00019011926632989550465
-0.00017786985569022948258
0.00016679349076852162237
-0.00015666342039719217658
0.00014730989362113808949
-0.00013860352897298728233
0.00013044419497926722042
-0.00012275338380576101473
0.00011546886227096978073
-0.00010854084510212178377
0.00010192920858870325127
-0.000095601429694604701674
0.000089531040312593635768
-0.000083696453481060964201
0.000078080062392328371587
-0.000072667542442055147918
0.000067447306600670320031
-0.000062410078269108828664
0.000057548555572897277243
-0.000052857148089720519049
0.000048331772186652874435
-0.000043969695074818515543
0.000039769420809514728099
-0.000035730614112540100485
0.000031854060370257381351
-0.000028141662783292463739
0.000024596480823718223348
-0.000021222818527617276574
0.000018026377820823582821
-0.00001501450315403883535
0.000012196563570953129525
-9.5845567331321981438e-6
7.1941005683311626025e-6
-5.0461697575967854033e-6
3.1704600110372453126e-6
-1.6130722248478176726e-6
4.6054325337837033166e-7
0.0011284796564928040024
0.0025845517821286958226
0.0041379355682086650151
0.005474280316104221043
0.0071423974766032929954
0.008237420532936248797
0.010167982265603764234
0.010682758669946056751
0.013690489211566507508
0.0069367203505450480803
-0.0013528447904734472217
0.0007911415973921299558
-0.00057470665370150096473
0.0004597367758589543676
-0.00038775697280316345371
0.00033787576379964684667
-0.00030082154234076605354
0.00027186430845512774064
-0.00024834317306835378784
0.00022864859490851840939
-0.00021175089887916151816
0.00019696139082406603595
-0.00018380248286598644099
0.00017193294238047346189
-0.0001611027926380899969
0.00015112500351390167154
-0.00014185711071827190449
0.00013318892822619948371
-0.00012503412249102243429
0.00011732430421438162166
-0.00011000480279904373705
0.00010303159078294084223
-0.000096369010102977680936
0.000089988067720954520267
-0.000083865142381249372444
0.000077980992939146207844
-0.000072319991241409728684
0.000066869524708529043757
-0.000061619529144739578419
0.000056562123169635220727
-0.000051691323510360681485
0.000047002826210296287637
-0.000042493843289137743135
0.000038162988039872586238
-0.000034010205388457060573
0.000030036746977425382576
-0.000026245194350412699194
0.000022639538519019528398
-0.000019225331487750745398
0.000016009937262595415463
-0.000013002931133261000537
0.000010216737033706230447
-7.667679336722551678e-6
5.3778296383829368073e-6
-3.3785894127224003123e-6
1.7188773799544081275e-6
-4.907375566260600867e-7
0.0011161760223558207582
0.0026286462449347819843
0.0040474756528883100145
0.0056280390499768274438
0.006901616000793613724
0.0086031732482966982646
0.0096077552903596732349
0.011590827203350029733
0.011960402725168918037
0.01511329120620337056
0.0075689012106734998646
-0.0014621329396058950887
0.00084836907032451008992
-0.00061223695798078243913
0.00048701764627599236899
-0.00040877133947599059776
0.00035466221451124870337
-0.00031455842847961724655
0.00028329223760739590847
-0.00025795707825890333337
0.0002367951637132778607
-0.00021868223295823932942
0.00020286651673679262677
-0.00018882683329870495984
0.00017619091944098145509
-0.00016468616068467663442
0.00015410866633301140444
-0.00014430319204393607785
0.00013514971938919327912
-0.0001265542544139290673
0.00011844237657421236667
-0.00011075462595015418418
0.00010344314678087413871
-0.000096469207005508859735
0.000089801339893520592311
-0.000083413934967430157156
0.000077286158611381234405
-0.000071401120336926144647
0.000065745224929855640743
-0.000060307667548441122132
0.000055080040784006751901
-0.000050056031363584871068
0.000045231190674267618576
-0.000040602768401004982412
0.000036169602896420926563
-0.000031932065979238759937
0.00002789206427417794075
-0.000024053104762126751473
0.00002042044021441692829
-0.000017001323068188922376
0.000013805419023446875082
-0.000010845475294486933718
8.1384304045814069443e-6
-5.7073692083752159168e-6
3.5853215359726945556e-6
-1.8239488583024649156e-6
5.207187938012987803e-7
0.0011268640484113113081
0.0025905022601130406696
0.0041251011028300193154
0.0054977871446205492266
0.0071016169909260532605
0.0083083521530439606178
0.010038202290209307783
0.010949519948724153579
0.012978988221174852878
0.013202421282008562901
0.016490953787525821718
0.0081784935915928921356
-0.0015670215684526942888
0.00090299410999865586748
-0.00064783705853600056022
0.00051271205652994875007
-0.00042840545716013911194
0.00037020523575678390558
-0.00032714946057288630644
0.00029364793546942433686
-0.00026655694727422556337
0.00024397555612496114471
-0.00022468812050565960105
0.00020788189816174095443
-0.00019299353813021043023
0.00017962073861100825299
-0.00016746895395500007655
0.00015631794614589162027
-0.00014600007018164486699
0.0001363857602677902241
-0.00012737357963032823937
0.00011888324537243732814
-0.00011085064180555359744
0.00010322419281507502099
-0.000095962181940451111505
0.000089030745586716730974
-0.000082402352549130781034
0.000076054640593618431418
-0.0000699695193562607701
0.000064132475109912972496
-0.000058532031241967609982
0.000053159331309379209523
-0.000048007821070735626341
0.000043073013162192594427
-0.000038352323978502515235
0.000033844977579091106074
-0.000029551976796559819233
0.00002547614810588833111
-0.000021622275655178023758
0.000017997353769719321098
-0.000014611011496320075693
0.000011476209102887024694
-8.6104038623563853542e-6
6.0376119004109310887e-6
-3.7924220756204253948e-6
1.9291821441493033082e-6
-5.5074217990400632463e-7
0.0011174663301033621914
0.0026239345020927841857
0.0040574748326295735045
0.0056101848858220707771
0.006931448158044253532
0.008554073116882319338
0.0096903391328805758595
0.011443193256128400805
0.01225869656602109292
0.014328338661895678443
0.014405093901000250812
0.017819372675837105686
0.0087636781955781543764
-0.0016672050642521794052
0.00095486809597541455576
-0.00068142142583646108713
0.00053676959855906317459
-0.00044663180813101122747
0.00038449360845343491094
-0.0003385956628269864482
0.00030294194059371704995
-0.00027416087741392922805
0.00025021396194051735866
-0.0002297977073610970801
0.00021204073400483201464
-0.00019633911819844270338
0.00018226164200053826042
-0.00016949263677929650608
0.00015779611127231187267
-0.00014699246468084619746
0.00013694292279430561917
-0.00012753886869606911172
0.00011869436431978252645
-0.00011034080480768580648
0.00010242303066078055266
-0.000094896456619144020509
0.000087724922881087218753
-0.000080879068424867074027
0.000074335087969756721391
-0.000068073775481736582947
0.000062079785398455013047
-0.000056341062484813261917
0.000050848405365260140939
-0.00004559513925739767004
0.000040576881616378259702
-0.000035791391340583596629
0.000031238498840638842464
-0.000026920121731918861055
0.000022840380774601614257
-0.000019005845762013199954
0.000015425966954232745826
-0.00001211379679541647146
9.0872096331682409043e-6
-6.3710694289443983167e-6
4.0014594814617539329e-6
-2.0353718836858732723e-6
5.8103406406718867681e-7
0.001125813946170347205
0.0025943116281481358357
0.0041171163131775106959
0.005511774591918085668
0.0070788816563807662624
0.0083443357011502622668
0.0099809942606349059719
0.011043469614211183877
0.012813955606093590856
0.01353136571062450202
0.015634864086652307931
0.015564821314476915745
0.019094588547137050574
0.0093227085811043293387
-0.0017623897576047305488
0.0010038465823679946826
-0.00071290481739284249878
0.00055913759006181690648
-0.00046341873814558703484
0.00039751057043799332661
-0.00034889144058627155899
0.00031117735063259774027
-0.00028077890354935776786
0.00025552604814072766507
-0.00023403128700035430745
0.00021536714822573522193
-0.00019889088469816119157
0.0001841435998864369716
-0.00017078939951554859079
0.00015857720385972504433
-0.00014731595845102591273
0.00013685806688556780078
-0.00012708803453190230596
0.00011791450939407975032
-0.000109264593805466237
0.00010107970843041000549
-0.000093312539132379578346
0.000085924753440181249415
-0.000078885273621375168102
0.000072168959193573018524
-0.000065755595828859570608
0.000059629117824037754754
-0.000053777012501086365488
0.000048189870221016860858
-0.000042861055267167083524
0.000037786482228092954811
-0.000032964490977434229859
0.00002839582225173803557
-0.00002408370697814310783
0.000020034098944510618436
-0.000016256108099654555947
0.000012762743849490638059
-9.5721864262258613631e-6
6.7100597673950088935e-6
-4.2138788346039235618e-6
2.1432493867086222811e-6
-6.1180262320813882409e-7
0.001118334668046748905
0.0026208008081317937411
0.004063980185956436885
0.0055989560971030483385
0.0069493209949332081159
0.0085265935243718511636
0.0097323082535024141441
0.011378089208925364308
0.01236370925265114633
0.014146404422682741247
0.014763718827116087787
0.016894675045888909878
0.016678134985260353809
0.02031279950050184382
0.0098539163688700285225
-0.0018522954936943898147
0.0010497910516429633311
-0.00074220438502143364172
0.00057976351360656018236
-0.00047873316848476157693
0.00040923673835638155524
-0.00035802765444180910379
0.00031835299915090486559
-0.0002864162364088695137
0.00025992222496395031105
-0.00023740356724511364127
0.00021787943553169721379
-0.00020067014676702946316
0.00018529046684513495444
-0.00017138525294579219018
0.00015868906476034979733
-0.00014699994738096987507
0.00013616191074599556252
-0.0001260529207466581259
0.00011657648369614474546
-0.00010765563297207045411
0.000099228557992167490125
-0.000091245379161421121618
0.000083665737651770367818
-0.000076456974997727422746
0.000069592747197816374589
-0.000063051964810748467524
0.000056817982687159782349
-0.000050877985680278644801
0.000045222533325655747223
-0.000039845239423152677042
0.000034742573514851761628
-0.000029913782143295744763
0.000025360940597959032261
-0.000021089163946457275313
0.000017107035863988843686
-0.000013427368989603992215
0.000010068525210835908847
-7.0567931006890632753e-6
4.4310555455436625207e-6
-2.2535098423003801453e-6
6.4324561589418461083e-7
0.0011250860327321604023
0.0025969276611774619279
0.004111727236753574642
0.0055209687044193089713
0.0070644847006208072626
0.0083659854592916717295
0.0099489031017711309005
0.011091259828987978666
0.012741175289196353719
0.01364711645297107566
0.015436569770819186735
0.015952069533791776766
0.018104019363186739228
0.0177417066944035993
0.021470372817208620487
0.010355716217700277591
-0.0019366569026400605213
0.0010925701596076355645
-0.00076924109573501313979
0.00059859663028632676384
-0.00049254237921612014787
0.00041965202789728296955
-0.00036599364467312690977
0.00032446555456911308421
-0.00029107541030817251029
0.00026340982073978341734
-0.00023992585422571727256
0.00021959223976274238605
-0.00020169437239736549939
0.00018572211568197648319
-0.00017130212772864790993
0.00015815539271118911855
-0.00014606965488882367497
0.00013488099765972710313
-0.00012446121861180784869
0.00011470898349864557049
-0.00010554350669712936079
0.000096899959320041291933
-0.000088726083259761506082
0.000080979663241415114531
-0.000073626620648504578844
0.000066639566319999374499
-0.000059996698931947664675
0.000053680969692049867671
-0.00004767945842026113892
0.00004198292433931434292
-0.000036585509724742604764
0.000031484588245939811135
-0.00002668076488954427633
0.000022178054501169467747
-0.000017984298034650586063
0.000014111934224723289582
-0.000010579365339951823804
7.4134384437828036969e-6
-4.6543368359266072469e-6
2.3668332955120493028e-6
-6.755563512639044125e-7
0.0011189521454057933874
0.0026185891556598172975
0.0040685079035257235886
0.0055913037097132707121
0.0069611486900143279291
0.0085091146350863935625
0.0097576272966251717867
0.011341518072121637549
0.012417152116497403658
0.014066180146572063157
0.014889857484989312433
0.016680607513712564806
0.017092864358450841424
0.019259293852927004955
0.018752357967863479651
0.022563856072018897283
0.010826610554053799149
-0.0020152244725074733669
0.0011320606682060463368
-0.00079394073566064825011
0.00061558909105136114706
-0.00050481522432244921129
0.00042873695745328901823
-0.00037277860535472082332
0.00032951094705880641666
-0.00029475774683843789513
0.00026599456842315096412
-0.00024160754988645953742
0.00022051805242987411028
-0.00020197867981149225989
0.00018545591498631541621
-0.00017055933282407219274
0.00015699717949870250482
-0.00014454754073921756806
0.00013303907630776980467
-0.00012233781758603213855
0.00011233791850361750643
-0.00010295504991557009503
0.00009412160208153376064
-0.000085783149823249161956
0.00007789581683593803873
-0.000070424292598083622676
0.000063340332354563875676
-0.000056621622661009495573
0.000050250931163207316269
-0.000044215485541419641423
0.000038506546928292035586
-0.000033119160789123259441
0.000028052086381497859254
-0.000023307928703769174617
0.000018893531675819130094
-0.000014820753709523449335
0.000011107874435862699528
-7.782178686110245929e-6
4.8850758636754004847e-6
-2.483901852219729628e-6
7.0892857657273494344e-7
0.0011245567595003957134
0.0025988181124969940207
0.0041078768764276883027
0.0055274265067932835857
0.0070546083077144305191
0.0083803780996465585749
0.0099284303717917985694
0.011120140778395756907
0.012700258021505386787
0.01370603597869529774
0.015349149128879962269
0.016088219407205407967
0.017874810454029194404
0.01818269305908015886
0.020357055459729286821
0.019707069218903542552
0.023589987617827493573
0.011265194040345289449
-0.0020877654813507544339
0.0011681481753893113413
-0.00081623464847737546433
0.00063069672935544152348
-0.00051552298566923032945
0.00043647355822106493868
-0.00037837254132386407666
0.00033348536218363317235
-0.00029746437536679479093
0.00026768164406176613008
-0.00024245720063806554218
0.00022066826490665003509
-0.00020153688763356842408
0.0001845077727341497306
-0.00016917458890438564483
0.0001552337304090029088
-0.00014245430655889066119
0.00013065809013442547644
-0.00011970577806643137338
0.00010948736828164015103
-0.000099915289365992383335
0.000090919413782236292702
-0.000082443387296318673982
0.000074441896777778497059
-0.000066878620532070327369
0.000059724685855714657157
-0.000052957513181165940517
0.000046559964685999961851
-0.000040519743937433314622
0.000034829016655696959692
-0.0000294842451194329407
0.000024486255043081810865
-0.000019840592005945361745
0.000015558291230430180454
-0.000011657319307696675907
8.1652591152327260263e-6
-5.1246616455793186377e-6
2.6054147098656654978e-6
-7.4356073843260628414e-7
0.0011194100116888956773
0.0026169575542064648883
0.004071816901125621653
0.0055857890807836170752
0.006969509534916269824
0.0084970688139505740948
0.0097745123598555102898
0.011318140312297907503
0.012449485978605933476
0.014021055427191338282
0.014954067890696083558
0.016586254843476624673
0.017238621798221879957
0.019015619342203941358
0.019218298552326944142
0.021394031818245889569
0.020602988521586340634
0.024545706444407501634
0.011670157768410375946
-0.0021540648199619128868
0.0012007277051133611206
-0.00083606029682802761781
0.00064387964338133709274
-0.00052463998891792589395
0.0004428460244752369638
-0.00038276694891165096381
0.00033638594657505558326
-0.00029919695783023452977
0.00026847640515996365898
-0.00024248324428897715241
0.00022005391958056169911
-0.00020038226660109561841
0.00018289288558452927707
-0.00016716477293084459691
0.00015288340243841953152
-0.00013980962669334214417
0.00012775890053919586088
-0.00011658704732727521012
0.00010618029217238496819
-0.000096448149600163354882
0.000087318265158225762204
-0.000078732623635412309621
0.000070644733183642645552
-0.000063017521434325171168
0.000055821763727164810515
-0.00004903492112257541672
0.000042640307221430818965
-0.000036626534987070800858
0.000030987223395998749416
-0.000025720974849928776184
0.000020831676865256925636
-0.000016329253296186553629
0.00001223113302584021101
-8.5650329546275199404e-6
5.3745469711604320359e-6
-2.732102121100970929e-6
7.7965993239398427317e-7
0.001124157395458688322
0.0026002384521403655455
0.0041050066618412896345
0.0055321844181938363172
0.0070474469286169106711
0.0083905987359755576577
0.0099142750456740715122
0.011139444119543626317
0.012674065524532448011
0.013741710406849385409
0.015299962230507027838
0.016157523787616793662
0.017773807485549591055
0.018337627712634065257
0.020099633546943002212
0.020196586430660468919
0.022367131228891238384
0.021437439953694143103
0.025428161401282896357
0.012040293165421937817
-0.0022139257235323449127
0.0012297041950223844491
-0.0008533617000508557692
0.0006551026337415960186
-0.00053214405692551192741
0.00044784118669246569757
-0.00038595530814869824644
0.00033821131666705429678
-0.00029995821077157384739
0.00026838492270894000028
-0.00024169454898256482647
0.00021868625298192522371
-0.00019852808462114618905
0.00018062628409400480733
-0.00016454646228434189381
0.00014996414665950876599
-0.0001366326887348082386
0.00012436182617004538299
-0.00011300299896100982627
0.0001024390711848750558
-0.000092577000800128370976
0.000083342528827028225051
-0.000074676282624466398462
0.000066530891334652944703
-0.000058868843033594204736
0.000051660900790368029832
-0.00004488495576782460251
0.000038525240748211722342
-0.000032571865176211201135
0.000027020670649736673122
-0.00002187345405166276688
0.00001713868329245992791
-0.000012832982101923330539
8.9840066069901724705e-6
-5.6362759634181986782e-6
2.8647391207720952842e-6
-8.1744577613353272618e-7
0.0011197609359089872638
0.0026157115750104017406
0.0040743270908905933723
0.0055816467574890487129
0.006975706272763166039
0.0084882947453646308791
0.0097865431835259712187
0.011301937786715365723
0.012471131873730698143
0.013992141035788292035
0.014992965875343627473
0.016533158750533375045
0.017312811429889446071
0.018908265308269235718
0.019381954033264345997
0.021123621284871311247
0.021114634036335144925
0.023273452040176367936
0.022207931461707218271
0.026234719769358383376
0.012374495600504919748
-0.002267170422821056278
0.0012549929047944201012
-0.00086808978131654090415
0.00066433553789489252161
-0.00053801684826810891685
0.00045144886002549366301
-0.00038793344250060378558
0.00033896192901165108868
-0.00029975228471466124728
0.00026741436783714857023
-0.00024010080538048010233
0.00021657709197392804692
-0.00019598800576419539487
0.00017772323371150872019
-0.00016133633742652605254
0.00014649391275518404911
-0.00013294260076991011146
0.0001204870544824654389
-0.00010897485127505601272
0.000098285936926760421344
-0.000088325103443555573488
0.000079016546890080199104
-0.000070299884324866770779
0.000062127218650462805559
-0.000054460976351047867326
0.000047272334838287778518
-0.000040540121487865492643
0.000034250117732692533335
-0.000028394749097289555194
0.000022973198003462479454
-0.000017992061447227875747
0.000013466837140748054495
-9.424886861613654347e-6
5.9115126592658178916e-6
-3.0041596991999329468e-6
8.5715439884682435361e-7
0.0011238469600363065766
0.002601339091890924147
0.0041027950787295618013
0.0055358198831659017428
0.0070420367605861540826
0.0083982077476493918975
0.0099039293546357732472
0.011153232545160304322
0.012655879867689219944
0.013765621009128371555
0.01526842225746046434
0.016199522765239689649
0.017716963537050531689
0.018416481797390968527
0.019986244925633744995
0.02036848128443183434
0.022084529349623998697
0.021969699058011976584
0.02411029142442624458
0.022912162209815531827
0.02696297516351148936
0.012671767681231852164
-0.0023136407210086738451
0.001276519759522082476
-0.00088020264519612886994
0.00067155348772652378998
-0.0005422441116646247771
0.00045366210226586648355
-0.00038869978280474643362
0.00033864035068020716144
-0.00029858504063835723126
0.00026557329362492364001
-0.00023771281304752982798
0.00021373914408345701166
-0.00019277638419011914859
0.00017419953232600696111
-0.00015755148357423513997
0.00014249095591904733608
-0.00012875870534388220378
0.00011615496553691093162
-0.00010452400488675040979
0.000093743328524892869589
-0.000083715992167039419694
0.00007436505220620492217
-0.000065629518203886042975
0.000057461389803897983908
-0.000049823501286021644702
0.000042687993836713072101
-0.000036035307600252163668
0.000029853647346920839121
-0.000024138942255305935081
0.000018895415198454311484
-0.000014137050150152507837
9.8906321651050358468e-6
-6.2020718678555696411e-6
3.1512720415639373053e-6
-8.9904272068293886678e-7
0.0011200372408417648526
0.0026147331609368682949
0.0040762886303004554515
0.0055784330699373525602
0.006980467331367553993
0.008481637111293147806
0.0097955305269739153772
0.011290064969261136929
0.012486623355551918109
0.013972038219614409048
0.015019060619774941086
0.016499093653940033461
0.017357782734199260092
0.018847843494919395577
0.019465239750504653034
0.021004531282073054885
0.021294262922572631726
0.022979492300111598334
0.022759227617333903188
0.02487515353121379015
0.02354802938141794395
0.02761075474766223463
0.01293122223012945618
-0.0023531984998033006841
0.0012942216372885775987
-0.00088966579930823466499
0.0006767371076252058998
-0.00054481587661310745965
0.00045447740396906271075
-0.00038825555990708453917
0.00033725145561966665855
-0.00029646425041217835794
0.000262871839635580168
-0.00023454268904273911966
0.00021018621025646180914
-0.00018890848145764419657
0.00017007173293692250318
-0.00015320962009456444346
0.00013797407506234388732
-0.00012410082950470416091
0.00011138639813174486376
-0.000099672330821905221366
0.000088834210755594645289
-0.000078773834998186499766
0.000069413584002564100779
-0.000060692336429469403995
0.00005256250787002103289
-0.000044987939229898034809
0.000037942464731818166088
-0.000031409072740640187086
0.000025379654660451084112
-0.00001985544484359678445
0.000014848441823803495643
-0.000010384510100698890724
6.5099535742618944888e-6
-3.3070754514279326772e-6
9.4339319456105356543e-7
0.0011235996454273942476
0.0026022139004520852998
0.0041010447061174944242
0.0055386792931720950994
0.0070378170293949099401
0.0084040791313033010376
0.009896052202009832412
0.011163560534150763302
0.012642526556705102225
0.013782759204849814233
0.01524647048838881495
0.016227717886289039356
0.017680478361380917042
0.018464290375546274339
0.019922423934100827359
0.020455954066546201996
0.02196008719084926562
0.022156534098439683523
0.023805841076977158418
0.023480861815354994383
0.025565757001644831295
0.024113634406346327176
0.028176125744193209088
0.01315208493229435811
-0.0023857261568015204222
0.0013080466068691472486
-0.00089645232907167002085
0.00067987266463266631698
-0.00054572659390368706459
0.00045389482608830740554
-0.00038660494267780080567
0.00033480256467991410359
-0.00029339973970541124953
0.00025932187828121682156
-0.00023060401830409411181
0.00020593334001063388673
-0.00018440062754808318369
0.00016535731217280228352
-0.00014832927885321465282
0.00013296280427524600935
-0.00011898949392328246685
0.00010620288282161828347
-0.000094442435969936072757
0.000083582383646691249119
-0.000073523803271773075109
0.00006418894067225033521
-0.000055517121540465320347
0.000047461833152660208978
-0.000039988711785457664343
0.000033074287603013095999
-0.000026705443543634191292
0.00002087967005259551423
-0.000015606402518715022165
0.000010910163445821846518
-6.8373822702141885428e-6
3.4726796257387705458e-6
-9.9051919544162512026e-7
0.0011202597619582425214
0.0026139468013207374358
0.0040778593087129678051
0.0055758737211256411199
0.0069842314247492705617
0.0084764223469159510215
0.0098024893707230166178
0.011281000193405836487
0.012498252026880750312
0.013957252793855860587
0.015037787271846347174
0.016475363688718931242
0.017387990931863258549
0.018809048115083689554
0.019515744081820739667
0.02093749835148392973
0.021385666896266536147
0.022850062377372971667
0.022952719875252259165
0.024561111021155008232
0.024132446711580545862
0.026180041826371131728
0.024607288590818596485
0.028657401220604364889
0.013333696646204789607
-0.0024111269751745227275
0.0013179541194494523945
-0.00090054303163146649604
0.00068095217852874806516
-0.00054497523535469670448
0.00045191809568027032079
-0.00038375513295803211075
0.00033130354166584795037
-0.00028940348637802354129
0.00025493711658260800062
-0.00022591195988006681098
0.00020099694352686114779
-0.00017927034068895389497
0.00016007480041919222383
-0.00014292994818102440642
0.00012747757547050056085
-0.00011344610082130717964
0.00010062686415612174818
-0.000088857932014186291224
0.000078012815210053758608
-0.000067992492081235780271
0.000058719721895614635687
-0.000050134999413945680979
0.000042193740088567586238
-0.000034864453872333897439
0.000028127804803492062145
-0.000021976603977100670101
0.000016417011345966566102
-0.000011471687581932984734
7.1868528108131083044e-6
-3.6493270470699463062e-6
1.0407712683966216987e-6
0.0011233984597796818525
0.0026029242661001007663
0.0040996279830570711895
0.0055409826150424965676
0.0070344395993879753766
0.0084087404711815592066
0.0098898609270011923378
0.011171579913208191566
0.012632308428846875939
0.013795646875881693653
0.015230303023118873889
0.016247972646878857495
0.01765504374126835406
0.018496420622514224657
0.019881433140613672956
0.020509006236663670168
0.021890037826800180678
0.022251602653103362534
0.023671801981636307974
0.023680442883194958807
0.025243049271419937281
0.024712036711182752682
0.026716175530634776697
0.025027518130274402526
0.029053145137720341347
0.013475515370824643661
-0.0024293254262026350596
0.0013239151569468034811
-0.0009019265130965476874
0.00067997349726972187645
-0.000542565359258309144
0.00044855466706237527743
-0.00037971642556727350855
0.00032676685418308712301
-0.00028448968368725358518
0.0002497331631887459003
-0.00022048331942028120137
0.00019539487171308654724
-0.00017353641778253927693
0.00015424388638242712299
-0.00013703219669382276411
0.0001215398684314505997
-0.00010749311977013673288
0.000094681935305406752337
-0.000082943736986888026148
0.000072152035278094474761
-0.000062208442450873983321
0.00005303703145042078581
-0.000044580400535367793967
0.000036797056576606655289
-0.000029659922694098253604
0.000023155963384224224695
-0.000017287178830352813738
0.000012073722640482500674
-7.5611847281701924926e-6
3.8384194110842790592e-6
-1.0945444877489662593e-6
0.0011204424855802538094
0.0026133021046566157575
0.0040791433232213867766
0.0055737902978169072833
0.0069872783351603380538
0.0084722312501321505635
0.0098080331738836840604
0.01127385502788290113
0.012507302582397064423
0.013945917283875133135
0.015051890721754906512
0.016457866013326286648
0.01740971121830054425
0.018781985304002210875
0.019549701552766175779
0.020894431808662167427
0.021441112792422084678
0.022777199955079496328
0.023051176331638695626
0.024422854484196388225
0.024337530389624295761
0.025849621519982610941
0.025217901338640713914
0.027172558670560993049
0.025373068488020599408
0.029362176645482129518
0.013577117863124660785
-0.0024402674048773854042
0.0013259123386746272342
-0.00090059925194570632201
0.00067694034155608674966
-0.00053850514608994444141
0.00044381575364364568554
-0.0003745022391794303498
0.00032120760562130720109
-0.00027867477517718699528
0.00024372756807983055397
-0.00021433659599717019018
0.00018914647312866632823
-0.00016721900541540342843
0.00014788550756827963303
-0.00013065779056571158787
0.00011517236489857003464
-0.00010115429237858256839
0.000088393112487498159115
-0.000076726446308181516414
0.000066028641460234437032
-0.000056202837886995167792
0.000047175447321224277923
-0.000038892431275053271259
0.000031317040870079992763
-0.000024428925648649723632
0.000018224820065491223546
-0.000012721564634311938484
7.9635874049588064914e-6
-4.0415492240200324265e-6
1.1522872379374148523e-6
0.0011232317916135271549
0.0026035119230052882229
0.0040984589866442998217
0.0055428760584313621397
0.0070316770412702920755
0.008412529134304394921
0.0098848676997954700301
0.011177987320803587884
0.012624234447215875532
0.013805697576055670582
0.015217887515625824974
0.016263247156178736545
0.017636269504844501362
0.018519541533065603834
0.019852821571553069549
0.020544692340056039489
0.021845019928823862388
0.022309282255718370384
0.023596337260434053157
0.023782001243702416125
0.025100979026405007146
0.024922020764802182481
0.026379018107034559712
0.02564853037862003645
0.027547829626176993074
0.025642908125157614437
0.029583573614259869246
0.01363820090119047162
-0.0024439203986405982409
0.001323939987538185191
-0.00089656563059145288595
0.00067186232118135853167
-0.00053280740770428841792
0.00043771633416261723198
-0.0003681291222806083709
0.00031464354297170499699
-0.00027197746647940141819
0.00023693984081966963561
-0.00020749200994695306868
0.00018227263557194990107
-0.00016033966080893230549
0.0001410219382518091739
-0.00012382981902239437261
0.0001083991260945234472
-0.000094454882060388033669
0.000081787185451805561322
-0.00007023482469493885121
0.000059673991793624256609
-0.000050010486321816886021
0.000041174429302055523267
-0.000033116925727814134969
0.0000258084468115597404
-0.00001923906734211392533
0.000013421301025458224361
-8.3977391641798441295e-6
4.2605380044846796987e-6
-1.2145118073177851346e-6
0.0011205951288293629047
0.0026127642202926302516
0.0040802121496822853557
0.0055720618440077396216
0.0069897948612955982014
0.0084687891713731215533
0.0098125548979408361312
0.011268075212550140255
0.012514552295307123078
0.013936941196967717457
0.015062909225220103111
0.016444409188033518245
0.017426110572186671825
0.01876199000837790027
0.019574155849542117087
0.020864353848057432937
0.021478425288107049716
0.022730359598513067656
0.023110924084477897823
0.024345005049057188643
0.024441896156941023549
0.0257041520997822496
0.025432169324237365951
0.026829659436891225437
0.026002638367385965915
0.027840868678140609111
0.025836231569664000025
0.029716675391660561035
0.013658582189146006016
-0.0024402735892796177952
0.0013180041565853215442
-0.00088983793649132178936
0.00066475492502361329838
-0.00052548957230250921701
0.00043027513602154640942
-0.00036061673731854527143
0.00030709504406881594771
-0.00026441871821331300847
0.0002293914523428540687
-0.00019997151782248875785
0.0001747958200005485818
-0.00015292141265687775502
0.0001336768881979399575
-0.00011657284616924159277
0.00010124581896963692821
-0.000087422004847733973342
0.000074893196126896618096
-0.000063500495877621296662
0.00005312320015193824589
-0.000043671267161921215059
0.000035080451803424059985
-0.000027309659652347035822
0.000020340534081179883709
-0.000014179977839744548731
8.8678842283309574546e-6
-4.4974829332405563409e-6
1.2818072959685501413e-6
0.00112309144793264924
0.0026040061993549050156
0.0040974777730747961572
0.0055444605651425368485
0.0070293744627188920105
0.0084156710649092147771
0.0098807522754720743262
0.011183229516086163517
0.01261768598178087821
0.013813766709296471904
0.01520803724604193858
0.01627519999773397871
0.017621811273216696787
0.01853701803611413523
0.019831662556762451418
0.020570410497148746008
0.021813560768916530604
0.022348115445118628998
0.023547807546767704961
0.023843646490024205999
0.025020968667489240915
0.025028891819491999331
0.026230573582539520731
0.025866453530426098988
0.027200200700113867631
0.02627916842046792879
0.028050801356840774455
0.025952461814842758049
0.029761084776932610272
0.01363820090119047162
-0.0024293378880105476768
0.0013081226164916728843
-0.00088043633376741386109
0.00065563948596867977023
-0.00051657364677564735153
0.00042151459766152184706
-0.00035198782539516764866
0.00029858508714145950897
-0.00025602172361330126478
0.00022110582497220851456
-0.00019179882071626409003
0.00016674009534451569289
-0.0001449888338130125044
0.00012587562914305484359
-0.00010891311368819260879
0.000093740027007047726247
-0.000080085094278825244552
0.000067743125034425579084
-0.000056558951756814207865
0.000046416624584631155594
-0.000037232350051209838839
0.00002895037741637959649
-0.000021541645893513990408
0.000015005807736632933178
-9.3789527336835086135e-6
4.7548143541014723246e-6
-1.3548554881957000451e-6
0.00112072464888739404
0.0026123082865834097277
0.0040811164465056575066
0.0055706034308023070113
0.0069919105753112868616
0.0084659084373694242411
0.0098163183088741801984
0.011263296376663272311
0.012520500048137837046
0.013929643538977091328
0.015071773779886765292
0.016433713629493965788
0.017438963278668810594
0.018746571454587241246
0.01959266037284148701
0.020842090225966266769
0.021505335600539318665
0.022697607086105982327
0.023151169063692085564
0.024294922926841045825
0.024505263632930008943
0.025622210137640891324
0.025541236854637605159
0.02667867210376814657
0.026223577538765933528
0.027489535887739231763
0.02647729538469323482
0.028177001054326649562
0.025991252039617384797
0.029716669207258328644
0.013577117863124660785
-0.0024111459038328421966
0.0012943248043889798056
-0.00086838880597227682862
0.00064454312161819844617
-0.00050608615751890661294
0.000411460811385543736
-0.00034226815335251259017
0.00028913920518205626561
-0.00024681187438891742949
0.00021210831568551361985
-0.00018299937326161224557
0.00015813118497388126589
-0.00013656814179355219746
0.0001176451728557645031
-0.00010087883014050237682
0.00008591169959209321685
-0.000072476582785036974449
0.000060372913061996900723
-0.000049451082494682090058
0.000039602175860576130821
-0.000030751738411376045987
0.00002285706021644003137
-0.000015908431648912210433
9.9367106892295365401e-6
-5.0353672972260622826e-6
1.4344505450776455008e-6
0.0011229714806130804211
0.0026044283179483054162
0.0040966412186387865056
0.0055458081435275125722
0.0070274225742071308989
0.0084183235483365502928
0.0098772952724383584448
0.011187606888811612385
0.012612255895994429118
0.013820403669639675375
0.015200010863797873713
0.016284835147907689796
0.017610300128143196779
0.018550735226903251925
0.019815325857510193778
0.020589892566969104582
0.021790253304801421062
0.022376144194308151776
0.023513851954603291169
0.023885191459130789087
0.024969474520430120698
0.025093802199274958428
0.026146934143946165945
0.025977403010405629097
0.027047109717976852722
0.026502476074586912044
0.027696801085507630713
0.026596428305111221364
0.028219090891388559719
0.025952486645434139759
0.029583561152451956629
0.013475515370824643661
-0.0023857518453107621342
0.0012766517343143136937
-0.00085373107037586433645
0.00063149865128095164633
-0.00049405807041009778373
0.00040014344764891682735
-0.00033148644481555608173
0.00027878542758721636486
-0.00023681671869258237939
0.00020242619873688501349
-0.00017360040287361591135
0.00014899653969443401991
-0.00012768735011204530719
0.00010901453630692677665
-0.000092500601771874160148
0.000077793825208402507364
-0.000064632933387814614877
0.000052824032180027473417
-0.000042225577256932146631
0.000032739040539215310884
-0.000024304204011197291462
0.000016899251125498505285
-0.000010547949146454876397
5.3424712592889289791e-6
-1.5215236543503975972e-6
0.0011208361648569348332
0.0026119160644064596416
0.0040818931810998032048
0.0055693535537499280576
0.006993718384030811519
0.0084634561156978751876
0.0098195075449407681291
0.011259268399260552937
0.012525481755370493737
0.013923575700504041842
0.015079082699451385094
0.016424979675267020052
0.017449343575946254994
0.018734275094222844969
0.019607205873583935297
0.020824878536221862361
0.021525743532637097737
0.022673318028871603305
0.023180240736401559668
0.024259856671532829529
0.024547994257482978349
0.025569447322343771139
0.02560750734367630436
0.026593573350966739761
0.026336089750743731263
0.027334785874607319432
0.026702317630569051249
0.027821377037735639945
0.026636212199763263966
0.028176944834012409736
0.025836281606799869175
0.029362157716823810049
0.013333696646204789607
-0.0023532313560156486687
0.0012551558694403158752
-0.00083650646390742740008
0.00061654448942929363539
-0.00048052469031113259761
0.00038759566156849272674
-0.00031967429668239276809
0.00026755421184106215161
-0.00022606591608337454818
0.00019208865591931737795
-0.00016363095287503087709
0.00013936545929305020369
-0.00011837650553314697033
0.00010001514950065255567
-0.000083812092765764425879
0.000069423468578311011561
-0.000056596248017617447151
0.0000451459790212435734
-0.000034942835195176503974
0.000025903970627507523447
-0.00001799185495764604703
0.000011220725197648508023
-5.6800639613477405695e-6
1.6171741670889334436e-6
0.00112286745532077308
0.0026047940577336509247
0.0040959174161808305016
0.0055469717027221732263
0.0070257417978954931073
0.0084205998416681790033
0.0098743407932878943825
0.011191329657785205944
0.012607664207244518988
0.013825978867937435952
0.01519331954288746505
0.016292798242513533936
0.017600880194428081828
0.018561834778561967428
0.019802275173709993118
0.020605229552578936898
0.021772210602030880765
0.022397425276415332889
0.023488644815673966545
0.023915229018671073351
0.024933391828557922681
0.025137602022453070442
0.026093048478563006472
0.026044847986307499399
0.026960793032114990463
0.026616228176969373218
0.027540840668927122375
0.026822506976292635835
0.027862890972195699096
0.026596529137748276923
0.02805068805532099159
0.025642984134780140073
0.029053119449211099635
0.01315208493229435811
-0.0023136812839342967278
0.0012299009561173771527
-0.00081676580063499179829
0.00059972451548888125134
-0.00046552554015640652641
0.00037385398225089537557
-0.00030686608274166732176
0.00025547836885435318603
-0.0002145911963607703136
0.00018112678666238433806
-0.00015312197022460828864
0.0001292692968967449148
-0.00010866806704181522098
0.00009068149624028192765
-0.000074851061246040901394
0.000060843411237455737579
-0.000048416852265572220817
0.000037400380417473479872
-0.000027681634018131854969
0.000019202572995899973402
-0.000011964672206878111049
6.0528369073043954239e-6
-1.7227093020627926866e-6
0.0011209335429307704013
0.0026115738128108176279
0.0040825700803363544186
0.0055682663762686939636
0.0069952869535529745895
0.0084613349565643713019
0.0098222556950838091071
0.011255813018128859227
0.012529733030727243158
0.013918428640319994195
0.015085239913476978696
0.016417679519615253675
0.017457942807153744652
0.018724190997206845177
0.0196189985269844624
0.020811104766222460403
0.021541834709975853434
0.02265448891019528306
0.023202341461758408005
0.024233795950938440078
0.024578919468072916994
0.025532443843921348525
0.025652258250002450551
0.02653871255363145534
0.026404521452773999045
0.027247494992061465679
0.026816984270629654911
0.027664657362288027779
0.026862686974322949321
0.0278212176789940507
0.02647749861862411567
0.027840696540957521986
0.025373171655121001615
0.028657368364392016904
0.01293122223012945618
-0.0022672193851985303015
0.0012009618195918955465
-0.00079456720036991451571
0.00058108791948684870405
-0.00044910421942101943521
0.00035895818553496657173
-0.0002930988466724997034
0.00024259298723540401062
-0.00020242633271073689969
0.00016957365695704866116
-0.00014210647075424918942
0.00011874180157205864335
-0.000098597518524312887037
0.000081052139907143214822
-0.000065661023872917888844
0.000052104822770344814006
-0.000040157599572373288549
0.000029668064009224092094
-0.000020551203769357487408
0.000012791403610160861572
-6.4664235774785996596e-6
1.8396952835666022327e-6
0.0011227759788460143937
0.0026051154653178257579
0.0040952821057784718827
0.005547991234002890037
0.007024272445526930593
0.008422584096522320206
0.0098717742919995661263
0.011194550298041298201
0.012603710803059313487
0.013830752707253383089
0.015187625922633021374
0.016299525793381886287
0.017592985909360194796
0.018571052110002453755
0.019791548729907096465
0.020617689106875662312
0.021757745112994348708
0.022414233115153667967
0.023469074242164634096
0.023938095374924828298
0.024906542684584074637
0.025169335830137697367
0.026055220844449031509
0.026090430720505259208
0.026905106105457109041
0.026685457448024363681
0.027452820766887678801
0.026937761451700736079
0.027705864161096758465
0.026822739700115076757
0.027696479837913946346
0.026279477253922763531
0.027547595937605708083
0.025027650105066633744
0.028176085181267586205
0.012671767681231852164
-0.0022139839625016498632
0.0011684241210283438077
-0.00076997588760549268812
0.00056068902267860231416
-0.00043130824151640039923
0.0003429511509687208416
-0.00027841218789368795044
0.00022893536481769014993
-0.00018960714589422293632
0.00015746441794609462266
-0.00013061983611346461068
0.00010781969196172460514
-0.000088204372230158620494
0.000071171400227914717391
-0.000056294004891513056006
0.000043271764071382620044
-0.00003190136520937599746
0.00002206198300209333006
-0.000013715044818945488208
6.9276454684655482469e-6
-1.9700239109751217485e-6
0.0011210197817264846305
0.0026112708970585896282
0.0040831685212513504952
0.0055673067530296087272
0.0069966685582360300306
0.0084594715731680023932
0.0098246621517407977118
0.011252798694485508595
0.01253342537772636879
0.013913980822577961653
0.015090530086508711951
0.016411448159536832139
0.017465229172505845947
0.018715717046533525448
0.019628816190849976846
0.020799757538844110755
0.021554935171180837877
0.022639362931965634911
0.023219828482338286453
0.024213528931613785746
0.024602497288254655448
0.025504871699890230381
0.02568472122654740364
0.026500157870352911615
0.026450816200435651166
0.027191131547029767424
0.026886821358412172999
0.027576154087095604487
0.026978202449280360943
0.027664335244881547026
0.026702786866223827906
0.027489047589917396238
0.026003057754514686692
0.027172259645905257124
0.024607451555464492259
0.027610705785284760606
0.012374495600504919748
-0.0021541334385145077414
0.0011323840751135336205
-0.00074306395948578903696
0.00053858707177245337348
-0.0004121888494707560657
0.00032587870447571104763
-0.000262848146060577041
0.00021454496126686268211
-0.00017617156734759077403
0.00014483654600337225634
-0.00011870033469819587408
0.000096543621728363181096
-0.000077533841327146682796
0.000061092166218288972512
-0.000046815233643856361579
0.000034429122613612046085
-0.000023764891321053640055
0.000014752943020022940758
-7.4448376510120453121e-6
2.1160002163441910407e-6
0.0011226943819014649876
0.0026054019982386176
0.0040947163098740345118
0.0055488978595610049004
0.0070229683774787014157
0.0084243408284283145896
0.0098695088037959229581
0.011197383274738482367
0.012600247360635272525
0.013834915460341884438
0.015182687377114824332
0.016305326282395416241
0.017586225234189902958
0.018578886270874005733
0.019782509020364523443
0.020628089906573526957
0.021745798108907726669
0.022427949009505703843
0.023453318535781761718
0.023956224504673830251
0.024885623889744647736
0.025193571215804195562
0.026026990922543254254
0.026123543580494711413
0.026865921377030725402
0.026732344488667362098
0.027395930275231886396
0.02700801687967200324
0.027617122589063585879
0.026938190485713888943
0.027540191034398019816
0.026503189554956821624
0.027199537349335091141
0.025649067230847120202
0.02671580616030976813
0.024113831167441319879
0.02696291692454218441
0.012040293165421937817
-0.0020878458644621444648
0.0010929481269964357961
-0.00071391012078364008549
0.00051484600474008626254
-0.0003918008092029451672
0.00030778944957459342069
-0.00024645109439328230187
0.00019946339556899060915
-0.00016215980916002810921
0.0001317302942407107513
-0.00010639002907338668775
0.000084959825844592723054
-0.00006663969592981132097
0.000050880775745216859845
-0.000037311533240132585969
0.000025697447974158755638
-0.000015926627930673321425
8.0282852190241497511e-6
-2.2804593333568671487e-6
0.0011210972761929374706
0.0026109988394804906662
0.0040837054869394558811
0.0055664468991226225928
0.0069979042623509378741
0.0084578087650169610711
0.0098268036728790032656
0.011250124920238147816
0.012536688272063062574
0.013910067236077166961
0.01509516211412556891
0.016406022104308359688
0.017471534627429143942
0.018708434683642983849
0.019637188004556414399
0.020790165059035967491
0.021565902842949372536
0.022626836230290742253
0.023234135244648366924
0.024197173378171150845
0.024621232300470643636
0.025483344989157046472
0.025709561057820492829
0.026471334637519560817
0.026484500406825049936
0.02715141300825038294
0.02693418180666875987
0.027518885046669920392
0.027048687973132048372
0.02757559876021117777
0.026817849779674265986
0.027333797690560938285
0.026224547267934342249
0.026828809853506642114
0.025218564816877575268
0.026179595659291731946
0.023548263495896478376
0.026234651150805788521
0.011670157768410375946
-0.0020153183637169227353
0.0010502325865212576641
-0.00068259938284533438711
0.00048953418541311290281
-0.00037020217999528268054
0.00028873459293442879637
-0.00022926766029084040185
0.00018373453065091617092
-0.00014761472610124212144
0.00011818951685312784752
-0.000093736366909688463647
0.00007312298988874990143
-0.000055589302229799577274
0.000040625860460508261107
-0.00002790721461562200235
0.000017263132784994660059
-8.6908168470751930711e-6
2.4669244364357775848e-6
0.0011226204968637640612
0.0026056613226495240298
0.0040942046955561956317
0.0055497166070527623468
0.007021792714684474761
0.008425921220490344337
0.009867475941750205553
0.011199917690345137229
0.012597159740578494264
0.013838611684434399201
0.015178322165284433044
0.016310427218499784309
0.017580313904337474693
0.01858569247635294402
0.019774711358272127372
0.020636990538622776685
0.021735664495403916972
0.022439468666908342606
0.023440230826186744275
0.023971098962562235483
0.02486869697907627087
0.025212877272329278852
0.026004898766817803022
0.026148936134179713311
0.026836567881313964858
0.026766522968915137591
0.027355772613882889993
0.027055733537474293205
0.027559621578930077574
0.02700872015831917711
0.02745170010161611636
0.026617545379465654149
0.02704576583373344329
0.025867696306367651281
0.02637796744592814269
0.024712838633108262805
0.025565225849487214961
0.022912438155454564293
0.025428081018171506326
0.011265194040345289449
-0.0019367665097198952747
0.0010043632164970126293
-0.0006492227219892297764
0.00046272410312849981755
-0.00034745406287288565071
0.00026876777598037630447
-0.00021134670753296253994
0.00016740472239479842066
-0.00013258252604632546323
0.00010426316699246213254
-0.000080795022047538378216
0.000061101412074215942562
-0.000044472912337652433956
0.000030455359374711487144
-0.000018796842517071989553
9.4486248623956745649e-6
-2.6798233750642585805e-6
0.0011211680075487587199
0.0026107506392116094249
0.0040841949580469409126
0.0055656640448541053188
0.0069990275209409153856
0.0084563002654302979668
0.0098287418180684410611
0.011247711874091988214
0.012539623409077563464
0.01390655986187921942
0.015099295874418707694
0.016401202668727203913
0.017477105459993101437
0.018702038784869668173
0.019644492405385493169
0.020781856727998638804
0.021575325291271660259
0.022616171230513828061
0.023246193934739218131
0.024183541380759445729
0.02463665328250622199
0.025465873180049736467
0.025729405383951142556
0.026448717405327933788
0.026510396112910876708
0.027121590074473359514
0.026968779811263006153
0.0274783804821924355
0.027096646325862137921
0.027518009352267402777
0.026888241157826170605
0.027245788488487725217
0.026337882345350772797
0.026676948469943437043
0.025433707502805623342
0.02584835058678615354
0.02413340210995847835
0.024874527066504523885
0.022208254868614705555
0.024545612553198052266
0.010826610554053799149
-0.0018524236366183421017
0.00095547476987657739371
-0.0006138766907183462781
0.00043449203270546732863
-0.00032362033052678053461
0.00024794493635768729586
-0.00019273944548196699679
0.00015052337896165766593
-0.00011711412673341850916
0.000090008053119088404548
-0.000067635123365619045029
0.000048986705362450155988
-0.00003342184354527563925
0.000020572130384892724552
-0.000010322418300427602234
2.924790719538067459e-6
0.0011225524924765953593
0.002605899904063877646
0.0040937343707465429204
0.0055504684277242122691
0.0070207147607167299089
0.0084273675774960512279
0.0098656196477789107773
0.011202225890887049572
0.0125943562603486056
0.013841956112844156349
0.015174387931071742334
0.016315004258846469928
0.017575035849576569892
0.01859173619251660881
0.01976782943667200471
0.020644792869080555807
0.021726847728756102877
0.022449408417449163784
0.023429041620080513398
0.023983686371523834342
0.024854534707706968858
0.025228826378965058758
0.025986905678870720209
0.026169288866928989117
0.026813462947298402888
0.026792875348938098203
0.027325537853977969479
0.027090679686698966757
0.027518858750689377531
0.027056809562618200854
0.027394161580475038842
0.026687620920909503904
0.026958468702717751724
0.025979704310019603136
0.02622843810493203927
0.024923883334566421359
0.025241533580225959645
0.023481989700557548871
0.024109556632555765032
0.021437817921082943334
0.023589878010747658819
0.010355716217700277591
-0.0017625400794685634418
0.0009037104678050593773
-0.00057666297203043047505
0.000404917649394007505
-0.00029876734947218700551
0.00022632424811902050032
-0.00017349979373729239521
0.00013314411640024037385
-0.00010126775202687070931
0.000075494052429102787978
-0.000054349305244029177498
0.000036913161748686101532
-0.000022647202842958328918
0.000011339076181927767332
-3.2090966068289474727e-6
0.0011212336905094372703
0.0026105202472016900754
0.0040846489783650726506
0.0055649386592686841361
0.0070000668701659421763
0.0084549068807103785097
0.0098305283138802713475
0.011245493109334676315
0.012542314554861102291
0.013903354483233391905
0.015103059847832147968
0.016396832422608936948
0.017482133857830653006
0.018696295147888937322
0.019651014755052897263
0.020774484400211303649
0.021583628360909781924
0.022606845055688306321
0.023256649799168981524
0.024171831710005296756
0.024649762643017672007
0.025451190995435774782
0.025745867976562767615
0.026430222785335374346
0.026531231381663583651
0.027098030689030257196
0.026995546661488971772
0.02744778705532673543
0.027131873911446877077
0.027477071949147972703
0.026936356290717624356
0.027188434308894400963
0.026407471067445628902
0.026590586100997585734
0.025544091461108007495
0.025701563016905513432
0.024339754462653457942
0.024559319499328637211
0.02276055202321419171
0.02327259246571201254
0.020603430056464634967
0.022563727929094944996
0.0098539163688700285225
-0.0016673823382931851426
0.00084922140589595494342
-0.00053768786270312560714
0.00037408359423091194208
-0.00027296372159264508627
0.00020396624280791499391
-0.0001536852635371452682
0.00011532709624184604714
-0.00008511401265107664605
0.000060814400443569969243
-0.000041074230935053265707
0.000025099847954179428101
-0.00001253407077240404582
3.5422680785825498773e-6
0.0011224887387485395937
0.002606123487972681073
0.0040932939127452202367
0.0055511718064006000639
0.0070197075818030039465
0.0084287167678712838794
0.0098638914578439147472
0.011204369846443708421
0.012591759202437204431
0.013845044878838358125
0.015170766912324433959
0.016319200700957691316
0.017570217446423475836
0.018597227291987641817
0.01976160975024114341
0.020651803317576517427
0.021718976703936457869
0.02245821912149700588
0.02341920081044212706
0.023994661577403694385
0.024842303740142219075
0.025242455654033294323
0.025971709054064378597
0.02618625535519463647
0.026794481326941481519
0.026814172674763719521
0.027301551684700347482
0.027117824598521218196
0.027487953777807560622
0.027092258202494506268
0.027353126610947482761
0.026735663593423552099
0.026901424579409933521
0.026048643816447988555
0.026143223363808270128
0.025032358011831106588
0.025097882641596111056
0.023683075760405882308
0.023803734274966338927
0.021971250490628761992
0.022366125925500440797
0.019707585853032560499
0.021470222495344787594
0.0093227085811043293387
-0.0015672321559807418209
0.00079216586870886852576
-0.00049706166530530820137
0.00034207499046559414073
-0.0002462801106345295323
0.00018093433117703516243
-0.0001333589108906457807
0.000097143810570512250714
-0.00006874626100398817723
0.000046107274249909404802
-0.000028036279266894382806
0.000013955109211253859599
-3.937010045015750153e-6
0.0011212959020612642662
0.0026103021092430755685
0.0040850785744291545592
0.0055642529355969394712
0.0070010481857436098442
0.008453593308516190989
0.0098322093827900274454
0.01124340979115023224
0.012544835114684459709
0.013900360822822015022
0.015106563922506360887
0.016392778574526367868
0.017486779509539930493
0.018691012301466056347
0.019656984332374796904
0.020767773497885368444
0.021591141322709143285
0.022598461856172315482
0.023265980448850995171
0.024161465399268742708
0.024661266278128752278
0.025438431819082848349
0.025760021429598131808
0.026414510669396402027
0.026548698928089796687
0.027078569610345356433
0.02701729280345501595
0.027423394267061789438
0.027159368267019700159
0.027445894439160239746
0.026971974084248783309
0.027147369859847730025
0.026455352558404747199
0.0265339675719498133
0.025612230498318395002
0.025617696239877633556
0.024446049260416122447
0.024419181993670862083
0.022955821928367316981
0.022977019888821590126
0.021116451509548535124
0.021392853861237016269
0.018752964641764642489
0.020312622226460838083
0.0087636781955781543764
-0.0014623854926513214147
0.00073270852034674891763
-0.000454897960805582282
0.0003089789294379684035
-0.00021878931074018176496
0.00015729621686368433172
-0.00011259360516154482052
0.000078687237332524553134
-0.000052303019654075704241
0.000031605201281042808592
-0.000015667764733394490453
4.4106060219692635011e-6
0.0011224276783052354612
0.0026063375552152403919
0.0040928724559862367385
0.0055518442542675841417
0.0070187457992391344705
0.0084300033026178874928
0.0098622463612405802669
0.011206406591618499719
0.012589297771114239347
0.01384796455298420783
0.015167354398143559548
0.016323142205606693165
0.017565708715134811268
0.018602344149046466083
0.019755840558810792671
0.020658273104091175972
0.021711753139349565908
0.022466255605580665926
0.023410285056177012662
0.024004531690250257203
0.024831393553558970278
0.025254504616876987597
0.025958406642199363472
0.026200945671773641199
0.026778243934215132811
0.026832147496276849993
0.027281609305879649809
0.027140016042113153016
0.027463164448473656898
0.02712008385623505162
0.027321704680204321646
0.026771410003038279068
0.026860386830539789644
0.026096287966426975266
0.026087132580764571961
0.025099559806338743184
0.02501554814828406506
0.023786938395374451298
0.023667464997393638198
0.022160182844933794993
0.02208162656526773741
0.020198720378870606432
0.020355669796276057605
0.01774242305221000281
0.019094377959609003042
0.0081784935915928921356
-0.0013531513661788219886
0.00067101941908153325919
-0.00041131272571579155428
0.00027488399666406546092
-0.00019056694046504759176
0.00013312735867681389973
-0.000091481595549275175329
0.000060094721547445846281
-0.000036021068919403002333
0.000017764477246349025687
-4.9871122859798532284e-6
0.0011213562173315301561
0.0026100906862176921602
0.0040854947123746436185
0.0055635892353763702888
0.0070019969649721966782
0.0084523249870152614512
0.0098338299307208133161
0.011241405268456407962
0.012547255055244644395
0.013897493805852222912
0.015109910357072821788
0.016388919249165023031
0.017491186788259887826
0.01868601993060966366
0.019662601547065789426
0.020761488466764140053
0.021598141067323591546
0.022590695748239020021
0.023274570311890896251
0.024151987451180801779
0.024671705042398458263
0.025426949297431134485
0.025772643120365391768
0.02640063907159422508
0.026563950145628705075
0.027061785367599441506
0.027035793349675109203
0.027402956056794872307
0.027182014658902818752
0.027420704994424879318
0.027000127059916310165
0.027115716902333963956
0.026491202372968597758
0.02649299669788742118
0.025659577943522119734
0.025562217595421943658
0.024512196037296561636
0.024338543409102778968
0.023057023299213355983
0.022844946509170196145
0.021298558893596349595
0.021120203774876545779
0.019220815091464064676
0.019257654120189441117
0.016678987320831798663
0.01781912012279167936
0.0075689012106734998646
-0.001239850505113274399
0.00060727277029014328676
-0.00036642325796181069298
0.00023988005938458695632
-0.00016169373657592374714
0.00010851939458316436115
-0.000070157183808832370973
0.000041604381022306298584
-0.000020379507575392289026
5.7009137695106966484e-6
0.001122367673681957515
0.0026065478599794352871
0.0040924586233233387134
0.005552504036529612136
0.0070178030747135006368
0.0084312627746870682871
0.0098606382808775211917
0.011208394008125623624
0.012586900826946812069
0.013850801162571076632
0.015164047615697412428
0.016326950436208358889
0.017561366596544765813
0.018607254174168786091
0.019750326581029194788
0.020664429609190258894
0.02170491243161795898
0.022473825957520943678
0.02340193506596549147
0.024013716806135346591
0.024821311192251249226
0.02526555436952455812
0.025946309602640161733
0.0262141817968677617
0.026763762302512556894
0.026847999150866346479
0.027264240529048365306
0.027159077498166561618
0.027442198500783034466
0.027143212874154743756
0.027296092836967593474
0.02679990573813538565
0.02682849608504766921
0.026132236922208242758
0.026046246943124898801
0.025146573971639638292
0.024960742099889001015
0.023851937735935357225
0.02358865870988910568
0.022258523772235451158
0.021954042650448364352
0.020373556671600908335
0.020095589710543220499
0.01818568038634970431
0.018102063044857809718
0.015565845585793654315
0.016490647211820446951
0.0069367203505450480803
-0.0011228137161074461847
0.00054164527544216228852
-0.00032034691585950404313
0.00020405897878452572051
-0.00013226208122651491026
0.00008360155006377402981
-0.000048855534298048701996
0.000023714955230693872639
-6.6027203674725474863e-6
0.0011214163928719530845
0.0026098798095842375129
0.0040859095738995790678
0.0055629280359255918582
0.0070029412948084469225
0.0084510640684539067156
0.0098354387861733070617
0.011239418448542257875
0.012549649117638237741
0.013894663519617713437
0.015113205940523281506
0.016385128845969076735
0.017495502330786051372
0.018681147776321198778
0.019668063316930542317
0.020755402130475373697
0.021604889335920945424
0.022583245228780299418
0.023282766981247854615
0.024142996409112984463
0.024681543894409169177
0.025416202904905759476
0.025784364397866583989
0.026387866318069777184
0.026577862252096985578
0.027046632171343892023
0.027052306517660618318
0.027384942647483065024
0.027201695516021042251
0.027399155186186704255
0.027023791531270054349
0.027089634270622274604
0.026520083398788441124
0.026460833284985908397
0.025695650969490390738
0.025521405218153933811
0.024558871934679943992
0.024284437415379623973
0.023120817458795652874
0.022768072111092325669
0.02139387991109993388
0.020997358759392946434
0.019387985793978971717
0.019010798604719239004
0.017096442670033101647
0.016892315851183721284
0.014406340567813483939
0.015112913307970790486
0.0062838377477295306618
-0.001002379781164355687
0.00047431384298900169528
-0.00027319987282854956043
0.00016751828391905316704
-0.00010239453706033828367
0.000058600005044965775743
-0.000028088622360715129653
7.7701657648973235736e-6
0.0011223067722850866257
0.0026067612551178467161
0.004092038896402316544
0.0055531727838027331464
0.0070168483533301330666
0.0084325369227930677371
0.0098590135361461643369
0.011210399013952057841
0.012584486847249642322
0.013853652308198903936
0.01516073127091085347
0.016330760179384525632
0.017557034780655380847
0.018612137521338032039
0.019744861137435733078
0.020670509168598639011
0.02169818489738765934
0.022481237601836860234
0.023393800396402861718
0.02402261678560440427
0.024811599549656489663
0.025276128935279116704
0.025934814931177040336
0.026226660922154639664
0.026750225673341539966
0.026862676953971697335
0.027248324842424053181
0.027176343903263009311
0.0274234484348419072
0.027163604854886829963
0.027273868479802397222
0.026824194419461619352
0.026801856949642859506
0.026161584527129560181
0.026013735752997427509
0.025182837751503853211
0.024919947660357015794
0.023898315411972965851
0.023535233359770829394
0.022321103950656467574
0.021879148301514030607
0.020465752986904966666
0.01997767365604467731
0.018344858121374499367
0.017869004664202844599
0.015956406980248202826
0.015631979475968344726
0.01320396340443953033
0.013690014273907859928
0.0056122019726941095199
-0.0008788925207834909937
0.00040545229918918494688
-0.00022509690472691198047
0.00013037452512174626954
-0.000072300400728108869914
0.000034028366939548455082
-9.3276347396481692031e-6
0.0011214786884021162525
0.0026096615527643812639
0.0040863387806126003715
0.0055622443757088872286
0.0070039169471276001028
0.0084497625835556971828
0.0098370974739827361558
0.011237372882174065009
0.012552110088366336571
0.013891759351975391131
0.015116580706884728208
0.016381256169525219979
0.017499900417119652438
0.01867619631945678827
0.019673596843591644241
0.020749256802409884564
0.021611677549236871972
0.022575781337220554394
0.023290941459295753715
0.024134073851445305185
0.024691255160320486076
0.025405658513345372859
0.025795790904784448798
0.026375503184551582286
0.026591223206240991555
0.027032204085293083255
0.027067880953775255434
0.027368130480437135073
0.027219851832249801787
0.027379529558839763796
0.027045035214613968239
0.027066593797176624587
0.026545137996049358077
0.02643349686148400467
0.025725603682026331652
0.025488411675709788986
0.024595454902143296913
0.024243541486463105673
0.02316700350846223851
0.022715238873502100389
0.02145530920271311911
0.020924417596761541107
0.019477031429391187597
0.01889791762933028869
0.017247392038899702871
0.016673520126579820681
0.014769058371144210179
0.014324748429606805014
0.011962350232085585673
0.012226171814271646525
0.0049238176748721300956
-0.00075269626862991902476
0.00033522668842836686027
-0.00017615660617121679781
0.000092811297832161093048
-0.000042475218555191345013
0.00001148603666565687425
0.0011222422362657768454
0.0026069873401426607509
0.0040915943716895886299
0.0055538806667482981166
0.0070158384643098076208
0.0084338835271243408981
0.0098572981903509097147
0.011212513229986639424
0.012581944984429871857
0.013856649652175157681
0.015157251223176772383
0.016334749824800107444
0.017552508715862956086
0.018617226999230977431
0.019739180837535550143
0.020676808366027129325
0.021691237791867303237
0.02248886285530712697
0.023385465196176611906
0.024031695666352178842
0.024801740884264676983
0.025286806370513234834
0.025923276253878533223
0.026239107527232159537
0.026736819361699346343
0.026877100919258056309
0.027232817781051611874
0.027193008652619690073
0.027405540173175188647
0.027182856337318412474
0.027253156768781620528
0.026846505120660765953
0.02677778085274278805
0.026187627976625178707
0.025985476647585291427
0.025213622178238523341
0.024886245553628511802
0.023935441287109327752
0.023494017485953449502
0.022367307838133708205
0.021826711818933400603
0.020526205430585943525
0.019906543487749728432
0.018430847326399799417
0.017761138661467031333
0.016099027367423093272
0.015427761999363757526
0.013538072933181479006
0.012974415491965904272
0.010685285135662160697
0.010725713460612009939
0.0042207397558603872588
-0.00062412810791076029968
0.00026378966873273778633
-0.00012653202421901758113
0.000055274669074306496842
-0.000014629960973431596634
0.0011215466024901191097
0.0026094236533483091075
0.0040868064643735846455
0.0055614997754789958283
0.0070049789133222454342
0.0084483470452043432107
0.0098388998535882877203
0.011235152518345391296
0.012554778009700924384
0.013888615457153031896
0.015120228160004531769
0.016377078131173964597
0.017504635751274412734
0.018670877071184042983
0.019679526749398984788
0.020742689151296846908
0.021618910606578703999
0.022567854393845692624
0.023299591857734009245
0.024124669036235178517
0.024701447093071266289
0.025394644622156120876
0.025807664205623208073
0.026362729855184355921
0.026604941018158560968
0.027017492694495518481
0.02708364064752185448
0.027351260917295136612
0.027237901185543367962
0.027360220238935479446
0.027065697350580340838
0.027044470213572908873
0.026568851490632918878
0.026408039813209470624
0.025752990275081833552
0.025458867425497450531
0.024627440616810748458
0.024208755552499382945
0.023205051330265131115
0.022673322834091584601
0.021501908772076199546
0.020872007360132400576
0.019536863139523986628
0.018828267084851635414
0.017330615647308160878
0.016570444299418337974
0.014903463844210881189
0.014135194581351661799
0.012267350991992365796
0.011584821889266695199
0.0093767185983613919984
0.0091930434029249846921
0.0035050676976883890426
-0.00049350311693354239452
0.00019128258985183034826
-0.000076574926833070701333
0.000019532148792791254162
0.0011221692979164138006
0.0026072428211941551408
0.0040910921885565951227
0.0055546800451823038929
0.0070146986507191943544
0.0084354023687125211682
0.0098553649856384657295
0.011214893731973724997
0.012579086069763369286
0.013860016702094573915
0.015153347377051794513
0.01633921833835422583
0.017547448218791879056
0.018622906452812689834
0.019732855597426908541
0.020683806276165855191
0.021683540074910203238
0.022497287978695710615
0.023376284378289148778
0.024041661403703303083
0.02479095978681740604
0.025298434802201834999
0.025910766612869092518
0.026252534583479873392
0.02672243584492176157
0.026892483388919362418
0.027216389685834108031
0.027210534119638432702
0.027386859415872202924
0.027202757840337561331
0.027231959814927609084
0.026869083653250990151
0.026753720401147919874
0.026213288526322781669
0.025958075202126934306
0.025242934331379693701
0.024854815164231862708
0.023969247221930653809
0.023457511837599899289
0.022406928985594294739
0.021783430886860128113
0.020573875633376973715
0.019853478883626467346
0.018490737846724277201
0.017692299383448208649
0.016180126894716497358
0.015328887013015096174
0.013664756678065212734
0.012799213578719787992
0.010961106457353698872
0.010159755337861009741
0.0080408277638731154773
0.0076325890118891124661
0.0027789409330839975364
-0.00036108465335902743183
0.00011792070083834297423
-0.000027973172715853358328
0.0011216271949142505136
0.00260914137874152061
0.0040873612558716802487
0.0055606167888709180759
0.0070062376897429380802
0.0084466700999877500432
0.0098410336538478049378
0.011232525935554779634
0.012557931173445403071
0.013884903587480683161
0.015124529536351239487
0.016372157490142292745
0.017510204609866941901
0.018664631637858589006
0.019686476711245340874
0.020735006927000001606
0.021627352788845360218
0.02255862441128318679
0.02330963782419736262
0.024113778351737570619
0.024713212010195393804
0.025381974920114821415
0.025821270574847773324
0.026348153269944771093
0.026620523427097277572
0.027000866333117844637
0.027101352161284212727
0.027332419318735275176
0.027257922336281573052
0.027338964550267496986
0.027088249298455969577
0.02702055202745194931
0.026594216076656828353
0.026381136020177228944
0.025781541919175567061
0.025428539255878405234
0.024659699611223478152
0.02417437821940151391
0.023241778222066736444
0.022633956646991356271
0.021544283918276444692
0.020826141858459745896
0.019586860880715629814
0.018773257194262884332
0.017391884445859779932
0.016501077334944405004
0.014983782716534374802
0.014039197876881013441
0.01238756998484789576
0.011422866410406205961
0.0096241200822982596413
0.0087026916868710596424
0.0066822091032720816382
0.0060486685053173434792
0.0020445400169553081566
-0.00022703979780732346611
0.000045021360664828415063
0.0011220761785097186848
0.0026075689569061793715
0.004090451242829273282
0.0055557000321531984206
0.0070132447927429431757
0.008437338828853613509
0.009852901541768189764
0.011217925259535408372
0.012575447924552394586
0.01386429794622470036
0.015148388216522065723
0.016344888877765600163
0.017541033937199785317
0.018630095961226627426
0.019724860058760862373
0.020692638150604559728
0.021673841880993504605
0.022507882328620205063
0.023364764004713983088
0.024054137886470836451
0.024777496691225613746
0.025312915651190242488
0.025895235989577355546
0.026269148157087585538
0.026704704675567946967
0.026911368632684079288
0.02719631163005024419
0.027231846487220848974
0.027364267873811138719
0.027226677506563904731
0.027206658106444818946
0.026895827374185710998
0.026725467298957181373
0.02624312746892730629
0.025926562718653895521
0.025276222067625456214
0.024819632833968123854
0.024006465914961460171
0.023418086113187804924
0.0224487702070546343
0.021738915413305777677
0.020621392369000131207
0.019802539067720562708
0.018545657874149250208
0.017632642592295773181
0.016245582424434498327
0.015256080569322371072
0.013747300218443322962
0.01270301774626786822
0.011077966416334702771
0.010008002561326187169
0.008262586770489756781
0.0072159427989302785545
0.0053066079778620912336
0.0044450190530375197033
0.0013041333686796948476
-0.00009190278828363329428
0.0011217446686811777046
0.0026087299586514364098
0.0040881697631251211311
0.0055593302534595896267
0.0070080712799342382776
0.0084442281854405932752
0.0098441396023669818442
0.011228704465821493612
0.012562516321601657296
0.013879509297539866567
0.015130776215562905078
0.016365017014701032785
0.017518278754573921743
0.018655585224999972653
0.019696532944866954466
0.020723904159593256636
0.021639538157042214676
0.02254532083441694656
0.023324094944126921008
0.024098132438575577975
0.024730082080060946911
0.025363845006284965846
0.025840696572132441612
0.026327394145552204646
0.026642653808204092308
0.026977325160571301459
0.02712634543073137737
0.027305930452969437826
0.027285952986491588108
0.027309342654884624963
0.0271195158679614659
0.026987582550018011143
0.026628952516824129765
0.026344561494588055497
0.025820034267515876782
0.025388038791534216361
0.024702311508211709928
0.024129535369800447835
0.023288991908624270017
0.022584206337117555351
0.021596770049969414237
0.020770676890305353877
0.019645606280847157864
0.018710849646198082454
0.01745844841991747482
0.016429699375687589738
0.015060878381387639629
0.013955091768630873868
0.01248063125848916463
0.011317727140474521083
0.0097468129715894559519
0.008551561564250554484
0.0068880872426863342335
0.005696463545111841426
0.0039249836512629279177
0.0028219327625997943917
0.00056093846806266572743
0.0011218769361253314549
0.0026082667373593896953
0.0040890800339106163131
0.0055578818661679950728
0.0070101353953767780851
0.0084414795117207745175
0.0098476353497442601912
0.01122440394538821904
0.012567675495459061324
0.013873440701090096161
0.015137802421346999729
0.016356987183185784271
0.017527356391156308753
0.018645417162208658677
0.019707832737740057045
0.020711432435400555182
0.021653221108107598298
0.022530388080690578899
0.023340315536820751892
0.024080586330843875634
0.024748991201009839497
0.025343535362463704328
0.02586244446025891236
0.02630416986458871622
0.026667393292409579213
0.026951030741649287321
0.027154235726249321569
0.02727640180238094324
0.027317164378292012031
0.02727640180238094324
0.027154235726249321569
0.026951030741649287321
0.026667393292409579213
0.02630416986458871622
0.02586244446025891236
0.025343535362463704328
0.024748991201009839497
0.024080586330843875634
0.023340315536820751892
0.022530388080690578899
0.021653221108107598298
0.020711432435400555182
0.019707832737740057045
0.018645417162208658677
0.017527356391156308753
0.016356987183185784271
0.015137802421346999729
0.013873440701090096161
0.012567675495459061324
0.01122440394538821904
0.0098476353497442601912
0.0084414795117207745175
0.0070101353953767780851
0.0055578818661679950728
0.0040890800339106163131
0.0026082667373593896953
0.0011218769361253314549
0.000437217187368574714
0.0023022381607848444324
0.0056517111748889755751
0.010476386645265643101
0.016761957414056660443
0.024489686776061629044
0.03363651946644915195
0.044175160739304393636
0.056074160558889335243
0.069298008368976527639
0.083807239424780439585
0.099558552726390878962
0.11650494032027490225
0.13459582762773833859
0.15377722440024113048
0.17399188585951155438
0.19517948354564231729
0.21727678536538162049
0.24021784430440619684
0.26393419524101214521
0.28835505927421802452
0.31340755495670277072
0.3390169158023106797
0.36510671341908061712
0.39159908560193798179
0.41841496870436787448
0.44547433359560609951
0.47269642449917658789
0.5
0.52730357550082341211
0.55452566640439390049
0.58158503129563212552
0.60840091439806201821
0.63489328658091938288
0.6609830841976893203
0.68659244504329722928
0.71164494072578197548
0.73606580475898785479
0.75978215569559380316
0.78272321463461837951
0.80482051645435768271
0.82600811414048844562
0.84622277559975886952
0.86540417237226166141
0.88349505967972509775
0.90044144727360912104
0.91619276057521956041
0.93070199163102347236
0.94392583944111066476
0.95582483926069560636
0.96636348053355084805
0.97551031322393837096
0.98323804258594333956
0.9895236133547343569
0.99434828882511102442
0.99769776183921515557
0.99956278281263142529