0.01012100119132896988
-0.0037730715853257311764
0.0027856157560628054051
-0.0022182703840461272747
0.0018030646911529192477
-0.0014642861839759720637
0.0011721943452337661279
-0.00091358292547694691428
0.00068270777501452707099
-0.00047784682532805704495
0.00029996262525944546103
-0.0001525762992120453365
0.000043560460018371881487
0.021900128317529511652
0.023030374959432111979
-0.0060433198254482344595
0.0040236767556734102487
-0.0030424947262263454871
0.0023820349877676374508
-0.0018672464008113139925
0.0014364746482838592671
-0.0010644224460113069929
0.00074085223141718614952
-0.00046334553978794088738
0.00023513908819660036995
-0.000067051661504157900799
0.019429947719646208014
0.050069575543263592343
0.034718377554946809616
-0.0078630320673086857063
0.0048527461585535623446
-0.0034840033366076844759
0.0026090624296798342871
-0.0019537207684109716373
0.001423295087533456274
-0.00097973353298765087717
0.00060835505902974164718
-0.00030735945250345664398
0.000087444238510288418245
0.020746108444520132986
0.043980056680602746239
0.075566373412184083484
0.04453649519048643457
-0.0092209168426018347116
0.0053546508856877483582
-0.0036552267998513166322
0.0026044290023489437552
-0.0018420098947617049274
0.0012446081221076741624
-0.00076375023575661125986
0.00038310389279833703785
-0.0001085915779347433835
0.019890752898251060547
0.047409438726828386754
0.066193897297749457289
0.096977429397685786697
0.051954011884222125578
-0.010063307033250376008
0.0055344249147495185851
-0.0035852200828572027741
0.0024089462753595690177
-0.0015790246382069436958
0.00095111993143486680077
-0.00047184129113079978195
0.00013299620094112455211
0.020503975759472767006
0.045091006451920914165
0.07157494219215946254
0.084857433870937933434
0.11315005709310655927
0.056570795065724309603
-0.010351456092249522975
0.0053940038996941716117
-0.0032926276990788138011
0.0020503890674033608806
-0.0011990288486457998032
0.00058479909520911144882
-0.00016344783322185041298
0.020037939581102676277
0.046800429085137372299
0.067878693454495903598
0.09187307472407934032
0.098962271761227679498
0.12321402513505619425
0.058137888307718477549
-0.01007243500360757504
0.0049457520072165716579
-0.0028000843431064711796
0.0015580616553977156341
-0.00073967916627314834129
0.00020406280155526348271
0.020405450215879790173
0.045475950823655112508
0.070635783958539419035
0.087022601313569508259
0.10720065146752306496
0.10774758623175444759
0.12662723270768647807
0.056570795065724309603
-0.0092420333246623081142
0.0042155565100349357064
-0.0021381870822658433082
0.00096974346694330979177
-0.00026197337681482724606
0.020109006181716815208
0.046532591209995023739
0.068485635178458752431
0.090652015019179812836
0.10149907749308468214
0.11672681021430582198
0.11074135170068743651
0.12320489716469899521
0.051954011884222125578
-0.0079044390167129175566
0.0032428578121441619423
-0.0013486888079641627971
0.00035124948440687921349
0.020350593960592683144
0.045677646026065886919
0.070200505345650230492
0.087828382258865194978
0.10575003366320595608
0.11053716112909967545
0.11993100341528827173
0.10778693924576087085
0.11312894061104608587
0.04453649519048643457
-0.0061296183022904642521
0.0020806932382614777186
-0.00050410606186219322646
0.020154558144147651342
0.046368109371367680601
0.068828400050863877585
0.090052723913960520017
0.10248472868091079488
0.11509531089985959084
0.11366671418575712081
0.11662559346805630368
0.099055277609890688812
0.096936022448281554846
0.034718377554946809616
-0.0040088256243993683854
0.00081205466301173174611
0.020309054044162097661
0.045825610830667623587
0.069900100649681560119
0.088332138149555682991
0.10497244621445555815
0.11170511548316475994
0.11814302301624826909
0.11075955514368098176
0.10695051849467059664
0.085049313625299458891
0.075480074935341853691
0.023030374959432111979
-0.0016581259348715718922
0.020198441922639567879
0.046213326218076269294
0.069136792484634173771
0.089550837206300926185
0.10322531599342972409
0.11405517305692556612
0.11510358227020318897
0.11460587631542459127
0.10210495907729133191
0.091291260765018996415
0.066651139353830813827
0.049833821504189955134
0.01012100119132896988
0.02024200238265793976
0.046060749918864223957
0.069436755109893619232
0.08907299038097286914
0.10390802376844425116
0.11314159013144861921
0.1162757766154369551
0.11314159013144861921
0.10390802376844425116
0.08907299038097286914
0.069436755109893619232
0.046060749918864223957
0.02024200238265793976
0.0079084726407059252636
0.041200800388511017397
0.099210954633345043603
0.17882533027982988968
0.27575362448177657356
0.38477084202243260297
0.5
0.61522915797756739703
0.72424637551822342644
0.82117466972017011032
0.9007890453666549564
0.9587991996114889826
0.99209152735929407474