0.00060208090499494720479
-0.0002293165536923370676
0.00017608703765186623307
-0.00014867245771572072639
0.00013089400439101011798
-0.00011801465738211197006
0.00010803729685673848606
-0.000099946927372123104938
0.000093163936372180042343
-0.000087329610790769430468
0.000082208426813618049526
-0.000077638569380948706851
0.000073504804655065287096
-0.000069722655140836148871
0.000066228694981198239067
-0.000062974348083094922313
0.000059921785197624033087
-0.000057041128327646352643
0.000054308496791111051388
-0.000051704610891857974251
0.000049213774394763500066
-0.00004682312010325710139
0.000044522041821075337153
-0.000042301760712566233309
0.000040154990143616231064
-0.000038075673749203166499
0.000036058778689361201537
-0.000034100131024959458245
0.000032196283623509639038
-0.000030344409477681884121
0.000028542215101922453034
-0.000026787869976117374117
0.000025079948972103274723
-0.000023417385427044402311
0.000021799433086034468113
-0.000020225635574080129993
0.000018695802411422365347
-0.00001720999088436203924
0.000015768493350196434438
-0.000014371829811852139791
0.00001302074586934388558
-0.000011716216471212560945
0.000010459456291743202831
-9.2519381142150264524e-6
8.0954214147522714975e-6
-6.9919946051558738388e-6
5.9441364573708379988e-6
-4.9548057840593361617e-6
4.0275749228458274367e-6
-3.1668351951974845705e-6
2.3781292795459881418e-6
-1.6687287273170747324e-6
1.04874867917708701e-6
-5.3369022558632015699e-7
1.5238901790052111602e-7
0.0013028052726098954606
0.0013996580666401918385
-0.000381947801329535003
0.00026957035920436498164
-0.00022072405420025972702
0.00019178398673874093741
-0.00017184330628013224951
0.00015683124884327329452
-0.00014485772710306087906
0.00013491328817828157801
-0.00012640361095470170723
0.00011895285870147363591
-0.00011231007986106888676
0.00010630043468717272402
-0.00010079790589444900699
0.000095709128408373305202
-0.000090963344690482159134
0.000086505913982517010724
-0.000082293975337913307791
0.000078293465393588561231
-0.000074477016084242152808
0.000070822440126924658688
-0.000067311618898891543237
0.000063929671876865158401
-0.000060664326971169287044
0.000057505436741459237165
-0.000054444602252635026354
0.000051474877528919528421
-0.000048590535187806902395
0.000045786879117991602784
-0.00004306009378649944848
0.000040407122423122466015
-0.000037825568265633332646
0.000035313614478648378194
-0.000032869959433694916703
0.000030493764863620631246
-0.000028184615056813139433
0.000025942485792593190655
-0.000023767722184052612046
0.000021661025028734499177
-0.000019623445711700416838
0.000017656390208009714157
-0.000015761633358252971867
0.000013941345441393141457
-0.000012198134307780649685
0.000010535108248392871419
-8.9559678935116687535e-6
7.4651407907998213975e-6
-6.0679820694331990624e-6
4.7710836185154543008e-6
-3.5827745392970197471e-6
2.5139909806305509323e-6
-1.5799553468214405524e-6
8.0400634863382091764e-7
-2.2957370922692053656e-7
0.0011558383322165154339
0.0030429860456249905114
0.0021939365267646320443
-0.00052652331338153625266
0.00035169411404334059055
-0.00028003566528437401762
0.00023951056925983647544
-0.00021254906589174200683
0.00019276850116239329877
-0.00017728565092624509897
0.00016460101014415600834
-0.00015385334575059187893
0.00014451017887856427618
-0.00013622307343315212633
0.00012875357418998984611
-0.00012193249539875463274
0.00011563620626140631474
-0.00010977213772217024713
0.00010426955956746853954
-0.000099073505474877737584
0.000094140650803398140572
-0.000089436442110625711091
0.000084933052427740619228
-0.000080607895284961619827
0.00007644252545637243213
-0.000072421812839557249522
0.000068533312815008425087
-0.000064766780326139700386
0.000061113790720382542008
-0.000057567441046662563506
0.000054122112822171665267
-0.000050773282393840793004
0.000047517368651117896815
-0.000044351610468590798589
0.000041273968183538536594
-0.000038283044857738325249
0.000035378024183106082809
-0.000032558622773812231679
0.000029825055324463130244
-0.000027178011771697390808
0.00002461864623772451246
-0.000022148578227530796131
0.000019769907384882123779
-0.000017485244215130075551
0.000015297760763739329901
-0.000013211267659831927363
0.000011230327859211154624
-9.3604241508412267933e-6
7.6082097340247012362e-6
-5.9818950304773017134e-6
4.4918744674309894727e-6
-3.1518165160224559265e-6
1.9807685941777696666e-6
-1.0079586255720206669e-6
2.8780757609353425509e-7
0.0012341866792531878291
0.0026727580644538619425
0.0047753424576097344085
0.0029812901799621530427
-0.00066756882322756459343
0.00042952389596317976963
-0.00033445649254614843328
0.00028198650910805502705
-0.00024781784148803783481
0.00022319878194873298142
-0.00020421309668751151146
0.00018884481519113554878
-0.00017594845002739769285
0.00016482345087015007034
-0.00015501630918526103262
0.00014621987850191666974
-0.00013821838802720103306
0.00013085563203794658766
-0.00012401566710724184561
0.00011761061800822971504
-0.00011157270463239651759
0.00010584887133582518164
-0.00010039707407821213415
0.000095183654318803621068
-0.00009018144364144955958
0.00008536837097339421883
-0.000080726422602088963377
0.000076240854458797725413
-0.000071899587861411196822
0.000067692740782138391934
-0.000063612260713769262172
0.000059651634782873775146
-0.000055805659417011559921
0.000052070256582432456661
-0.000048442326997061911756
0.000044919633207343747581
-0.000041500707279186620851
0.00003818477928978523394
-0.000034971723961576697999
0.000031862023763127576378
-0.000028856747710126277049
0.000025957546028841592075
-0.000023166661908658862103
0.000020486962928799875809
-0.000017921996646908949809
0.00001547607771116209475
-0.00001315441848503178644
0.000010963323078859639286
-8.9104790394125348488e-6
7.0054089020353478776e-6
-5.2602030445207256937e-6
3.6907952856426784352e-6
-2.3194271482320092235e-6
1.1802701324246492905e-6
-3.3700500175628172036e-7
0.0011831970910716074723
0.002881499901854234391
0.0041826133983807756883
0.006492017899800735391
0.0037591145833779470533
-0.00080572438743457088255
0.00050461803223916870196
-0.00038600142346970548924
0.00032144164690071599461
-0.00027996090530886028983
0.00025044006005172383256
-0.00022792289760211966957
0.00020986934741632977203
-0.00019484320395307290607
0.00018197077815792926074
-0.00017068963069064168054
0.00016062101841917092954
-0.00015150040449294621057
0.00014313736987607741203
-0.00013539136281953225566
0.00012815643048668632407
-0.00012135127140306136073
0.00011491255990672646966
-0.00010879034909764650727
0.00010294483229206992742
-0.000097344015086350417759
0.000091962011717981658533
-0.000086777778209613835912
0.000081774156790705972701
-0.000076937145939201913831
0.00007225533654754385885
-0.000067719472235621240543
0.000063322103780788736925
-0.00005905731592669874783
0.000054920510686721417929
-0.000050908235465229841166
0.000047018047405550480467
-0.000043248407693319281306
0.000039598601348596143355
-0.000036068679514290144857
0.000032659422540860517656
-0.000029372323414111787972
0.000026209592422669207344
-0.000023174185607934508921
0.00002026986177407022035
-0.000017501276148832762619
0.000014874124067001375837
-0.000012395357023182141296
0.00001007350970093956668
-7.9192082082122307524e-6
5.9459967257125923511e-6
-4.1717780433137566902e-6
2.621598051656796514e-6
-1.3340001145626130188e-6
3.8089454233592122441e-7
0.0012198647680032628607
0.0027399928800069251786
0.0045236506357889496933
0.0056795830902028882508
0.008187593763779711027
0.004524903630182265602
-0.0009409190216885164932
0.00057738811094518043386
-0.00043534097632161984271
0.00035869668808300117599
-0.00030988446822482976372
0.00027544337481931869807
-0.00024938475536803367009
0.00022864595018162484077
-0.00021149947163381097967
0.00019689729256442629626
-0.00018416675148698799957
0.0001728563228803018135
-0.00016265168265180323068
0.00015332734549982220622
-0.00014471744991469153775
0.0001366973930860890962
-0.00012917188672859062144
0.0001220669569807036173
-0.00011532444658085100431
0.00010889815025938592404
-0.00010275104322722242166
0.000096853257860396009027
-0.000091180582960337481994
0.00008571333477570341285
-0.000080435497002092536749
0.000075334058481807011822
-0.000070398498403111038537
0.000065620383160948140948
-0.00006099304900219696466
0.000056511351610047090369
-0.000052171468840026175748
0.000047970746539760644403
-0.000043907580199493086364
0.000039981327399089749499
-0.000036192247873817368071
0.00003254146971360480712
-0.000029030981935683532234
0.000025663655665242774782
-0.000022443298762206075554
0.000019374752497975223435
-0.000016464044805982854509
0.000013718624620349503915
-0.000011147719855496875264
8.7628966067624647534e-6
-6.5789712880797459602e-6
4.6156025571347175078e-6
-2.9003707215102272252e-6
1.4758072699552813351e-6
-4.2137715101294858607e-7
0.0011918333940231545776
0.0028449023223603048086
0.0042882803646784273964
0.0061515632980323677173
0.0071587058632224712594
0.0098567455038824697335
0.0052762004170041135301
-0.0010728799082113639202
0.000647892045735915143
-0.00048270365911747335053
0.00039408491215515436311
-0.000337988838053376209
0.00029865173451211409931
-0.00026906789775305213285
0.00024565861682673461572
-0.00022640793022153271678
0.00021009459737543622798
-0.00019593607443991598582
0.00018340802814080117623
-0.00017214616033433911186
0.00016188967179834088524
-0.00015244713221889049139
0.00014367504183761499717
-0.00013546390075207252041
0.00012772888753379405866
-0.00012040346050836345425
0.00011343486539313498094
-0.00010678091791565699849
0.00010040765842814543877
-0.000094287615046371227167
0.000088398499310227415317
-0.000082722214506170288843
0.000077244093607136892033
-0.00007195230840817623755
0.000066837408212237091929
-0.000061891958058115880223
0.000057110254705053352334
-0.00005248810451715035374
0.000048022651773315355805
-0.000043712249279993743035
0.000039556365857976767097
-0.000035555527606457928418
0.000031711292085807725623
-0.000028026257000698249149
0.000024504108003053935621
-0.000021149714491901811586
0.000017969288859692635579
-0.000014970635621810357474
0.000012163536613745658861
-9.5603567066609792488e-6
7.17703540990634516e-6
-5.0348208103214813318e-6
3.1636268374052562676e-6
-1.6097000455742165117e-6
4.5959701353779713353e-7
0.0012141734837819203432
0.0027627956141945180748
0.0044654558891778627294
0.0058227134531685246691
0.007759640058150317771
0.0086151373668110174853
0.011494192375981554539
0.0060105970024314055019
-0.0012012646745054769471
0.00071605312974613966707
-0.00052814078476380382543
0.00042773631332862280063
-0.00036445647632493584699
0.00032028356885963139959
-0.00028721546513631207409
0.00026116718133529706475
-0.00023983925156002612958
0.0002218398540544430194
-0.00020627798430302863858
0.00019255726784951065322
-0.00018026383394502868823
0.00016910176387223540046
-0.00015885413494400415798
0.00014935856022349155486
-0.00014049130139100797311
0.00013215664389995689025
-0.00012427960795526225773
0.000116800834684189503
-0.00010967292658939379258
0.00010285778225411054399
-0.000096324624612908081451
0.000090048521993892601972
-0.000084009265250152959982
0.000078190506337617148266
-0.000072579091814990844485
0.000067164543905580757543
-0.000061938655065984514552
0.000056895171425203045872
-0.000052029547276075623993
0.000047338757882010056792
-0.000042821161808739756375
0.000038476407254112247916
-0.000034305379807227224026
0.000030310192100753969179
-0.000026494219395851847938
0.000022862189958518989964
-0.000019420346352634238345
0.000016176705770940956818
-0.000013141468955356714921
0.000010327668669288013335
-7.7522361477855553201e-6
5.4378703848444691613e-6
-3.4166616797354890598e-6
1.7383705016691398901e-6
-4.9632240347071730953e-7
0.0011958218765272134495
0.0028294617046641999221
0.0043249919678769937914
0.0060724295151476316425
0.0073385707325678288847
0.0093426933751244279651
0.010044143289584953842
0.013094729030129362484
0.0067257403640990676668
-0.0013257067891902210396
0.00078173731067753375927
-0.00057162359269426573209
0.00045968554118783882241
-0.00038936472377908259597
0.00034044640299472042039
-0.00030395677405008415112
0.0002753167710494538887
-0.00025194995423742180255
0.00023229762811734589248
-0.00021536252081505780977
0.00020047755276900947256
-0.00018718011102919697654
0.00017513967994145348833
-0.0001641141750195753988
0.00015392253082816039256
-0.00014442690096243091087
0.00013552075741004921341
-0.00012712072915162292262
0.00011916087868349009967
-0.00011158860823767043352
0.0001043616800087621027
-0.000097446013371510747523
0.000090814034083013563849
-0.000084443422355202027738
0.00007831615382961147534
-0.000072417759030261514715
0.000066736748383660861699
-0.00006126416485264212024
0.000055993236850951315715
-0.000050919111840749160351
0.000046038656849256147083
-0.000041350316776501307988
0.000036854025354325629522
-0.000032551167461134195259
0.000028444595766158932163
-0.000024538710168019493499
0.00002083961652710738272
-0.000017355394239777358384
0.000014096525325428269189
-0.000011076582216544504418
8.3133653201505276906e-6
-5.8309028492792757539e-6
3.6633329810622598061e-6
-1.8637788597424266502e-6
5.3211258001730653886e-7
0.0012112486256712401776
0.0027738647472655060871
0.0044402973250316193156
0.0058728930849224291561
0.0076600753688672792018
0.0088310454745095268154
0.010895671453674351394
0.011441101015548751206
0.01465325343769237079
0.0074193394412902603053
-0.0014458345257842567639
0.00084478543106475764491
-0.00061308474218279393113
0.00048991918757055000424
-0.00041273632144255649025
0.00035918882381548482283
-0.00031935951674285661097
0.00028818943726596543786
-0.00026283294718865224513
0.00024156902198486772752
-0.00022329690864344837186
0.00020728059405795109861
-0.0001930098819594571239
0.00018012043511677903607
-0.000168345535488338976
0.00015748580441537180338
-0.00014738954320770414582
0.00013793959160838754647
-0.00012904431731075298648
0.00012063129871778958967
-0.00011264280799171444446
0.00010503252468383690893
-0.000097763107665573831167
0.000090804376855358947341
-0.000084131935686542254187
0.000077726117377049198642
-0.000071571172947846472946
0.000065654642755326379771
-0.000059966869899374860191
0.000054500625705907975929
-0.000049250826182622491634
0.000044214325025763697502
-0.000039389774239647987011
0.000034777548414042320771
-0.000030379733899337546257
0.000026200190447245758906
-0.000022244701804784317346
0.000018521245930459058703
-0.000015040440365980101083
0.000011816265936570351632
-8.8672722038662761059e-6
6.2187043563267621077e-6
-3.9066392517996164774e-6
1.9874477181524369556e-6
-5.6740178460684379609e-7
0.0011980429980597668371
0.0028211875716699475035
0.0043432301463426577797
0.006037843746177239672
0.0074018473113167912757
0.0092231497609406227464
0.010295357109501910268
0.01241362493567560341
0.012801505429700524405
0.0161647894803296882
0.0080891723065464579212
-0.0015612802483675646472
0.00090502850578597624542
-0.00065243818442667028012
0.00051839881916071517531
-0.00043456444282300027565
0.00037652663760639384386
-0.00033345640859611559599
0.00029983084029384733081
-0.00027254393639498275449
0.00024971758647429041652
-0.0002301508282218260293
0.00021304083904555454328
-0.00019783126249679766188
0.00018412491819698859412
-0.0001716311419311118064
0.0001601327338274690067
-0.00014946450104616863548
0.0001394989159807328089
-0.00013013628421205661539
0.00012129785257718735854
-0.00011292088257086924721
0.00010495506720036646853
-0.000097359884966083531012
0.000090102619784881506952
-0.000083156862436591182627
0.0000765013660475061332
-0.000070119166264594109828
0.00006399690285457654443
-0.000058124297694360179404
0.000052493757210193494136
-0.000047100077075138678739
0.000041940234659585728029
-0.000037013261341652687816
0.000032320193248911317947
-0.000027864106412079590815
0.000023650252292204382093
-0.00001968632508341940271
0.000015982918890155857455
-0.0000125542837009647241
9.419595739887697035e-6
-6.6052088624077848481e-6
4.1490420583714110097e-6
-2.1106259620688923725e-6
6.025460290622047008e-7
0.0012095144037326155342
0.0027802514875623364648
0.0044265242469341492404
0.005898112801982744217
0.0076163373933412857788
0.0089070909632335249112
0.010756600743900772035
0.011726802254032988565
0.013891713275167401855
0.014120977867443951763
0.01762450631456739002
0.0087330932183974718518
-0.0016716856366831242082
0.00096229575812728180407
-0.00068958958824921939726
0.00054507317536284600799
-0.00045482611134952973763
0.00039245706190376847763
-0.00034625981141012585438
0.00031026504629558766169
-0.00028111620465570439529
0.0002567839445535660893
-0.00023597078365096097122
0.00021780951277142367903
-0.00020169926031533770354
0.00018721115073408791302
-0.00017403139360301431152
0.00016192556553555511802
-0.00015071542334104616786
0.00014026340745115849371
-0.00013046201936928661366
0.00012122637677641894104
-0.0001124888928565114635
0.00010419540782869561677
-0.000096302333655953774234
0.000088774518988178547276
-0.000081583635209873340804
0.000074706946053326815692
-0.000068126364543392347824
0.000061827729350354549158
-0.000055800252514806556267
0.000050036104931875070079
-0.000044530116946771756947
0.000039279580392945097472
-0.000034284146651397455992
0.000029545824161835037121
-0.000025069090116969156668
0.000020861147960738526221
-0.00001693239098405996306
0.000013297186435473983598
-9.975207741190182709e-6
6.993808478788631856e-6
-4.3926607679121069944e-6
2.2343877614584818973e-6
-6.3785134699226342169e-7
0.0011994280788440956974
0.0028161302359267100127
0.0043539608894988985609
0.0060186880903599600108
0.0074338437144041113468
0.0091705086424542225669
0.01038385449170907437
0.012255506953465682722
0.013120780915658492689
0.015325219112150637636
0.015395276838966277331
0.019027735786175105295
0.0093490394669913863207
-0.0017767050127165845677
0.0010164192477607010104
-0.00072444224512524688847
0.0005698850901752207413
-0.00047348986944803622045
0.00040696690824886632922
-0.00035777023994745088788
0.00031950320798195776362
-0.00028856935074135828816
0.0002627945007311224669
-0.00024078871584555075134
0.00022162308539576505774
-0.00020465406034723761617
0.00018942236413598885083
-0.00017559201392060414598
0.00016291205112568750672
-0.00015119169959193293861
0.00014028376401503442447
-0.00013007325105743170515
0.00012046939554312934304
-0.00011139996307874538004
0.0001028071091654375737
-0.00009464432453735920222
0.000086874153039003173149
-0.000079466468936209354399
0.000072397166640657061606
-0.000065647160218863737011
0.000059201620587437358837
-0.000053049399901423446189
0.000047182608553195269775
-0.00004159632266986739238
0.000036288410797302858234
-0.000031259479289992459609
0.000026512948927028709143
-0.000022055293890308784754
0.000017896505102755934469
-0.000014050897529348425507
0.000010538500928176553456
-7.3875548279201171675e-6
4.6393987420404905813e-6
-2.3596966673629119305e-6
6.7359207671784708312e-7
0.0012083871264344401206
0.0027843404219275199344
0.0044179549492943509623
0.0059131204044555426877
0.007591951877405630017
0.0089456706789770385921
0.010695294717133403425
0.01182742570070503113
0.013715069659348483427
0.014472814477947045535
0.016709564011537723371
0.016620309593045796891
0.020369988526841199631
0.0099350379685842949024
-0.0018760076927407161122
0.001067236761226229062
-0.00075690064458402011978
0.00059277565885088002574
-0.00049052040601673198878
0.00042003754623338843172
-0.00036798155554895417411
0.00032754889962520184895
-0.0002949146948960618084
0.00026776686092524860307
-0.00024462739288729204085
0.00022450859909255419257
-0.00020672626225568997002
0.0001907921281296756321
-0.0001763490553926472212
0.00016313031820235644397
-0.00015093318952419567848
0.00013960128829684921678
-0.00012901248120029209439
0.00011907040610752557476
-0.00010969841702705550095
0.00010083518505653054377
-0.000092431455440134207428
0.000084447627408081210157
-0.000076851930542440364625
0.000069619041836365855591
-0.00006272903503355943638
0.000056166586620472214697
-0.000049920386308225584241
0.000043982717533373355315
-0.000038349188026979088873
0.000033018604113137597969
-0.000027992997660544172306
0.000023277835357769811669
-0.000018882473341038132571
0.000014820981550766914867
-0.000011113589061543840071
7.7892985730308558436e-6
-4.8910306073251899241e-6
2.4874498779504097464e-6
-7.1002347836115510653e-7
0.0012003602818856169858
0.0028127663912923662423
0.0043609427959757905344
0.0060066397820084512432
0.0074530146364985782807
0.0091410452642631518001
0.010428831575563318884
0.012185776099592005314
0.013233184615368802439
0.015130619877892039634
0.015778560764712459874
0.01804032397906999417
0.017792143955899209831
0.02164696903495741457
0.010489211579429690599
-0.0019692797934120920299
0.0011145937532407071429
-0.00078687277151487011585
0.00061368687875172542839
-0.00050588148201456411388
0.000431648048286200914
-0.0003768842694609848085
0.00033440152649087686645
-0.000300158750570073441
0.00027171333065023083911
-0.0002475039057491852128
0.0002264871382614184932
-0.00020794030696597591003
0.00019134771947162353132
-0.00017633219968206817803
0.00016261209369865913138
-0.00014997336379682086137
0.00013825094168770285448
-0.00012731595057086820755
0.00011706675399833954544
-0.00010742256374542534891
0.000098318798209094267253
-0.000089703663500286279693
0.000081535605494810436921
-0.000073781394371416210587
0.000066414677789676677828
-0.00005941488929570741674
0.000052766433701006042781
-0.000046458096791333777269
0.000040482646753356680516
-0.000034836612308351370708
0.00002952024090039222424
-0.000024537663756634359186
0.000019897330934225652499
-0.000015612844926291089728
0.000011704455633139814965
-8.2017926630975991515e-6
5.1492666356699773983e-6
-2.6185108268309647475e-6
7.4739101193247465646e-7
0.0012076056240264403491
0.0027871487701261148589
0.0044121707262716358498
0.005922986136810982169
0.0075765084041631513336
0.0089688845842751753462
0.010660901917763422659
0.011878614412051573375
0.013637164129336182501
0.01459662658256810677
0.016497630286940349687
0.017033827875231721378
0.019313244359682941361
0.018907020106128851448
0.022854589879139928129
0.011009785105401647474
-0.0020562257040693065809
0.0011583447356909582621
-0.00081427166244118776348
0.00063256340098492404191
-0.00051953785674369847352
0.00044177725763879773687
-0.0003844677184803519243
0.00034005857698931483228
-0.00030430552594942710368
0.00027464324298884519133
-0.00024943200368594274907
0.0002275761567854583532
-0.00020831678325153723424
0.0001911123979007997805
-0.00017556699516218844309
0.00016138489715072038026
-0.00014834144873164164056
0.00013626343769098627672
-0.00012501567920208202318
0.0001144916201745247616
-0.00010460663223005401762
0.000095293144539816119744
-0.000086497062616498490982
0.000078175104261959107953
-0.000070292803063652039144
0.000062823008565481039605
-0.000055744765761227292118
0.000049042494356550644706
-0.000042705416567667691624
0.000036727205663301590064
-0.000031105850162632017988
0.000025843755668295184088
-0.00002094814618735258034
0.000016431896876796221268
-0.000012315072262294366907
8.6277740799980568944e-6
-5.4158035038769100135e-6
2.7537348025338505784e-6
-7.8593761973682303578e-7
0.0012010232734874129727
0.0028103919550649474771
0.0043658028935775273484
0.0059984277597749979199
0.0074657030220353434809
0.0091223022761356882711
0.010455968260870912628
0.012146602067154461831
0.013290393780550310989
0.015044804842026143716
0.015913380303270495853
0.01781172861938549227
0.018234587326485073719
0.020524254025117014977
0.019961362074566044237
0.023988985081590626631
0.011495090986570959526
-0.0021365693358069899811
0.0011983543250626634391
-0.0008390165096944130969
0.00064935373941450750768
-0.00053145660162410673889
0.00045040519240410480753
-0.00039072154102341929752
0.00034451715247514126036
-0.00030735809079066019267
0.00027656454784945897927
-0.00025042369346471238158
0.00022779107684315726133
-0.00020787401761056142134
0.00019010698024375776872
-0.00017407640991243855368
0.00015947356859032289319
-0.00014606392633500578322
0.00013366671245345226688
-0.00012214090692408943474
0.00011137543220302459979
-0.00010128215510343308268
0.000091790812587435110804
-0.000082845283501335605363
0.000074400821906595466812
-0.000066421992552310518945
0.000058881131868601316233
-0.000051757214699998757974
0.000045035047994031715392
-0.000038704744793662023884
0.000032761460839671266529
-0.000027205408052949365143
0.000022042203546541341513
-0.000017283688251733594911
0.000012949499919989912416
-9.0700332293844021813e-6
5.6923671474683118754e-6
-2.8939904972858233398e-6
8.2590983905949529788e-7
0.0012070372786169124065
0.0027891785736309876763
0.0044080372932877276286
0.0059299168883407831628
0.0075659123267132707042
0.0089843194791415139362
0.01063895766720238406
0.011909553227102741177
0.013593360360413474448
0.014659655824299164893
0.016404188753365560076
0.017179223428670328675
0.019068711312557301014
0.019376986652249047929
0.021669478829947137814
0.020951788830045778808
0.025046522696838558018
0.011943574637800173888
-0.0022100552073249410332
0.0012344980653245353087
-0.00086103347590384264734
0.00066401113397544558538
-0.00054160802341271054864
0.00045751402488815086044
-0.00039563670360551000268
0.00034777503060915897331
-0.00030931966659883598283
0.00027748491978367800424
-0.0002504903567934891171
0.00022714640913060585965
-0.00020662919165359231493
0.00018835095047113694964
-0.0001718819310188978962
0.0001569013546896063063
-0.00014316560589022336236
0.00013048698142585796213
-0.00011871913578920371306
0.00010774689433762121565
-0.000097478989627212005634
0.000087842800436050419455
-0.000078780493649409698229
0.000070246170857494296373
-0.000062203751968506448656
0.00005462541523210680948
-0.000047490473757373537848
0.000040784613925947208516
-0.000034499459242139196722
0.000028632461988292377959
-0.000023187175308861463704
0.000018174040163263552419
-0.000013611981755721292431
9.5314770471117938811e-6
-5.9807514861207474256e-6
3.0401793943148578214e-6
-8.6756328828200606026e-7
0.0012015150041154932615
0.0028086398581060903287
0.0043693556090215997866
0.0059925085364878368536
0.0074746741634819323523
0.0091093827127249574172
0.010474068858472516134
0.012121556151857077677
0.013325011657445185713
0.0149965288511614592
0.015982017698113351624
0.017710962890264234119
0.018390096785722446543
0.020264556913372587156
0.02045736147639306815
0.022745254327113115857
0.021875124853981516635
0.026023816579972890216
0.01235379942788793487
-0.0022764494010988808976
0.001266663093714549679
-0.00088025631358510475766
0.00067649418435800870429
-0.00054996632885941759657
0.00046308877951207261076
-0.00039920622876726785847
0.00034983141798710169812
-0.00031019439816042178873
0.00027741254284750732465
-0.00024964354349548658163
0.00022565655004931503253
-0.00020459913978676017378
0.00018586325516893464261
-0.00016900435595734531425
0.00015369069504161797661
-0.00013967040503920494163
0.00012674951616216474773
-0.00011477690466890676208
0.00010363376338718122776
-0.000093226100049252316638
0.000083479311985782859545
-0.000074334217958583081816
0.000065744137272426661847
-0.000057672742344770823742
0.000050092502736241906009
-0.000042983604308213057582
0.000036333279084930822887
-0.000030135530097228356427
0.000024391293662238908079
-0.000019109171241137368081
0.000014307033938495620066
-0.000010015190208902043802
6.2828557281627097504e-6
-3.1932543546371531601e-6
9.1116791244524357472e-7
0.0012066083091143291746
0.0027907040463634478532
0.0044049552032969638016
0.0059350246427636477831
0.0075582270916324928722
0.0089952829868276767151
0.010623781329942783493
0.011930236515902197866
0.013565314509094349217
0.014697825455347468637
0.016351605904593479127
0.0172532441643270236
0.018960943557335581738
0.019542117671789366643
0.021395439011388756714
0.021472247033047286298
0.023748137731319093252
0.022728410131752436025
0.026917737327572361048
0.012724451281123494806
-0.0023355404090072405244
0.0012947486895389790612
-0.00089662684695038404033
0.0006867673246806848333
-0.00055651011177347921377
0.00046711783796906334762
-0.00040142571846181806322
0.00035068748958682149261
-0.00030998790603094471687
0.0002763566729750786539
-0.00024789554084963778243
0.00022333635553142423791
-0.00020180092559790656308
0.00018266288120698819897
-0.00016546437099230746049
0.00014986380156158025742
-0.00013560193141105398439
0.00012247923053726956061
-0.00011034038382130817618
0.000099063457169328578786
-0.000088552187802557386253
0.000078730419880031278291
-0.000069538049686994976179
0.000060928061463229344475
-0.000052864376927534901829
0.00004532033920624828928
-0.000038277724848534670986
0.000031726240868825265312
-0.000025663532965061520979
0.000020095830806169815259
-0.000015039539711647751163
0.000010524497945716644555
-6.6007223897944895149e-6
3.3542384681775760142e-6
-9.5701328894277975929e-7
0.0012018920156322889138
0.0028073013959051410184
0.0043720516051233076176
0.0059880608158589139758
0.0074813253784160183244
0.0090999693037678425553
0.010486969554832895622
0.012104192687323105379
0.013348192498335702407
0.014965588032725601527
0.016023606178340397437
0.017654247532004606864
0.018469262506588043451
0.020150129154548382085
0.020631592395662869695
0.022457738581792281422
0.022418389093026011448
0.02467491911392820518
0.023508909504759195759
0.027725422369341246484
0.013054342886408021141
-0.0023871398784327466961
0.0013186667304715335701
-0.00091009535133808759569
0.00069480118332561566805
-0.00056122271354855191142
0.00046959330788295169963
-0.00040229373298236453058
0.00035034677775930105183
-0.00030870768439719941617
0.00027432804321814202962
-0.000245259784788863631
0.00022020155708220700084
-0.00019825226209175247085
0.00017876928011191622017
-0.00016128298036705583677
0.0001454430940720653728
-0.00013098392729488496178
0.00011770113860943876141
-0.00010543585186917642903
0.000094063558946665947853
-0.000083486235020847617878
0.00007362666427857504997
-0.000064424327159532067349
0.0000558324247381322878
-0.000047815764772133370623
0.000040349339798729896261
-0.000033417512891942485807
0.000027013811736786128443
-0.000021141444747347637713
0.000015814851382827855504
-0.000011063033584112815842
6.9365779028730956839e-6
-3.5242450938996268375e-6
1.0054142529442823677e-6
0.0012062747184283845173
0.0027918866551052471132
0.0044025793747161456715
0.0059389290088356386727
0.007552418872933877259
0.0090034481556375887577
0.010612685383083399902
0.011945015714458860903
0.013545835805009945791
0.014723416031087380832
0.016317879274328386949
0.017298112088596302734
0.018900279640786009894
0.019626176302469968439
0.02127471270632828182
0.021655028127563094593
0.023448055667388042486
0.023292754253953971172
0.025522631809349334328
0.024214121337567007423
0.028444285186486166149
0.013342417500401368181
-0.0024310832651710625171
0.0013383420716328555945
-0.00092062085273331640361
0.00070057285624935153683
-0.00056409249011269130913
0.00047051129154859510195
-0.00040181206473448116056
0.00034881545204658732942
-0.0003063633869656030421
0.0002713391553845090261
-0.00024175115699668408549
0.00021626906431802744466
-0.00019397182011984809685
0.00017420268348805981506
-0.00015648183066326732863
0.0001404515366462560834
-0.00012584062243788887309
0.00011244073022418283915
-0.00010009010308168485562
0.000088662268706359375546
-0.000078058016953317779109
0.000068199650435879957184
-0.000059026850659747398027
0.00005049373508395180392
-0.000042566838745674302391
0.000035223873259650112425
-0.000028453224433743572319
0.000022254281127838586637
-0.00001663890502216211069
0.000011634813901801955957
-7.2928776381754552594e-6
3.7044999802903189528e-6
-1.0567170911947740617e-6
0.0012021890134172203639
0.00280624982238989542
0.0043741594001235093564
0.0059846084925927888569
0.0074864380751029969959
0.0090928232298106793443
0.01049661100967909366
0.012091463771631819567
0.013364789126385370821
0.014944068338815880642
0.01605151539121700704
0.017617849110651345841
0.018517263439342715387
0.020085710474772171004
0.020720278303255625499
0.022331093916627335864
0.022609144069239746765
0.02436322035003400543
0.024092539553604477852
0.026288562010859197742
0.024841785462061342721
0.029072023632775421644
0.013587752332477775518
-0.0024672303967278195465
0.0013537128571620938567
-0.00092817136194835999121
0.00070406611230831665821
-0.00056511300705007627469
0.00046987207904285302313
-0.00039998593311347269186
0.00034610251758174065613
-0.00030296702973996657543
0.00026740448774732113752
-0.0002373861981679678361
0.00021155718473033777738
-0.00018897945616204358311
0.00016898434113220760907
-0.0001510834626494164991
0.00013491290803978338843
-0.00012019702985427531609
0.00010672430163092859754
-0.000094330825863120430801
0.000082888847687138589943
-0.000072298638016983952661
0.000062482712538086774412
-0.000053381726635727557275
0.000044951629946835566103
-0.00003716183703776381171
0.000029994314654008804067
-0.000023443643451037901018
0.000017518353142452974945
-0.000012244325649694140679
7.6723572956394788967e-6
-3.8963664079818139749e-6
1.1113065652704215394e-6
0.0012060087927508432044
0.0027928271901086921589
0.0044006978707508452456
0.0059420017437079271176
0.0075478860479993724366
0.0090097522363710440391
0.010604232408899465014
0.011956091563836969938
0.013531526009637996565
0.014741766834406726147
0.016294395523768025754
0.017328245083199322499
0.018861328737650847401
0.019677156537236983447
0.021206742865907612345
0.021748062530466196783
0.023315890637936890759
0.023490881932085220886
0.025200302972474003381
0.02481518136930191713
0.026970257533103925181
0.02538989036624960129
0.029606627335272062961
0.013789561500627171899
-0.0024954659479620947762
0.0013647307705508231842
-0.00093272405308495839606
0.00070527154296877193479
-0.0005642831775116603271
0.00046768028213979193168
-0.00039682411837167445752
0.00034221995110771261655
-0.00029853313064565996735
0.00026254063953967943436
-0.00023218325881753711423
0.00020608578272296999785
-0.00018329638226198005698
0.00016313670561245281274
-0.00014511151572644961823
0.00012885203324311405003
-0.00011407921448931408365
0.00010057927510090867281
-0.00008818699257989455881
0.000076774105461503650223
-0.000066241154664817696842
0.000056511728307650786312
-0.000047528457335173333728
0.000039250368936332938152
-0.000031651404045959585894
0.000024720101120342941398
-0.000018460721586252307338
0.000012896627132688880862
-8.0780928982053968177e-6
4.1013744234484082522e-6
-1.1696140589658470505e-6
0.0012024283756574653121
0.0028054040450789629526
0.0043758484130102512227
0.0059818571380817225668
0.0074904829911351828626
0.009087222086371045949
0.010504081222918568951
0.012081739252860292276
0.013377254855890412853
0.014928231825190586455
0.016071554838500503883
0.017592481221819321292
0.018549521288882312228
0.020044331894591414196
0.020774076844854786387
0.022259786081779952574
0.022706235630779792444
0.02422594967931045859
0.024297415701117821107
0.025956623577325879336
0.025458363569882942
0.027565535718853513555
0.025856679599977590956
0.03004638415349864442
0.013947198548821021776
-0.0025156998300865122711
0.0013713612278451176613
-0.00093426539273568565822
0.00070418666478925913298
-0.00056160735290077437101
0.00046394492033629373934
-0.00039233904687482354072
0.00033718278793308338434
-0.00029307880012058994927
0.00025676642710658956082
-0.00022616260328606391749
0.00019987639447020298615
-0.0001769452958043399473
0.00015668358254417837432
-0.00013859090637955972031
0.00012229500069198228546
-0.00010751456383111221595
0.000094034543335982517816
-0.0000816893064671160401
0.000070350990306500022262
-0.000059921368810029502579
0.000050326204308567437359
-0.000041511454643170387718
0.000033440995142539641842
-0.00002609576906116745609
0.000019474598313918303795
-0.000013597469594148975684
8.5135720847880363001e-6
-4.3212554411976749011e-6
1.2321272002382565159e-6
0.0012057922778171409803
0.002793591592670893439
0.0043991736985627031971
0.0059444790073868744845
0.0075442549975637868703
0.0090147611664811641113
0.010597583310986706614
0.011964698174700406862
0.013520567988931149403
0.014755575933302568894
0.016277088441513862059
0.017349905213591250394
0.018834159824169611954
0.019711436085886757378
0.021163066940140872916
0.021804511249545072955
0.023241467135726093681
0.023591727497105193352
0.025058356898391180248
0.025026160658998281575
0.026629760533747299044
0.026020024890325452744
0.028072490468658438513
0.026240657373820421901
0.030389885678023576081
0.014060158517771092007
-0.00252786749350049422
0.0013735835164413105345
-0.00093279122431740176447
0.0007008159804388970317
-0.00055709537324808270311
0.00045867946688126548233
-0.00038654683649203020573
0.00033100916934289230233
-0.00028662379294632097231
0.00025010294279685139145
-0.00021934647898261121716
0.00019295231186268011872
-0.00016995048406867190113
0.00014965026384349578244
-0.00013154800128275270197
0.00011526939067715246908
-0.00010053209320363788524
0.000087120882090539765437
-0.000074870765147810542233
0.000063655367135422984206
-0.000053378915013592211862
0.000043970818459257738139
-0.000035382272055980420557
0.000027584651993176237139
-0.000020569863912841549339
0.000014353444386379880582
-8.9827800664557776904e-6
4.557983796752785501e-6
-1.2994013898753830089e-6
0.0012026251324810830843
0.0028047099185001733337
0.0043772305781934984922
0.005979615151518123145
0.007493760466828353391
0.0090827160903614849689
0.010510038028685337731
0.012074067053583813585
0.013386965418508837767
0.01491608027647283974
0.016086659025527839195
0.017573761735797573255
0.018572731596405070757
0.020015448367691528435
0.020810270686136983276
0.022213948558324231115
0.022765159553984501813
0.024148641469824927686
0.024401701146728782964
0.025810446533951106215
0.025674781643725294559
0.027217558325205017333
0.026498365502661533071
0.028489498373666617324
0.026540593331010119476
0.030636031752000911434
0.01412807956244300035
-0.0025319301446582787576
0.0013713908813107897708
-0.00092830681055568658789
0.00069517100224693010503
-0.00055076258210998115436
0.00045190186038821482016
-0.00037946730839748400314
0.00032372035744872706901
-0.00027919052908746370793
0.00024257358531790897219
-0.00021175916083918948459
0.00018533864724274581277
-0.00016233791771281378811
0.00014206366165396622722
-0.00012401080793085275474
0.00010780454547208144851
-0.000093162827663181527795
0.000079871490173677141755
-0.000067767426483298292124
0.000056727110577262150054
-0.000046658837168390235417
0.00003749773116208163455
-0.00002920307385132131734
0.000021757976657531142743
-0.000015172163653747545875
9.4903045497368261566e-6
-4.8138272606257773764e-6
1.3720737836901524914e-6
0.0012056126904232273044
0.002794224724164593835
0.004397914518766883349
0.0059465178752291726612
0.007541281495949246632
0.0090188370403785395552
0.010592214819704649868
0.011971582285413966209
0.013511900237762702723
0.014766356137960335042
0.016263784932921937213
0.017366254514688424969
0.018814088145607189913
0.01973612347345446735
0.021132558507398444574
0.021842507820186776373
0.023193608953303607228
0.023652945206593736731
0.024978402945541825907
0.025133561839448244083
0.026479809742704699786
0.026241200514786393921
0.027718134474338737444
0.026891852760196572421
0.02881522393384486543
0.026755526475633864485
0.030784034001947708186
0.01415074411114010636
-0.0025278748770617074854
0.001364790559908319529
-0.00092082683620282187828
0.00068727024105777137782
-0.00054262980938318640862
0.0004436344860163424403
-0.00037112396988865750345
0.00031534072279874552988
-0.00027080408976595616676
0.0002342040690066110436
-0.00020342698016168817613
0.00017706239061651857462
-0.00015413534853906337639
0.00013395246371412245434
-0.00011600921162441727116
0.000099931922106518734405
-0.000085440319829021370242
0.000072322744620185568235
-0.000060419509564567389644
0.000049611719448844795015
-0.000039813985696422807725
0.000030970219985991648821
-0.00002305232919335252539
0.000016062484695133424193
-0.000010041465237619260329
5.0914091157898420077e-6
-1.4508804333328948325e-6
0.0012027897362062042571
0.0028041299605410094544
0.0043783827489795272625
0.0059777525235780536313
0.0074964711900983629638
0.0090790103342158525213
0.010514903102846145426
0.012067852842031201239
0.013394753617620873184
0.014906446309063818903
0.016098473122919238701
0.017559349264458125231
0.018590274388510691193
0.019994086745099442559
0.02083635949720541497
0.022181908128516108736
0.022804843325899173239
0.02409890843643953726
0.024465025270457960768
0.02572809309133445332
0.025784965415367315213
0.027064302309200220365
0.026723602804567336215
0.028129885583364324953
0.027199226095395113446
0.029048623846097870602
0.02688476824357521093
0.030833418366938491478
0.01412807956244300035
-0.0025157147164587274194
0.0013538037666319240751
-0.00091037537241227352556
0.00067713916229401796462
-0.00053272332440228097098
0.00043390412909074772359
-0.00036154397170411660295
0.00030589770904708677589
-0.00026149219422457991143
0.00022502241915741723866
-0.00019437834752093616747
0.00016815247272239792173
-0.00014537243052293863065
0.00012534733757770188466
-0.00010757529900262955169
0.000091685587565076647216
-0.000077401393892319128872
0.000064515309689297566141
-0.000052873048721002580945
0.000042362805322889328694
-0.000032908829996953764897
0.000024468699927540715574
-0.000017034791593817059642
0.000010642475335765596503
-5.3937852197896566222e-6
1.5366775088113252936e-6
0.0012054612113797697926
0.0027947581494836308915
0.0043968558335957198664
0.0059482269155379262048
0.0075387990306687356559
0.0090222226083713549668
0.010587783106064207481
0.011977223186403553266
0.013504859643211727545
0.014775023515445097626
0.016253215378240726385
0.017379065554704403938
0.018798611027186410527
0.019754806546491437336
0.0211099711601421339
0.021869919946959799165
0.023160132457210590953
0.023694196963737667656
0.024926945334758480958
0.025198799619450138221
0.026395309565762363255
0.026353825831459844059
0.027562051501447581241
0.027120443534373078316
0.028451492470890126255
0.027419501055103286982
0.029188950349203402465
0.026927904705838902186
0.03078402661838649492
0.014060158517771092007
-0.0024954885803815325296
0.0013384656274339218971
-0.00089698580370288747743
0.00066481011047728361817
-0.00052107476093125676168
0.00042274190324870803704
-0.00035075804261531050804
0.0002954217784951544227
-0.00025128516258417462927
0.00021505896125822199273
-0.00018464378128149171858
0.00015863985128183242644
-0.00013608089018683931292
0.0001162812232036933098
-0.000098743828420946216302
0.000083102949277951716367
-0.000069087260733014069074
0.00005649583016240414217
-0.000045182476978479553915
0.000035046093883367092717
-0.000026025830807892763759
0.000018101352537431600887
-0.000011300645033439108355
5.7245406094902380589e-6
-1.6304678272465707382e-6
0.0012029296827896561531
0.0028036373887215813519
0.0043793594814444760524
0.0059761778295184550611
0.0074987545684419758028
0.0090759030294256986601
0.010518959838865687418
0.012062705459505981392
0.013401154523889567896
0.014898600251390550113
0.01610799362278641582
0.017547875743262059744
0.018604044390646790124
0.019977590500999702021
0.020856128158167398912
0.022158161117182854668
0.022833498390597740678
0.024064094571404687722
0.024507722461305666754
0.02567506516553305353
0.025851919345709452721
0.026977913800923326311
0.026838321877022467651
0.027971462048129167339
0.027430452177305749812
0.028681924388442958385
0.027551972460096741567
0.029235753615015898378
0.026884797897040883039
0.030636016865628696285
0.013947198548821021776
-0.0024672611522443006216
0.0013188250649779600791
-0.00088070071805077719369
0.00065032220293310028238
-0.00050772101507888972389
0.00041018315465804863307
-0.00033880040371011081498
0.00028394634236212660754
-0.00024021587097665762679
0.00020434631400459481053
-0.00017425595742282439139
0.0001485576451004604131
-0.00012629478502437758872
0.00010678977459241195982
-0.000089552942610065844085
0.000074225872307722480459
-0.000060545247997481272129
0.000048319611089658109141
-0.000037414826006514745049
0.000027746175620711244001
-0.000019276778157416481418
0.000012024640519012866003
-6.0879117985792755865e-6
1.7334343324290975094e-6
0.0012053314240488602566
0.0027952147588569352688
0.0043959511464274694855
0.0059496837327916172045
0.0075366898883421464139
0.0090250871592441882626
0.010584052238054186646
0.011981943635926478066
0.013499009185533308667
0.014782167154272869824
0.016244585767757733539
0.017389412331333440053
0.0187862659265626672
0.019769496662067681132
0.021092502373348695281
0.021890718177560180898
0.02313529348886836867
0.023724012569987894962
0.024890895238037849797
0.025242816779524019615
0.026340869031633579396
0.026422294361263056927
0.027474037795601211003
0.027236903050146631182
0.028291221216013718009
0.027652636753402392082
0.028820442302397661027
0.027596216679311440785
0.029188883177970959096
0.02675558626499136083
0.030389863045604138328
0.013789561500627171899
-0.002431122670316511926
0.0012949446345531350722
-0.0008615717602878828984
0.00063372119294507248229
-0.0004927041166981336406
0.0003962673435151268887
-0.0003257086647949717071
0.0002715076803370981641
-0.00022831970704823114768
0.00019291939993160635795
-0.00016324980366807475963
0.00013794135359562120414
-0.00011605091067510991199
0.000096912048173794463471
-0.00008004528143986123178
0.000065102441025841066279
-0.000051831574891237953678
0.000040055023993487164896
-0.000029656881243478330025
0.000020578616216378967767
-0.000012824817221581156952
6.4889431716915181902e-6
-1.8469827609487948405e-6
0.001203050503424623988
0.002803212499688365491
0.0043802006962336246098
0.0059748246855740002261
0.0075007108136134411316
0.009073250903815569105
0.010522406519354218256
0.012058355841900574816
0.013406529098251299767
0.014892060609216248168
0.016115861900554829068
0.017538485074811927656
0.018615190086295634052
0.019964406763031710236
0.0208716988572284526
0.022139767240657570264
0.022855269065102135664
0.024038232738249764274
0.024538614514643662131
0.025637882018409033195
0.025897128588085704505
0.026922221198970704198
0.026908100177208229898
0.027882090030994310374
0.027548294580060302895
0.028520302968655656706
0.027786287045843147677
0.028866601229330288995
0.027552093012577684042
0.029048488397490544005
0.026540684240479949695
0.030046353397982163345
0.013587752332477775518
-0.0023871886319726852823
0.0012669003107546995609
-0.00083965944861220812959
0.00061505930217139188825
-0.00047607107443365765535
0.00038103790390217228724
-0.0003115237058240409161
0.00025814485560375569889
-0.00021563453760358119914
0.00018081549464005725404
-0.0001516626738564021369
0.00012682922187590880214
-0.0001053894562353600314
0.000086691601812764512921
-0.000070269766769008562724
0.000055789824329133400174
-0.000043015969446148140345
0.000031791091652897110667
-0.000022028132668482771492
0.000013713653405754732286
-6.9336891095117429835e-6
1.9727965726740457344e-6
0.0012052185270810891836
0.0027956116333000933581
0.004395165931167439544
0.0059509455460225041294
0.0075348680717780562173
0.0090275529792366926173
0.010580854058441970632
0.011985970131603160891
0.013494047566943809636
0.014788185147496568807
0.01623737146375266324
0.017397986786359063746
0.018776136950936090421
0.019781413668462230429
0.021078513261941066053
0.021907129480579112108
0.023116022595579807925
0.023746697738954091692
0.024864080686439137069
0.025274699878758929797
0.026302657592935890379
0.026468565936484708917
0.027417255821952235121
0.027307783845869834772
0.028200760484607646594
0.027771501583495596685
0.028657971189620481861
0.027830976930731617618
0.028820251614998692009
0.027419744179292832477
0.028815017950375359955
0.026240780929621488204
0.029606587930126613552
0.013342417500401368181
-0.0023355994136701238671
0.0012347812246799821891
-0.00081503295357346458784
0.00059439502164637660276
-0.00045787369424612343394
0.00036454208324020035501
-0.0002962895474689006226
0.00024389963469862136593
-0.00020220070680323725228
0.00016807434819864096943
-0.00013953466123547110642
0.00011526285149313977868
-0.000094355076811810457809
0.000076178290403950101138
-0.000060284549075172841952
0.000046359104726942446301
-0.000034189706177983152395
0.000023651351088667412689
-0.000014706321186881582777
7.4294781751365638439e-6
-2.1129084384901077484e-6
0.0012031563957369501272
0.0028028403783742833039
0.004380936475626390993
0.0059736433935084189012
0.0075024143153730662511
0.0090709487051118788417
0.010525387022271440932
0.01205461151775475349
0.013411131388399405437
0.014886494647352653981
0.016122512188354783555
0.017530610763954475771
0.018624452269704197591
0.019953562172189437423
0.02088435959991271525
0.022125006062672471377
0.022872480834532480291
0.024018133202895232737
0.024562155761703804368
0.025610185542614045449
0.025929916492704126062
0.026883087262894488833
0.026955303107873344034
0.027824382786043207429
0.027620069054423901522
0.02842902471993938343
0.027905812347126699649
0.028703781955262577251
0.027786565817003049001
0.028681539749090735926
0.027199595914316427883
0.028489218352592431394
0.025856837934484017465
0.029071974879235483058
0.013054342886408021141
-0.0022765198070942568721
0.0011986893510166739816
-0.00078776983832785740487
0.00057179288011590760425
-0.00043816837098898647432
0.00034683076319651150288
-0.00028005321737979228043
0.0002288164273947291902
-0.00018806109520966316031
0.0001547384347525184056
-0.00012690915014508091604
0.00010328822986243292705
-0.000082998682460294375551
0.000065431279175331438543
-0.000050162043403311351356
0.000036903788339875782209
-0.000025480455934607890431
0.000015821448405956471088
-7.9852626247573413525e-6
2.2697943576054958063e-6
0.0012051188232788371893
0.002795961894812206101
0.0043944737759190585782
0.0059520558619785894408
0.0075332687064675418577
0.0090297114295583613887
0.010578064366973288581
0.011989467763993985739
0.013489758453046670005
0.014793358543374272321
0.016231208990020450744
0.017405258375331714359
0.018767616983669767618
0.019791345517288558526
0.021066975346661938584
0.021920506753633966369
0.023100522356963227228
0.023764670045063078214
0.024843200787186923725
0.025299038760685409355
0.026274150143808349743
0.026502172119595748163
0.027377305590553457598
0.02735578664572291956
0.028142292638491681334
0.02784396036256710536
0.028566147030916945417
0.027950800732693391227
0.028657584843347818764
0.027653199197573120667
0.028450907209415522765
0.026892355676573658965
0.028072131511905935075
0.025390086311263757301
0.028444226181823282807
0.012724451281123494806
-0.0022101384717964913071
0.0011587391438479117501
-0.00075795575817717419998
0.00054732317775600864972
-0.00041701585252937551603
0.00032795826537922316189
-0.00026286462335280909651
0.00021294227246792010327
-0.00017326129150056328455
0.00014085342723305197331
-0.00011383378089621388302
0.000090957488960613138345
-0.000071380495934556432472
0.000054524273536854488869
-0.000039997924876598765621
0.000027555717160658302232
-0.000017082149767699712892
8.6120869169358238169e-6
-2.44649912443476497e-6
0.001203250642077449166
0.0028025093876350208302
0.0043815901978011013789
0.0059725955501332081292
0.0075039221328173984865
0.0090689164316056685721
0.010528009540345988152
0.01205132953496003936
0.013415147449113204511
0.014881662486888733668
0.016128252110356673936
0.017523859179139714527
0.01863233479671034598
0.019944410155127172887
0.020894943846873598338
0.022112796310852547264
0.022886548209754737824
0.024001926180269254537
0.024580849339613704993
0.025588572967286194554
0.025954995077774424306
0.026853839356760081676
0.026989641409786616393
0.027783722141041103972
0.027668740547592728519
0.028369960579037670596
0.027978746582038493376
0.028611682620440634509
0.027906327706898899002
0.028519523264309451873
0.027431308318129970941
0.028129089330113761395
0.026499010480597542331
0.027565091314387841119
0.024842022679101492603
0.02772535196334587051
0.01235379942788793487
-0.0021366673043725424411
0.0011150571191604024172
-0.00072568411630982090911
0.00052106168246631304764
-0.00039448097620399735102
0.00030798214826032609819
-0.00024477645346929041537
0.00019632691497956421812
-0.0001578499685809385895
0.00012646907075294962078
-0.00010036214699426667339
0.000078331975535710926567
-0.00005957545236042621318
0.000043555003273961754227
-0.000029928176563530768256
0.000018517444507664302073
-9.3237248257066516348e-6
2.6468058744011480568e-6
0.0012050293732781764156
0.0027962759538860688192
0.0043938538050153848361
0.0059530488828771942915
0.007531841148511615399
0.0090316332202012676516
0.010575588009317088524
0.011992561542874518626
0.01348598018744027453
0.014797894268654573402
0.01622583508685028938
0.017411561021562836894
0.01876028268595127909
0.019799829766311095508
0.021057203652508790896
0.021931727410367244528
0.023087660962769131058
0.023779402381262726559
0.024826317991565073453
0.02531841558082113165
0.026251851378706265645
0.026527933646113130055
0.027347386595974448931
0.027390772050783206849
0.028101026289295635866
0.027893170626411578154
0.028506649481679489817
0.028024003302496534716
0.028565478791484836683
0.027772542004933025041
0.028290033801247553554
0.027121608976366192938
0.027717112688368261584
0.026020823866827290776
0.02696971924871988493
0.024214404496922454304
0.026917654063100810774
0.011943574637800173888
-0.0020563407236966389656
0.0010677813807575161399
-0.00069105567108775661594
0.00049308928491954187565
-0.00037063237857452837297
0.00028696300812461502852
-0.00022584414027264423335
0.00017902305828135571751
-0.0001418796322153391148
0.00011164077776006982688
-0.000086556833194156999604
0.000065487781223017267831
-0.000047683159957376597652
0.000032663471583522922527
-0.000020164239758463539891
0.000010137559649396000726
-2.8754686270179968793e-6
0.0012033359001508349143
0.0028022101237776695004
0.0043821806863817957768
0.0059716503931536904876
0.0075052796668359041942
0.0090670909486162647989
0.010530358630461685719
0.012048399412915760369
0.013418719267358464067
0.014877383627374182635
0.016133309565098884127
0.017517943651494942462
0.018639197802114171325
0.019936497929720900324
0.020904022336952785731
0.022102415494304630553
0.022898391160554483941
0.023988431430703780858
0.024596223423572845141
0.025571043469171079047
0.025975019060362590015
0.026830898927137742145
0.027016031096365228142
0.027753199411166782352
0.027704290117398285783
0.028328191053152745435
0.028028368048042843439
0.028551911915744925102
0.027979594577036541721
0.028427675126332844207
0.027549879945166902291
0.027969844542277763096
0.026725099472551446228
0.027216291602426843101
0.025459332033401534775
0.026287919071941402709
0.023509244530713206301
0.026023718611407337756
0.011495090986570959526
-0.0019694148707873316837
0.001017061084293336961
-0.0006541780879484251725
0.00046349160749769892251
-0.00034554218259054856647
0.00026496430982241998908
-0.0002061259594456231057
0.00016108694764782434426
-0.00012540806229165082682
0.000096432573137314431852
-0.000072495015771157067116
0.000052526144720550625653
-0.000035847399850691834524
0.000022070159951736740326
-0.000011075821784563800092
3.1385365024814368936e-6
0.0012049477476096312326
0.0027965623984778498265
0.0043932888570331409987
0.0059539525858443080285
0.0075305442390181884735
0.0090333753634877349827
0.01057334898019557964
0.01199535024919451582
0.013482586578360767352
0.014801951676917219021
0.016221050029660583534
0.017417143942438393059
0.018753823699743999934
0.019807252928603108765
0.021048715961923033237
0.02194139510654133584
0.023076679035758417543
0.023791856131060531655
0.024812205488005923758
0.025334410942072464851
0.026233701452018124305
0.026548571563111750085
0.027323846113687192676
0.027417738104103623418
0.028069964092804231995
0.027929204637641384234
0.028464475908137537935
0.028073912065494754367
0.028505591128571943449
0.027845673792553338823
0.028198702623591470655
0.027239064424265028966
0.027559972383435902959
0.026243057743163938625
0.026628223629559740756
0.02481633916126206557
0.025521870518217057504
0.022728804539909389513
0.025046407677211225633
0.011009785105401647474
-0.0018761667202805469315
0.00096305583103973835699
-0.00061516542570016871969
0.00043235856156322232612
-0.00031928567384743384483
0.00024205230001241384042
-0.00018568340113804716738
0.00014257959281123762859
-0.00010850108375519559901
0.000080922676089355857775
-0.000058279237407257227061
0.00003959422311332391637
-0.000024297672742371761127
0.000012167363154268818108
-3.4438140365459394981e-6
0.0012034144189779619349
0.0028019346441072146418
0.0043827237868935941113
0.0059707821525874036845
0.0075065247111227542916
0.0090654201052908222937
0.010532503503074001408
0.012045731668619445363
0.013421960487297743109
0.014873515494888871981
0.016137861966339559162
0.017512644533586277481
0.018645312500281766599
0.019929490826464297221
0.02091200848106970452
0.022093351605174711158
0.022908646367647108615
0.023976852939100634055
0.024609280057566775473
0.025556325125992414961
0.025991619018817702737
0.026812150951373604569
0.027037253723267848181
0.02772909636505116466
0.02773178500394338442
0.028296649235224252192
0.028064811405414377169
0.02850942852924618863
0.028029671986624582207
0.028367820941291369227
0.027622683766991812712
0.027879281751824417239
0.026841103138464674169
0.02706171927026372117
0.025677037724529841368
0.025954784044261553726
0.024093911977024144312
0.024674022047115217891
0.021875588219901211909
0.023988850004215386977
0.010489211579429690599
-0.0017768930977888247655
0.00090593497808356281082
-0.00057413754227505046672
0.00039978384838045596822
-0.00029194099531151902352
0.00021829611282933289506
-0.00016458209472919431011
0.00012356925844490817585
-0.00009123800389862059609
0.000065214530257315825851
-0.000044059422084145157864
0.000026930257553473554268
-0.000013450258011982565284
3.8015281042774237705e-6
0.0012048718334682555647
0.0027968286834024332673
0.0043927640841365892786
0.0059547910613512752295
0.0075293427558174379466
0.0090349862788137642891
0.010571283307349265193
0.011997916169505041192
0.013479473725858679506
0.014805660278467383013
0.016216693801119894931
0.017422203719261570348
0.018747999320290998226
0.01981390935054811759
0.021041152193892940634
0.021949951168966929092
0.023067033903684359417
0.023802701648192266565
0.024800030311216003948
0.025348067377190459069
0.026218384189843097783
0.026565764594695210787
0.02730451714615584313
0.027439521712957494582
0.02804533028716623923
0.02795718671733982757
0.028432508180278647922
0.028110696094150537088
0.02846288538714169067
0.027895808436449629822
0.028139024490529335592
0.027311356140329095195
0.027470419359851612844
0.026357286101177534513
0.026476667328364996456
0.025028865016013601181
0.025198119261792601729
0.023294373616749467749
0.023747082617725939172
0.020952333449577065886
0.02285443085160009731
0.0099350379685842949024
-0.0016719095928584269895
0.00084587684374914681282
-0.0005312193984448075282
0.0003658644046334750759
-0.00026358893115034809302
0.00019376830415777987398
-0.00014289388312517636448
0.00010413658138749261188
-0.000073722710649735910466
0.00004945995546876339767
-0.000030081895765086873602
0.000014975711352863742656
-4.2253164445457110519e-6
0.0012034882179131765625
0.002801675829947746589
0.0043832336547872235981
0.0059699679147522262025
0.0075076906658277175531
0.0090638581578938796295
0.010534504328905471126
0.012043249298753119789
0.013424967779271106624
0.01486993836187051307
0.016142056202295612984
0.017507782759464811096
0.018650896325429577372
0.019923125337070013251
0.020919221538271943839
0.022085217371022158685
0.02291778480650126199
0.023966615744536557129
0.024620724702736866567
0.025543546886784348815
0.026005878663650604708
0.026796234963881481742
0.027055035269412421692
0.027709196252311775503
0.027754113333627009127
0.028271508735134116953
0.028093247073760313194
0.028477080236200816866
0.02806673676075001185
0.02832497109588942163
0.027672774012246278494
0.02781991171709989455
0.026912710164224428568
0.02697340435154409465
0.025789182564834084519
0.0258066728021944405
0.024300631947527003411
0.024360639145048383995
0.022420296882966698311
0.022744012455928541836
0.019962003911098680187
0.021646780949885174372
0.0093490394669913863207
-0.0015615493493801615918
0.0007830677741266385113
-0.00048654022957011702503
0.00033069981253964264498
-0.00023431294860287171847
0.00016854634229915268999
-0.00012070138208969136287
0.000084385452351782759785
-0.000056107730435653925468
0.000033912164030365527814
-0.000016814102646326335648
4.7337311457987121369e-6
0.001204799661336886673
0.0027970817455189251951
0.0043922657142971761957
0.0059555865514455174535
0.0075282043744970842893
0.0090365100739290572204
0.010569333224992287023
0.012000332856902072478
0.01347654981831510449
0.014809133058418685574
0.016212628759744313298
0.017426906856401998606
0.018742609050929544398
0.019820039832236714735
0.021034223411374187754
0.021957742481452940398
0.0230583083376853114
0.023812442329547020959
0.024789182490985743081
0.025360128043258811065
0.026204988106471996056
0.026580639592974040745
0.027287993557812062499
0.027457896624477924857
0.028024859117011330165
0.02798005362809102552
0.028406874548227046868
0.028139562656744657602
0.028430190518489015012
0.027933105884808096101
0.028096096357957381255
0.027361313488482920119
0.027411475448606512006
0.026428051056249170272
0.026389801977471746677
0.025138637515951401951
0.025053858667185995595
0.023494692213696579297
0.02344500808449144879
0.02147449703544044894
0.021668012747108600595
0.018907780179041308001
0.02036976457066589685
0.0087330932183974718518
-0.0014461617014744741778
0.00071770101513656884747
-0.00044023254696926652176
0.00029439175082982243862
-0.00020419990989254497536
0.00014271629713100629274
-0.00009810822658539167223
0.000064467557941561868411
-0.000038651193404885151676
0.000019064645718047212291
-5.3525937427211245922e-6
0.0012035592639608322049
0.0028014267592424525694
0.0043837240114708926777
0.0059691855687867138702
0.0075088095710160064095
0.0090623615440654959281
0.010536417915118071203
0.012040880329946230407
0.013427830475905930951
0.014866542988992600201
0.016146024419844004524
0.017503199698136596391
0.018656138699323186913
0.019917176014243728483
0.020925929401649187703
0.022077694508497655127
0.022926185070287342508
0.023957268441864941885
0.024631097489728363607
0.025532059424683580795
0.026018583153031160775
0.026782194885768819893
0.027070549597755184567
0.027692043883825213046
0.027773099245064856193
0.02825045331975424063
0.028116660208905267891
0.028450952723326381356
0.028096026391058531694
0.028291948177473295821
0.027710272179445054957
0.02777695426375114146
0.026962463825909996492
0.026914985829024562391
0.025858968186341751866
0.025721446498641972367
0.02440776801548202241
0.024220605684196463371
0.022613655335535525208
0.022454134653626295223
0.020460024339698666022
0.020522514121595260085
0.017793050428196796396
0.019027466685162508351
0.0080891723065464579212
-0.0013261105977491675891
0.00064997529849761092896
-0.00039243093081279240598
0.00025704372450631679252
-0.00017334250057609154241
0.0001163818554391028309
-0.000075263386252933586579
0.000044642907186606308986
-0.000021871438389563826468
6.1188119301275724353e-6
0.0012047292117745012534
0.0027973286855622312401
0.0043917796927810637052
0.0059563616555679793233
0.0075270964389597603827
0.0090379909944279608524
0.010567441274374207161
0.012002672758932351945
0.013473725430002919651
0.014812478692133274852
0.016208724346992253389
0.017431408888380901383
0.018737468708222420628
0.019825861612142826107
0.021027673985042003689
0.021965069585097386972
0.023050148843041293912
0.023821494632845021395
0.024779170028723716213
0.025371176444869940414
0.026192817708502584536
0.026594030623947377414
0.027273267772621124866
0.027474090476570506889
0.028007039905633757996
0.027999685736824394424
0.028385203442196753687
0.028163548630671825174
0.028403548668093704846
0.027962831231126812211
0.028062742633130382527
0.027399002566137564762
0.027368514546915008159
0.026477554406744785263
0.026331982681459490654
0.025207333540262121885
0.024970431802964521986
0.023598959838334382337
0.023309541489884775663
0.021660381386987810125
0.021391159480301937688
0.0193801567495980398
0.019311163676165566573
0.016621401005730186059
0.017624179138877172606
0.0074193394412902603053
-0.0012017727094942354566
0.00058009298931405979807
-0.00034327061966612433431
0.0002187617858550043886
-0.00014184620211138509519
0.000089687275001876929267
-0.000052424271502355226897
0.000025451386014877589909
-7.0868156813457679918e-6
0.001203629697409877103
0.0028011799121401261037
0.0043842097205482018289
0.0059684112627735853611
0.0075099158014357435789
0.0090608838425810757084
0.010538304308682798791
0.012038549399102588362
0.013430641111671027951
0.014863217592748540104
0.01614990001732675691
0.017498737604256077899
0.018661224908628447012
0.019911426253945091113
0.020932384502010125051
0.022070489322644044108
0.022934188736290967736
0.023948413440452989895
0.024640862107392208879
0.025521320321277251127
0.026030369618986430807
0.02676927842315793839
0.027084690630872537471
0.027676569014625854546
0.027790035417633281449
0.028231905643779854448
0.028136998246202510601
0.028428608951431835643
0.028120638367475951487
0.028264743936504614925
0.027740474566813883159
0.027743237176273919197
0.027000364985014097547
0.026872015111831933338
0.02590820822004703281
0.025664265083062047422
0.024475301227658523848
0.024139099229837769578
0.022714865202092465163
0.022323526984853379099
0.020637976755864660777
0.020259440660947672401
0.018238393392794933819
0.018037810029489209436
0.015396607302415382083
0.01616438567177074165
0.0067257403640990676668
-0.0010735350252665514803
0.00050825754442327321807
-0.00029288611475989676114
0.00017965843418806522188
-0.00010984915522332555709
0.000062881085652270297247
-0.000030145571383816245079
8.339933462680960052e-6
0.0012046581323933651269
0.0027975777627787145372
0.0043912897152089995778
0.0059571424895394616162
0.0075259814029036796619
0.0090394795916952431906
0.010565542302963583775
0.012005017299091870047
0.013470901074550769572
0.014815816692622001621
0.01620483883248876769
0.017435876244694189734
0.018732384313789999865
0.019831599529914477557
0.021021244320668120954
0.021972231452921284891
0.023042211520417994676
0.023830254104175144729
0.024769537510841854255
0.025381738018341408855
0.026181264864631033127
0.026606644494465119214
0.027259513930205703995
0.027489074479260451196
0.027990721722254951633
0.02801745925328807347
0.028365832051475394493
0.028184687387596023217
0.028380438732841262958
0.027988160391642227124
0.028034888399033051525
0.027429764441030852243
0.027334358799899555193
0.026515733236930500961
0.02628894960676107097
0.025256345294397478959
0.024913876840078898379
0.023665309421545904756
0.023230021224701945182
0.021758403029467997883
0.021265638623995693272
0.019549792368308958405
0.019062535410307708488
0.017038450123466320903
0.016706485397856719668
0.014122625752834380944
0.014652745402703612281
0.0060105970024314055019
-0.00094179154197332747928
0.0004346698935535137187
-0.00024141089139442366446
0.00013986690675578141623
-0.00007758283564859864068
0.000036520519085865602204
-0.000010011673792025933646
0.0012037022129763566125
0.0028009258333259578936
0.0043847094266918588324
0.0059676151807346275667
0.0075110521313459877614
0.0090593676170711921832
0.010540237297394481401
0.012036164640484621361
0.013433511439338442698
0.014859828597072422422
0.016153840505089861907
0.017494212693795641953
0.018666367641896964916
0.019905631464775047733
0.020938866793001404431
0.022063282460083288691
0.022942159321368603696
0.023939637380117498129
0.024650488601070816388
0.025510794520305105493
0.02604184836460380519
0.026756787309210912599
0.027098260571348414143
0.027661845215760514087
0.027805998598331816136
0.028214604650588555241
0.028155751466457855262
0.028408269140195869719
0.028142724259492865719
0.028240720496050547468
0.027766668210108249493
0.027714586902006416319
0.027031829623117936038
0.026837282133021626853
0.025946796101017701397
0.025621048722581328724
0.024524190827635068564
0.024083085350040263761
0.022780087375766482824
0.022245978141024827664
0.020732764542032646582
0.020139143834921641938
0.018399427199470658542
0.017804175274848319913
0.015784259700937761479
0.015321382541697993961
0.012803588682462220191
0.013094073913074174924
0.0052762004170041135301
-0.00080693824351793852955
0.00035952330353342284719
-0.00018898293810806163191
0.000099592688850836692345
-0.000045586189079921131548
0.000012328415966739831936
0.0012045831871409073582
0.0027978403260104283957
0.0043907734242507743159
0.0059579647573671713679
0.0075248081380439738525
0.0090410443637577687392
0.010563548553863723935
0.0120074753802424615
0.013467944773004118188
0.014819304130082545387
0.016200787911855121918
0.017440522781129700929
0.018727109915918456174
0.019837534467454984998
0.021014615406733198566
0.021979588883404205198
0.023034089553341412138
0.023839178529060587131
0.024759770324615895916
0.025392391210636942522
0.026169678821818239247
0.026619214617641788221
0.027245903163358662074
0.027503788942772536787
0.027974832594644136088
0.028034603700766480601
0.028347339707846338182
0.028204634964419816711
0.028358910168113223122
0.02801141888528279809
0.028009721544222894556
0.027457056044273640181
0.027304676551684141657
0.026548137607716647266
0.02625340322273073382
0.025295575216747167406
0.024870250538427672971
0.023714292952720045962
0.023174348724628907052
0.021822672918238868651
0.021189922630493192177
0.019641429986986964964
0.018947463689350806312
0.017190743061975625006
0.016488229081317745606
0.014479982194497519435
0.013886821704519755176
0.01144380589391763057
0.011493319855696743553
0.004524903630182265602
-0.00066936459702381692043
0.00028299726972141783459
-0.00013577758225968560457
0.00005932325327345849846
-0.000015702958013368451065
0.0012037809154475584884
0.0028006501333949462901
0.0043852514554776072922
0.0059667521379676198421
0.0075122831700301815142
0.0090577264685727434347
0.010542327324307287493
0.012033589361885993145
0.013436606604131133958
0.014856180158729353373
0.016158074751318845622
0.017489360622402878213
0.018671869341560103434
0.019899448260582701593
0.02094576373631852068
0.022055638890317585092
0.022950583371793322909
0.023930397683293667056
0.02466058080837031926
0.025499810797712219454
0.026053765262129320864
0.02674389231672943511
0.027112182561174762298
0.027646842473489965039
0.027822141761094499693
0.028197254181481385928
0.028174384968095294728
0.028388266000489826556
0.028164197113168019042
0.028217661050628534432
0.027791452265349973624
0.027687913350351990306
0.027060592105048824566
0.026806186272205797723
0.025980529342329355958
0.025584293925066521868
0.024564461485899792328
0.024038649680093293986
0.022829560954722748122
0.022190259841493936628
0.020796452380701451937
0.020064919141121662711
0.018488209586566442869
0.017694109334397063373
0.01592790455304119201
0.0151186397878893809
0.013130039081297419339
0.012407195428332516493
0.010047782801769058358
0.0098555316477991020865
0.0037591145833779470533
-0.00052943753987642930566
0.00020525965514848840037
-0.000082183768573850713911
0.000020964718918286937295
0.0012044988149916506913
0.0027981358631479590278
0.0043901924806774960979
0.0059588895646386634069
0.0075234893698004148323
0.0090428018514624958561
0.010561311313047639595
0.012010230681783951365
0.01346463514668316712
0.014823202804869358516
0.016196266609739824792
0.017445699473866143828
0.018721245595891431504
0.019844118391139748213
0.021007279906569507475
0.021987708187040167371
0.02302515369710349575
0.023848964496310562541
0.024749099563055056361
0.025403982929039645865
0.026157128099813104194
0.026632764744220303905
0.027231310324372562595
0.027519471366471470023
0.027958009358355812814
0.028052624294760045622
0.028328058712747411897
0.028225247367821414995
0.028336885547488089664
0.028034948664568789795
0.027984578541283493111
0.027483939346935540177
0.027275901739033763169
0.02657898612946691118
0.0262202584774484388
0.025331291944238759897
0.024831614522883111586
0.023756293643562401187
0.023128400361169120085
0.021873350332301378278
0.02113343946804464223
0.019705252486298439734
0.018874027384010170334
0.017277341621603808155
0.016382557709780427354
0.014615480100631787629
0.013699298569686173168
0.011739207495754755977
0.010886857326554375493
0.0086202833644013514344
0.0081857979899834587
0.0029812901799621530427
-0.0003874694040804703198
0.00012655806882652173451
-0.00003002486926329341954
0.0012038740024138008753
0.0028003240919059556977
0.004385892284935086319
0.0059657321764403285413
0.0075137372922884631171
0.0090557891553950085057
0.010544792624274202359
0.012030554429013652231
0.013440250400338924179
0.014851890150240352538
0.016163046852329176512
0.017483671681010073779
0.018678309026597890518
0.019892224515396120601
0.020953804512621656685
0.022046748222574992338
0.022960356917817455922
0.023919707898374160007
0.024672220831592763658
0.025487185607104727938
0.026067411804632503746
0.02672918661127132716
0.027127987296304433138
0.027629896283648184591
0.027840274984819871886
0.028177884476588846578
0.028195045334165618158
0.02836625500260635242
0.028187625812070992275
0.028192738848381741264
0.027817954572185671119
0.027659730896539305418
0.027090571612527810416
0.026774271442913362073
0.026014545122012644142
0.02554797606772186735
0.024603329296208401201
0.023996921413322518022
0.022874545766880512737
0.02214150270620204958
0.020849669584669391351
0.020006299010601741931
0.018553568755104208365
0.017620039782545535583
0.016013743602948759834
0.01501596453350676571
0.013258712227035742035
0.012233743070754553011
0.010312890264748390585
0.0093298429256489052216
0.007166535052712553516
0.006489103673305842338
0.0021939365267646320443
-0.00024366991234460683431
0.000048323477773378975689
0.0012043913836991213301
0.0027985121269317498561
0.0043894530088760855292
0.0059600663689436755344
0.0075218119412951911263
0.0090450361767460157497
0.010558468816077660259
0.012013728864072011182
0.013460436696091647002
0.014828143774332127739
0.016190542747400696492
0.017452245091353550562
0.018713840567341025613
0.019852419546960580091
0.020998046604571081614
0.021997909185774560448
0.023013949695325971664
0.023861206789807754584
0.02473578347083268288
0.025418408797383368981
0.026141555732249737199
0.026649521386324087984
0.027213330233221184368
0.027538715878831221332
0.027937457191428543
0.028074530156424192411
0.028304749660073807603
0.028250013344751293192
0.028310603727138635727
0.028062811598800724777
0.027955061424613212839
0.02751519332937747864
0.027242816283854442578
0.026614012560675811703
0.026183162788900284435
0.025370609096853401051
0.024789892831113783048
0.023800643361617830764
0.023081145317832401211
0.021923861082394921642
0.021079221064753830205
0.019763775502481417081
0.018810389013843841528
0.017347233578093470068
0.01630474822404761755
0.014703765594402239033
0.013596338455301196213
0.011864362756019537709
0.01072424414028835931
0.0088580232736257902666
0.0077389532209561538336
0.0056930100007199411037
0.0047698208548587990917
0.0013996580666401918385
-0.000098643462620001050992
0.0012040094209719938885
0.0027998498235059699972
0.0043868243048500870017
0.0059642490886516231601
0.0075158510374763481184
0.0090529740955597286886
0.010548373259085381233
0.01202614881064687034
0.013445536591740764496
0.014845670877185676484
0.016170249191678163571
0.01747543837490915873
0.018687619477691029439
0.019881792153639802366
0.020965402412990037312
0.022033942040615147087
0.022974413479791722618
0.023904359266484709814
0.024688903053364447375
0.025469128197821069742
0.026086886339730007814
0.026708252386229780764
0.02715042471598344776
0.027605910871230461172
0.027865854882540121098
0.028150661445019865898
0.028223962841262491061
0.028335588353305172178
0.028220100346196639499
0.028158392709291387181
0.02785424210749842732
0.027621424761966910032
0.027130982623134475698
0.026731658120905993463
0.026059471998421278782
0.025500607173138847587
0.024653290358984758689
0.023944190403927994128
0.022930260187944295019
0.02208254455888638987
0.020912194463878182959
0.019939798592309425954
0.018624574129327707354
0.01754382500617589241
0.016096136186279297793
0.014926008493371290041
0.013358316791825955291
0.012121140932234934109
0.010444363537151488574
0.009167821917746643174
0.0073873351623648839886
0.0061112528176400268118
0.0042117860158773978556
0.0030286326869727207446
0.00060208090499494720479
0.0012041618099898944096
0.002799316133280383677
0.0043878730535292640887
0.0059625803599243060854
0.0075182291667558941066
0.009049807260364531204
0.01055240083400822706
0.012021194004862811004
0.013451480728198135334
0.014838678882580520611
0.016178344613092915842
0.017466186436794943704
0.018698078933982772641
0.019870075937168589805
0.020978423158859381198
0.022019570210803294948
0.022990181973141919052
0.023887149275600347775
0.02470759885577586974
0.025448902562246989612
0.026108685772816042282
0.026684835000802736362
0.027175504664955551035
0.027579123001254343798
0.027894397097642043551
0.028120317035542184014
0.0282561591248860007
0.02830148822228021272
0.0282561591248860007
0.028120317035542184014
0.027894397097642043551
0.027579123001254343798
0.027175504664955551035
0.026684835000802736362
0.026108685772816042282
0.025448902562246989612
0.02470759885577586974
0.023887149275600347775
0.022990181973141919052
0.022019570210803294948
0.020978423158859381198
0.019870075937168589805
0.018698078933982772641
0.017466186436794943704
0.016178344613092915842
0.014838678882580520611
0.013451480728198135334
0.012021194004862811004
0.01055240083400822706
0.009049807260364531204
0.0075182291667558941066
0.0059625803599243060854
0.0043878730535292640887
0.002799316133280383677
0.0012041618099898944096
0.00046929021759072926028
0.0024710110762940624784
0.0060655294005554007388
0.01124213224800539557
0.017984335703432400611
0.02627056597939462907
0.036074287639604151592
0.047364099627999987109
0.060103838790052246966
0.07425269669142276427
0.089765350720339543773
0.10659210943618881705
0.12467907182598904566
0.14396830000668108055
0.1643980048400868021
0.18590274387503592995
0.20841363098698394851
0.23185855704582835164
0.2561624209062629514
0.2812473699814127041
0.30703304962951028512
0.33343686055498805741
0.36037422339959673073
0.3877588496760772583
0.41550301817656339586
0.44351785597033536671
0.47171362309083161184
0.5
0.52828637690916838816
0.55648214402966463329
0.58449698182343660414
0.6122411503239227417
0.63962577660040326927
0.66656313944501194259
0.69296695037048971488
0.7187526300185872959
0.7438375790937370486
0.76814144295417164836
0.79158636901301605149
0.81409725612496407005
0.8356019951599131979
0.85603169999331891945
0.87532092817401095434
0.89340789056381118295
0.91023464927966045623
0.92574730330857723573
0.93989616120994775303
0.95263590037200001289
0.96392571236039584841
0.97372943402060537093
0.98201566429656759939
0.98875786775199460443
0.99393447059944459926
0.99752898892370593752
0.99953070978240927074