0.008779865082937965758
-0.003283116230429340868
0.0024376997719052364837
-0.0019580992967758044685
0.0016111677584794634965
-0.0013305215627029150677
0.0010896388846622097479
-0.00087630200574045181511
0.00068469369103992545393
-0.00051234841284292104897
0.00035884823129834446372
-0.00022533104839267208487
0.00011462820860099228952
-0.000032727420446201760789
0.018998153590193569203
0.020039521789940052451
-0.0052882869287790577283
0.0035514117389697223431
-0.0027182264868894430009
0.0021638604352249803037
-0.0017350699641636410831
0.0013771125761774935767
-0.0010667364774638031504
0.00079356802613872967755
-0.00055359321933643732702
0.00034668128126953927744
-0.00017605996067176050959
0.000050221767603297298029
0.016855223027950313946
0.043567390769640873165
0.030379642671975796172
-0.0069392317551903511935
0.0043344047055009054001
-0.0031635153229594358006
0.0024227728905435910263
-0.0018712135505188842477
0.0014245300638396422269
-0.0010476043031229828963
0.00072515325262585325926
-0.00045177184598141875378
0.00022868363414208111459
-0.00006512177332848001269
0.017997172946590066009
0.03826817439156367117
0.066123334553687190575
0.039300791789548383642
-0.0082337353649133582674
0.00485948742725785846
-0.0033912837807224448552
0.0024911995991294662482
-0.0018402103787516919581
0.0013274581994761573653
-0.00090727712118231271373
0.00056054587437225696483
-0.00028227785946556574193
0.000080167317567588027127
0.017254761798406629893
0.04125339799178539039
0.057920462373854404782
0.085577871476919731199
0.046384599369484453435
-0.0091281200030688214712
0.0051298239065868269243
-0.0034239950868932336848
0.0024010077122040084122
-0.0016785938592608716684
0.0011247301694118544377
-0.000686129552116775559
0.00034284490903825484509
-0.000096979385428897917527
0.017787447266649898722
0.039233759895866247414
0.062632719742161539347
0.074878715481176031033
0.10102275350074334164
0.051299615930323900991
-0.0095863697595316087095
0.0051428942565400377341
-0.0032729820028594501605
0.0021709671465160651588
-0.0014097907680734869007
0.00084360698477186347509
-0.00041670660679593137159
0.00011718446856667140806
0.017381959820459448153
0.040725133888021478765
0.05939160612598829775
0.081078174713581053275
0.088347744362584110891
0.11173735846979930475
0.053815963365789447549
-0.0095894450274670615429
0.0049024208363142884874
-0.0029511808470121577474
0.0018192764865346999521
-0.0010563185246974520092
0.00051279723991808051117
-0.00014296526348536981439
0.01770269542936130133
0.039566246339962024392
0.061815603868649044354
0.076782307092562067333
0.095720379585981064618
0.097696811024333513496
0.11722137175904595664
0.053815963365789447549
-0.0091381266091515027645
0.0044214543763847959798
-0.0024765911344842859899
0.0013676792179632945949
-0.00064609030814137386222
0.00017777034541648336298
0.017442545697309260108
0.040495750186676036274
0.05991567835917972887
0.080011374347170254185
0.090598231592452841712
0.10587221386350725214
0.10248903247503885736
0.11721829649111050381
0.051299615930323900991
-0.0082535547617744347702
0.0037228680979207362517
-0.0018734343982099470025
0.00084528368401385748924
-0.00022771710077396720608
0.017656709551304829433
0.039736198670841850058
0.061445414896068367904
0.077476853409684912847
0.094447792598229778539
0.10019822414844379357
0.11105592181847212878
0.10250210282499206817
0.11172735186371662345
0.046384599369484453435
-0.0069762878978229639141
0.002838822970097187563
-0.0011743544119052854871
0.00030496836746930162283
0.017479562848308343489
0.040361321439345670645
0.06019873946957933538
0.079508860700279079999
0.091441740539492749506
0.10443944223939949394
0.10514072713244942885
0.11102321051230133995
0.097739744433389943523
0.10100293410388226514
0.039300791789548383642
-0.0053640492097355982302
0.0018108691883164337327
-0.00043744278071413449357
0.017624851939204411529
0.039850359945738023788
0.061211057189933011098
0.077876430326470914026
0.093816803042091889767
0.10117470179680815976
0.10950314028209777935
0.10520915384103530407
0.10576274718360723778
0.088434794033468001471
0.085540815334287118478
0.030379642671975796172
-0.0034883471897607682618
0.00070450713792561757027
0.017509508398272634218
0.040255103540551865412
0.060412604062682053067
0.079155176798433204612
0.091975630712830177193
0.10366596833811160513
0.10625481415540140152
0.10936699669574253618
0.10043537142542282168
0.095487425225858349872
0.075050171840127044942
0.066047572272730650073
0.020039521789940052451
-0.0014384234243176376873
0.017592457586322133277
0.039964415371279112613
0.06098461639234426443
0.078242735347798422821
0.09328154715181182792
0.10191453816960787653
0.10850822873731934691
0.10654228784691668535
0.10392975342335071705
0.091158030980489443374
0.080559682875872571753
0.058321585572046355861
0.043362159810309445771
0.008779865082937965758
0.017559730165875931516
0.040079043579880104903
0.060759285343951592345
0.078601583579096767285
0.092769198738968906871
0.10259923186064780198
0.1076319267315788951
0.1076319267315788951
0.10259923186064780198
0.092769198738968906871
0.078601583579096767285
0.060759285343951592345
0.040079043579880104903
0.017559730165875931516
0.0068580956515938305792
0.035782558168213241332
0.086399342465117503405
0.15635354759415726493
0.24237568182092295402
0.34044381553605511978
0.44597252564632816897
0.55402747435367183103
0.65955618446394488022
0.75762431817907704598
0.84364645240584273507
0.91360065753488249659
0.96421744183178675867
0.99314190434840616942