0.011793834096627956799
-0.0043799021576793165094
0.00321056964125654262
-0.0025286807629152755933
0.0020232451989485684557
-0.0016073590208866566369
0.0012477447519265958231
-0.00093049983662997414833
0.0006506247887754651339
-0.00040823788255816811287
0.00020761510848028751462
-0.000059271048705650690554
0.025519823232624463944
0.02673483149882960774
-0.0069657036625559352808
0.004587377223464344007
-0.0034148783132572631522
0.0026158011723129094444
-0.0019887360414740018438
0.0014642593652579733206
-0.0010155296188907128535
0.00063388072966670808543
-0.00032134133725187849097
0.000091587566036356740499
0.02264150824645469787
0.058123057754683715716
0.040019582135836556584
-0.008966328046013751899
0.0054488048981657557154
-0.0038283982677820909473
0.0027815691656187481241
-0.0019943571019279432316
0.0013606262507655327203
-0.00084055383998453206326
0.00042346005614134717466
-0.0001203083491103792807
0.024174826122697199122
0.051055048429388676376
0.087103853872401591555
0.050791856680766480437
-0.010357747021696814362
0.0058886796961871089415
-0.0039020437062079334351
0.0026638869906981792913
-0.0017659336608137411451
0.001072055592315174932
-0.00053453476634562252445
0.00015107462730097716321
0.023178887363393649234
0.055033673524889811876
0.076303560583484588751
0.11059623616095429585
0.05837313413458870219
-0.011075419981773791702
0.0059169088296593109778
-0.0036759749851926730163
0.0023179116258060688579
-0.0013672957437024320798
0.0006706291855170222863
-0.00018800019671465010012
0.023892017386948593497
0.05234690429349055361
0.082498930927561077203
0.09678177843685908682
0.12712579292430308627
0.06228676145335069625
-0.011081917729120637287
0.0055451351895139372466
-0.0031819288732202747127
0.0017871732787610130891
-0.00085360872397061616863
0.00023625717978902644105
0.023351411013466887156
0.054323271721629831649
0.078251990992912100078
0.10476564223475323559
0.11120113307966346713
0.13565544063582202979
0.06228676145335069625
-0.010379524655125681895
0.0048019349246738740542
-0.0024597666558879640356
0.0011227587041686618697
-0.00030434919369267989962
0.023775668389970563697
0.052799033812142193194
0.081406460015375545247
0.099265801735726892017
0.1204222432543700774
0.11865661407704208152
0.1356489428884751842
0.05837313413458870219
-0.0090125227994213349741
0.0037356036881885244164
-0.0015640105272305963957
0.00040878082986226436309
0.023436593565954936434
0.054004197764004838005
0.078967108679357938235
0.10334964702234670202
0.11408238127847922509
0.12847556661290932594
0.11868484321051428356
0.12710401529087421874
0.050791856680766480437
-0.0070646896007284783874
0.0024146145682705391045
-0.00058715792944128552501
0.023707976542366292878
0.053046202941517868305
0.080879718111657645231
0.10022308711076742815
0.11874062537110534761
0.12179195374108264438
0.12840192117448348345
0.11129746337101164866
0.11055004140754671277
0.040019582135836556584
-0.0046533947570245002356
0.0009461599468012157278
0.023496080627219556857
0.053791004334911093971
0.079405283542006405082
0.10259924298042367373
0.11528200890391943106
0.12656225894817539434
0.12195772173438848306
0.12016114658243466753
0.096996336138068616868
0.087004867934229048448
0.02673483149882960774
-0.0019321550393685503469
0.023646939241961564288
0.053262047889178927966
0.08044740215423128128
0.10093308857275749574
0.11767676810580737853
0.12332577815477479668
0.12618088192758804914
0.11472302307022883592
0.10411239412444823647
0.076828594630416570547
0.05784956515533853199
0.011793834096627956799
0.023587668193255913597
0.05346966299765921548
0.080039164271673113167
0.10158371336153296087
0.11674626826917740438
0.1245735229067013925
0.1245735229067013925
0.11674626826917740438
0.10158371336153296087
0.080039164271673113167
0.05346966299765921548
0.023587668193255913597
0.0092196828766403746547
0.047941371814762571661
0.11504866290284765648
0.20634102285669127635
0.31608425050090990312
0.43738329574426554226
0.56261670425573445774
0.68391574949909009688
0.79365897714330872365
0.88495133709715234352
0.95205862818523742834
0.99078031712335962535