0.00049036334041757066794
-0.00018681266774159675503
0.00014351343565224244903
-0.00012124870360311158508
0.00010684047538371219387
-0.000096429685923531383911
0.000088388962104258067885
-0.000081890947903302922876
0.000076462971460300228924
-0.000071812333210343853825
0.000067746708566244264232
-0.000064133836741748998406
0.000060879418425097111179
-0.000057914221190625411415
0.000055186171039829799293
-0.000052655297900190242905
0.000050290391379844353411
-0.00004806672182300267952
0.000045964447249280761852
-0.000043967474725478015355
0.000042062630463303064178
-0.000040239044348270483715
0.000038487686368270637694
-0.000036801012562332080675
0.000035172691202140542988
-0.000033597388607509029463
0.000032070599875474030012
-0.000030588513850234797191
0.000029147904493064993489
-0.000027746042822142813488
0.000026380625039667018452
-0.000025049713518870395758
0.000023751688102180991224
-0.000022485205742989039251
0.000021249166962260321339
-0.000020042687926336381906
0.000018865077211344753927
-0.000017715816522762059637
0.000016594544800624178271
-0.000015501045272829760402
0.000014435235129650784777
-0.000013397157589089303718
0.000012386976211397487438
-0.000011404971408029067023
0.000010451539182200318028
-9.527192243313729948e-6
8.632563766864935802e-6
-7.768414241414295347e-6
6.9356420800841640069e-6
-6.1352990171063030008e-6
5.3686118303800575075e-6
-4.6370127534533164919e-6
3.9421822967158547052e-6
-3.2861105429215278071e-6
2.6711872668113167629e-6
-2.1003395937671169511e-6
1.5772536602586906053e-6
-1.1067587090370332711e-6
6.9556733638769036518e-7
-3.5396247518546740822e-7
1.010698713282556521e-7
0.0010610666151689103982
0.0011402310015031042961
-0.00031129281618199795594
0.00021984598036797782093
-0.00018016291417813247998
0.00015670637158234050886
-0.00014059059112353911134
0.00012849852208029241592
-0.00011888958866417588507
0.00011094066336206371455
-0.0001041668494015186474
0.000098261275829320481103
-0.000093018839432155916814
0.0000882964648371152037
-0.000083990867730256082565
0.000080025377314697668942
-0.000076341749834145211429
0.000072894877970338734507
-0.000069649255337403583856
0.000066576545001642229673
-0.000063653865131425772943
0.000060862553677964856306
-0.000058187261003313903798
0.000055615271964097933619
-0.000053135991687143265229
0.000050740550175812785519
-0.000048421494550870074197
0.000046172546852983485411
-0.00004398841154229582781
0.000041864621129301464572
-0.000039797411395775242232
0.000037783619824046657528
-0.000035820602416224131811
0.000033906165231472102598
-0.000032038507820857905334
0.00003021617637946986208
-0.000028438024923095218545
0.000026703183173372411786
-0.000025011030131078213242
0.000023361172554280840406
-0.00002175342775336503574
0.000020187810281818351955
-0.000018664522251522789787
0.000017183947144693125051
-0.000015746647142592502947
0.000014353364156812143402
-0.000013005024949512002064
0.000011702750989526006992
-0.000010447874050075908637
9.2419590733843741173e-6
-8.0868366136147650467e-6
6.9846484101529965032e-6
-5.937911687681612786e-6
4.9496113131935724056e-6
-4.0233353945347488498e-6
3.163482505230631388e-6
-2.3755954521293582406e-6
1.6669397164652263822e-6
-1.0476183342816695368e-6
5.331127176301638538e-7
-1.5222373491477526486e-7
0.00094136972621953941811
0.0024789676532237295989
0.0017880887479372723965
-0.00042940169038588389497
0.00028706506764273301631
-0.00022881625604055952361
0.0001959508625109564888
-0.00017414987859294192133
0.00015821082518403520156
-0.00014578305511314270525
0.00013564362101686774297
-0.00012708977989646523389
0.00011968674569704790562
-0.00011314974898427046333
0.00010728367317098928685
-0.0001019498709158024633
0.000097046833216559655955
-0.000092498374302158814467
0.000088246112255038371571
-0.000084244515578464046808
0.00008045754153836502894
-0.000076856294878921373489
0.000073417359679485781218
-0.000070121586680824208123
0.000066953195819445391626
-0.000063899101345878453219
0.00006094839700137344571
-0.000058091958201508242658
0.000055322131048478790744
-0.000052632486671591247329
0.000050017625350481858056
-0.000047473019029884947826
0.000044994883777367098404
-0.000042580075849725161701
0.000040226006573615093272
-0.000037930572382372378449
0.000035692097200803180047
-0.000033509285014178290153
0.000031381180954111340418
-0.000029307139623755345365
0.000027286799698308541639
-0.000025320064097530339853
0.000023407085253709099282
-0.000021548255207856957489
0.000019744200475071046737
-0.000017995781845119465077
0.000016304099549323305932
-0.000014670504561914183648
0.000013096617262121198828
-0.000011584355340973975818
0.000010135973827290214293
-8.7541216662741118405e-6
7.4419218496714671343e-6
-6.2030865276254408495e-6
5.042086623258853307e-6
-3.9644112630472142653e-6
2.9769858367139912969e-6
-2.0888967179666458121e-6
1.3127882662325137655e-6
-6.6804676438403880002e-7
1.9075156249928221572e-7
0.0010051803963942489429
0.0021773614174529437116
0.0038919705530341253745
0.002431365457589033434
-0.00054489247366373217755
0.00035096187974836206547
-0.00027362810389924500576
0.00023104165053512655637
-0.00020339017876988680758
0.0001835362216086685446
-0.00016828527146150983715
0.00015599239520854503539
-0.00014572252579692128814
0.00013690345168272270254
-0.00012916443819076754491
0.00012225412253167242767
-0.00011599566997197098776
0.00011026082945576845031
-0.00010495418944831579099
0.00010000323112917981046
-0.000095351824057159836991
0.000090955844312306510344
-0.000086780144711216217022
0.000082796411357863976561
-0.000078981616131189992148
0.000075316879007376813204
-0.000071786618000198974166
0.000068377904675689933608
-0.000065079969063418552352
0.000061883814801501764014
-0.0000587819167654372044
0.000055767981224332534895
-0.000052836753978465180622
0.000049983865746070252975
-0.00004720570679489302664
0.000044499324791845426508
-0.000041862341297736138834
0.000039292883417273439729
-0.000036789527933863279408
0.000034351255889210940769
-0.000031977416063446075456
0.000029667696212520753339
-0.000027422101257041558583
0.000025240937916237810791
-0.000023124805566003157379
0.000021074593395385782216
-0.000019091484270793782282
0.000017176966130980609025
-0.000015332852287085769844
0.000013561312783700503239
-0.000011864920145599598684
0.000010246714666856056958
-8.7102974076428812069e-6
7.2599642548486080379e-6
-5.9009038753816680662e-6
4.6395008753989248873e-6
-3.4838246858286556163e-6
2.4444774003100672222e-6
-1.5362284206764427305e-6
7.8174029182564578304e-7
-2.2321362504582029349e-7
0.0009636519549914043525
0.0023474131737152192604
0.00340888773889960439
0.0052945093863965706952
0.0030683158769530261573
-0.00065835225244216841873
0.00041284056668906216518
-0.00031626315297375130278
0.00026381312163659760615
-0.00023020946574316045952
0.0002063768596166837101
-0.00018826940241388937716
0.0001738130182677091692
-0.00016183453121761588103
0.00015161986933720688201
-0.00014270899938318496819
0.00013479182365761526814
-0.00012765146346052852559
0.00012113153805846742224
-0.00011511636982035656672
0.0001095185203230222152
-0.00010427066924513098284
0.000099320163862669772182
-0.000094625265011632894614
0.000090152501831315143835
-0.000085874769672963233226
0.000081769937433412060056
-0.000077819811204480240817
0.000074009351732287190624
-0.000070326075694215146695
0.000066759592141421344574
-0.000063301239735863453067
0.000059943800139420735244
-0.000056681269649880531671
0.000053508675916131636159
-0.000050421929944852154458
0.000047417706056131384916
-0.000044493344238952324549
0.000041646770691967509168
-0.000038876433343881571074
0.000036181249925079567389
-0.000033560566775901539329
0.000031014127078046746842
-0.000028542047624191032653
0.000026144803631529735625
-0.000023823221490962977715
0.00002157847976215809272
-0.000019412119223311231665
0.00001732606343137004368
-0.000015322652150527966498
0.000013404691341929674854
-0.000011575525488860213329
9.8391414394314737509e-6
-8.2003188193096581052e-6
6.6648527720758167523e-6
-5.2398956661576036924e-6
3.9345086909516114807e-6
-2.7606189652909183788e-6
1.7348653433566961387e-6
-8.8280597245338531189e-7
2.5206901914490608495e-7
0.000993516016760147542
0.0022321340113936403351
0.0036868386494469162186
0.0046319342988157709237
0.0066829901742450721989
0.0036972664712344786365
-0.00076978713457910662574
0.00047306994764921147299
-0.00035728971266919556973
0.0002949501416471659406
-0.0002553589329999793023
0.0002275184411428615754
-0.00020653514542798659013
0.0001899058529257985847
-0.00017621814587994953736
0.000164614711915440396
-0.00015454491337321826908
0.00014563878540114117446
-0.00013763846118779929793
0.00013035865798410686128
-0.00012366280626621138737
0.00011744804315783271414
-0.00011163545174795888619
0.00010616352273704487858
-0.00010098366043396492828
0.000096057023030033096216
-0.000091352255810337285162
0.000086843835448058881114
-0.000082510840971062274129
0.000078336028095952883422
-0.000074305122851623485257
0.000070406276135734755223
-0.000066629638042583345495
0.000062967022501475945118
-0.000059411640858236656195
0.000055957888717207302929
-0.000052601174412298857459
0.000049337780403638843885
-0.000046164751042719199619
0.000043079801746156951265
-0.000040081245827287963665
0.000037167936169767581609
-0.000034339219671090688801
0.000031594902999477321786
-0.000028935228746119386769
0.000026360861562501591194
-0.000023872884397115666766
0.000021472805544777940273
-0.000019162577973942365162
0.000016944633423475617878
-0.00001482193525897362571
0.00001279805639738908037
-0.000010877292389880788262
9.0648262532007715586e-6
-7.3669734815386535229e-6
5.7915587578023161054e-6
-4.3485248334509597712e-6
3.0509897668080836249e-6
-1.9172865214888513977e-6
9.7561288947948048033e-7
-2.7856513649313573752e-7
0.00097068568205339272344
0.0023175992740194375201
0.0034950071988905207586
0.0050168554676858840292
0.0058431755345934204602
0.0080538772880580646265
0.0043165732469034358986
-0.00087903658372343126927
0.00053172931521471814943
-0.0003969148242055973625
0.00032473930455779003686
-0.00027917631486382499236
0.00024733125264947658806
-0.00022347265083608525025
0.00020467206658796900507
-0.00018927930973800187115
0.00017629425135537707244
-0.00016507561373226262813
0.00015519333753311526041
-0.00014634827438398381858
0.00013832593862785052211
-0.00013096858673927951568
0.0001241576783250626423
-0.00011780247832767602565
0.00011183242961022895865
-0.00010619191620396556989
0.00010083658582185669263
-0.000095730715097981717932
0.000090845287825585309455
-0.00008615657057572375137
0.000081645041612196690983
-0.00007729457492266331684
0.000073091811273343895986
-0.000069025668299407341284
0.000065086955317195904239
-0.000061268067998354530396
0.000057562744683179885397
-0.000053965870838881648637
0.000050473321585530206761
-0.000047081834718347958544
0.000043788908522235587942
-0.00004059272009226404726
0.000037492060976916460158
-0.00003448628784822180301
0.000031575286651576141142
-0.000028759449363188268513
0.000026039663147304743258
-0.000023417312428807908688
0.000020894295271032531338
-0.000018473056609142651672
0.00001615664255555357323
-0.000013948782546535451727
0.000011854010239818010958
-9.8778411722524342185e-6
8.0270381018080894752e-6
-6.3100201223981964972e-6
4.7375249783574660341e-6
-3.3237600824794265345e-6
2.0886239712581619435e-6
-1.0627716672210264299e-6
3.0344725691244131471e-7
0.00098888087818610624693
0.0022507098565892540866
0.0036394098821290236537
0.0047486618595655544399
0.0063336815495445300435
0.0070393652633140005933
0.0094036478186822859746
0.0049246194365252953326
-0.0009858807820850594113
0.00058878667674570924772
-0.00043519990853390694905
0.00035330046121470283062
-0.00030182076316266130749
0.00026600146907452789705
-0.00023928663655424719993
0.00021832883778284100473
-0.00020124320287232412216
0.00018688835412604817631
-0.00017453316473001524518
0.00016368786120408880431
-0.00015401217265351703825
0.00014526244999158761075
-0.00013725975176576619039
0.00012986980425097006191
-0.00012298998433219367905
0.00011654061301897175705
-0.00011045898143437795509
0.00010469515844650586852
-0.000099208989299840210535
0.000093967908294531295087
-0.000088945319073937789437
0.000084119377887588410566
-0.000079472067685812966074
0.000074988485300334571075
-0.000070656286946222625476
0.000066465252908381541224
-0.000062406943078922766244
0.000058474422595854164848
-0.000054662042237113320789
0.00005096526213094392151
-0.000047380510212188274813
0.00004390506899692853049
-0.000040536985883012403751
0.000037275003467654221073
-0.000034118507422546619559
0.000031067490375719058099
-0.000028122531101883371764
0.000025284789206695552674
-0.000022556016512516174829
0.000019938587666092319495
-0.000017435554333249205134
0.000015050730136262161376
-0.00001278881798515346707
0.000010655599134673119853
-8.6582172472175594754e-6
6.8056178970801426001e-6
-5.1092614878516770011e-6
3.584363531047714159e-6
-2.2522896165869780249e-6
1.1460175425607861367e-6
-3.272106938572613101e-7
0.00097393395032238335372
0.0023050210713849909913
0.0035249267152146784125
0.0049523200699934480996
0.0059899852616545193119
0.0076338515588554552163
0.0082173269111183211886
0.010728812693970954428
0.0055198182870797610006
-0.0010900772446215733462
0.00064416151395295124042
-0.00047213978113669184755
0.00038067462117682560801
-0.00032336472206971948754
0.00028362388205352593646
-0.00025408805460118623718
0.00023099882646570307849
-0.00021224088199972183911
0.0001965339588966461425
-0.00018305844920632758381
0.00017126567449341406343
-0.00016077472493092966458
0.00015131307646671623538
-0.00014268075889164139526
0.00013472786043653176478
-0.0001273399191802343904
0.00012042815489037597654
-0.00011392276878073154254
0.00010776824332693670949
-0.00010191997885485200556
0.000096341843627694918406
-0.000091004360740096776422
0.000085883347002727279757
-0.000080958877947848752876
0.000076214491714384076921
-0.000071636570377427884878
0.000067213854836017681861
-0.000062937061504896431318
0.000058798577574577299382
-0.000054792217676300286716
0.000050913029183323118837
-0.000047157136613224508097
0.00004352161802045476884
-0.000040004408131716505357
0.000036604224458598354199
-0.000033320513860215419008
0.000030153418139528640143
-0.000027103758352470197546
0.000024173038716843381182
-0.000021363472500489653428
0.000018678034310338086977
-0.000016120546243924195572
0.00001369581021904431223
-0.000011409807052396718173
9.2699978166832766429e-6
-7.2857920966446243356e-6
5.4693093728934567902e-6
-3.8367053299275005818e-6
2.4107345623266893886e-6
-1.2265967172017449086e-6
3.5021110823111848765e-7
0.00098649890629506176162
0.0022597267252622740344
0.003618906460693444014
0.0047895836180615688093
0.0062524160069221013327
0.0072157790056613614341
0.0089139889017974525023
0.0093739508146776932253
0.012025934928821457438
0.0061006167968860507288
-0.0011913759192395750811
0.0006977508661512480593
-0.00050769634590233887333
0.00040686241681534730756
-0.00034383507192971587158
0.00030024426590377040426
-0.0002679366934567707384
0.00024275236153429845997
-0.00022235063353865968944
0.00020531533373226108881
-0.00019074017552361675008
0.00017801870657019965765
-0.00016673010601132469774
0.00015657345214325708724
-0.00014732806321944222677
0.00013882860210178939659
-0.00013094891128132300934
0.00012359120574318180597
-0.00011667866147777274052
0.00011015021755096157803
-0.00010395685752491196825
0.000098058901717890482622
-0.000092424004057067281211
0.000087025648982953461991
-0.000081842009116876594564
0.000076855067163902267649
-0.000072049934091950973203
0.000067414315056679855019
-0.000062938087975852229921
0.000058612969093646954097
-0.000054432246607466488126
0.000050390568309741526143
-0.000046483772797954853168
0.00004270875652127393354
-0.000039063371040289660309
0.000035546346583487853371
-0.000032157239454483776941
0.00002889640222517397009
-0.000025764977097784020438
0.000022764914530858592178
-0.000019899021492706308894
0.000017171047015209912624
-0.000014585817945547280632
0.000012149446626571661912
-9.8696481965531904281e-6
7.7562361955248681833e-6
-5.8219307693073640281e-6
4.0837687276934663166e-6
-2.5658301399177359061e-6
1.3054602373846777826e-6
-3.7271986408044446766e-7
0.00097574273302121471016
0.0022982812630153829086
0.0035397897011261459396
0.004924116110392428883
0.0060416307142167002144
0.0075361772412271056804
0.0084228455303584724376
0.010170774248787524648
0.0105061950166814188
0.013291643667530813498
0.0066654996310377224157
-0.0012895264194927681125
0.00074944160476934458403
-0.00054181467804392717107
0.00043184280145157913326
-0.00036323348844036177767
0.00031588068284755684373
-0.00028086291088993543822
0.00025362923325628216146
-0.0002316195689615368977
0.00021328529862090297296
-0.00019763560971218830276
0.00018400766343769649901
-0.00017194164933649486676
0.00016110887483938961121
-0.00015126838139087744277
0.00014223971285945081378
-0.00013388523496306442075
0.00012609831597121472406
-0.00011879522199779893568
0.00011190943369229825113
-0.00010538758113206506436
0.000099186484394797719994
-0.000093270964809888399073
0.000087612203152885622991
-0.000082186492435375096366
0.000076974279725921005684
-0.000071959422695848546806
0.000067128607845147133487
-0.000062470892069735321176
0.00005797733956768587739
-0.000053640733464503612728
0.000049455346900882396551
-0.000045416762300555499262
0.000041521730556480336294
-0.000037768064253067363618
0.000034154561018314001512
-0.000030680954872605167789
0.000027347895206354647249
-0.000024156955007363761472
0.00002111067249563639562
-0.000018212633932904589112
0.000015467610990904262898
-0.000012881775487060399817
0.000010463031261803009317
-8.2215358645634855917e-6
6.170554279018730486e-6
-4.3279511808437228129e-6
2.7190791018231101194e-6
-1.3833714382035575133e-6
3.9495470351419102062e-7
0.0009850867131161041132
0.0022649288460205582232
0.0036076828369605727451
0.0048101487873155532453
0.0062167191732069444548
0.0072779105775985077896
0.0088002179173098539012
0.0096080255080974397251
0.011400946475612464437
0.011611088748064660804
0.014522645759870684716
0.0072129930220458503761
-0.0013842819663879450199
0.00079911681865862029827
-0.00057443141687043863804
0.00045558292103400646081
-0.0003815473334700978581
0.0003305350262943584436
-0.0002928795485647719576
0.00026365076850350447402
-0.00024007570526940980492
0.00022047719815864580057
-0.00020378235931526645984
0.00018927356581669694089
-0.00017645309958947809675
0.00016496524724675135118
-0.0001545493048195916233
0.00014501008067707330675
-0.00013619874497862306011
0.00012800002844989850726
-0.0001203234449824110668
0.00011309713717820780199
-0.00010626347477678348217
0.000099775850788193910447
-0.000093596312460448528855
0.000087693784742297117426
-0.00008204272123865808271
0.000076622068340268345421
-0.000071414462077726668654
0.000066405600292529244152
-0.000061583748662587653618
0.000056939350336523992851
-0.000052464716955642136117
0.000048153784690842285954
-0.000044001923281633720747
0.000040005789415944442532
-0.000036163218484312424219
0.000032473151059718714736
-0.000028935592648348305283
0.00002555160760322395592
-0.000022323350957978298046
0.000019254145892302576391
-0.000016348620582788467169
0.000013612928233424485894
-0.000011055092068415838761
8.685551869036213382e-6
-6.5180621590506418883e-6
4.5712656813991838904e-6
-2.8717420596405146804e-6
1.4609702543573014753e-6
-4.1709810494667087148e-7
0.00097687053088161894992
0.002294162274876878006
0.0035485335169684306056
0.0049084968519913324171
0.0060677430851097409141
0.0074931700074941546704
0.0084952403750407709925
0.010041232676316028278
0.010768215147318361623
0.012601310246328676296
0.012685737497037818045
0.015715735927507017691
0.0077416685920993487062
-0.0014754018015561623391
0.00084665943352449513373
-0.00060547948247515062213
0.00047804369098567781424
-0.00039875586250701506986
0.00034419966411479241321
-0.00030398885421329749721
0.0002728269087969952083
-0.00024773510411074913363
0.00022691202962769980145
-0.00020920543618345790084
0.00019384470632652379835
-0.00018029543468076591151
0.0001681757424005567414
-0.00015720579364624385613
0.00014717611014127800792
-0.00013792700057221719646
0.00012933481067586998467
-0.00012130249583017661743
0.0001137530112812948464
-0.00010662458537758119282
0.000099867279448513396175
-0.000093440444548563145706
0.000087310814769693885413
-0.000081451059908213983414
0.000075838674726181669375
-0.000070455118441362983588
0.000065285142848093709741
-0.000060316264621249025823
0.000055538349434586225803
-0.000050943284186524924227
0.000046524719967962269241
-0.000042277873175616964749
0.000038199375900572585985
-0.000034287169806161527327
0.000030540440491493284675
-0.000026959592157470531649
0.000023546265671155961533
-0.000020303407486925460595
0.000017235403398653629824
-0.00001434830179135846646
0.000011650170103107220515
-9.1516649418159732411e-6
6.8669738156734710483e-6
-4.8154692975595331434e-6
3.0249181663935842522e-6
-1.5388142426884538158e-6
4.393089910618966547e-7
0.00098416892383072457162
0.0022682587821801229799
0.0036007009124026566851
0.0048223846861153452807
0.0061968197066083114883
0.0073094274847306364159
0.0087500699932243516732
0.0096904591575138157083
0.011255985990885527025
0.011900376933485537372
0.013768744856959791197
0.013727328918516491267
0.016867806053945846491
0.0082501470689768526582
-0.0015626528256662168337
0.0008919544270171693889
-0.00063489090213037493887
0.00049918313342426107366
-0.00041483395667694586376
0.0003568614595715935537
-0.00031418670185558526887
0.00028116055661711279293
-0.00025460628562395641145
0.00023260287817636699573
-0.00021392167694230677692
0.00019774102737840570347
-0.0001834911797464924038
0.00017076503765173596986
-0.00015926431865387781301
0.00014876576351499825566
-0.0001390991994154205064
0.00013013287731281618389
-0.00012176341914746950189
0.00011390877000097024456
-0.00010650315847879485199
0.00009949342934661550424
-0.000092836332767768139457
0.000086496492584709591683
-0.000080444864699362804707
0.000074657554692543386231
-0.000069114902651652655842
0.000063800769613105266194
-0.000058701978347323108086
0.000053807874140453717185
-0.000049109980527645095019
0.000044601731787000951456
-0.000040278269223584809206
0.000036136292448827346698
-0.000032173960461683807567
0.000028390840798264692529
-0.000024787908830405424599
0.000021367604154277698421
-0.0000181339580678662401
0.000015092817538242999823
-0.000012252211202958271183
9.6229416664072837026e-6
-7.2195699204156832767e-6
5.0621500159781179513e-6
-3.1795995773653977279e-6
1.6174062558600581018e-6
-4.6173062435355598754e-7
0.0009776293980575905449
0.0022914231881399092768
0.0035542213905791977844
0.004898674865209822389
0.0060833855335020112365
0.0074691029144571596797
0.008532028070416151175
0.009984111470117376725
0.01086045218184396644
0.012441313890899301332
0.013001548138171723112
0.014900213065688635538
0.014733139139653132531
0.017975853861056916675
0.0087371018791333377727
-0.0016458108124130720157
0.00093489028229607855238
-0.00066259860363023943077
0.0005189584772405003761
-0.00042975447225941401081
0.00036850431228438563284
-0.00032346527228922440584
0.00028865035122860021249
-0.00026069306299704732468
0.00023755778030524150185
-0.00021794261141802355768
0.00020097697542323759869
-0.00018605723211576912893
0.00017275209853225391761
-0.00016074559487554557131
0.0001498012370908081149
-0.00013973879145561374998
0.00013041873769676975033
-0.00012173161721715222144
0.00011359056573437164415
-0.00010592597412801515136
0.000098681603598661661658
-0.000091811714718817509255
0.000085278916303331969138
-0.000079052533940346464287
0.000073107359593302729108
-0.000067422684855167858881
0.000061981548484898917751
-0.000056770148318369245222
0.000051777381411114572745
-0.000046994486223245785756
0.000042414768063280470078
-0.000038033394754392046884
0.000033847254242684154103
-0.000029854870206451011172
0.000026056376246400074133
-0.000022453554722309155484
0.000019049953996993182342
-0.000015851110034481999362
0.000012864919610068976112
-0.000010102253158328482997
7.5779810022435935538e-6
-5.3127886148349173153e-6
3.3367101989528314796e-6
-1.697214113774971783e-6
4.8449621666852661642e-7
0.00098353284221486063044
0.0022705451665859768849
0.0035959894961236755977
0.0048304261692637004124
0.0061842204716018203973
0.0073283871882271445917
0.0087219427861867232739
0.0097323868187006870897
0.011192063469293869582
0.012002165782079723632
0.013594129746108863426
0.014068848489044180365
0.015992769605971931873
0.015700539200290358637
0.019036991101471694267
0.0092012626057887043461
-0.0017246613720601993272
0.00097536000395590887153
-0.00068853761359538749308
0.00053732754025003966033
-0.00044348978095490034806
0.00037911082535120275901
-0.00033181481690352995281
0.00029529250230107784832
-0.00026599642282503624401
0.00024178163160027731487
-0.00022127638173343898262
0.00020356341831112189119
-0.00018800676631675716356
0.00017415206287900526045
-0.0001616664380511769639
0.00015030078464636523345
-0.00013986526524066994601
0.00013021294190354146377
-0.00012122855352074367109
0.00011282064867235221691
-0.00010491596116945772186
0.000097455318207719433677
-0.00009039061712356131538
0.000083682560958994248172
-0.000077298942015934752111
0.00007121332748189807879
-0.000065404044625853255959
0.000059853392668116876892
-0.000054547029006779531141
0.000049473492090577024572
-0.000044623833867290378962
0.000039991342768797790939
-0.000035571344599872783887
0.000031361074263558461327
-0.00002735961673188772736
0.000023567921960919944677
-0.000019988906916405346021
0.000016627670951601354425
-0.000013491873347763389583
0.000010592364742049074338
-7.9442541608260707283e-6
5.5688051313782532107e-6
-3.4971347309822548631e-6
1.7786853270728722521e-6
-5.0773312461406898318e-7
0.00097816890732753964325
0.002289490470306923942
0.0035581792776594983825
0.0048919826140851143411
0.0060937351717157580936
0.0074537974312227335668
0.0085542175411189458382
0.0099520293710163886145
0.010907387198941806833
0.012370770796852217572
0.013112618261575785875
0.01471143141818151743
0.015099487452517358872
0.017043569323346205197
0.016627001470533943366
0.020048451328848144488
0.0096414183017520431865
-0.0017990007557051431838
0.001013261868555912508
-0.00071264589653334294223
0.00055424967621122909534
-0.00045601281657805817729
0.00038866343580116148915
-0.00033922485462357777969
0.00030108203701063621343
-0.00027051580778817995792
0.00024527749236852198315
-0.00022392906018859118864
0.00020550896644595546616
-0.00018935055107494884881
0.00017497754758332081491
-0.0001620410561857672864
0.00015027998985236771146
-0.00013949539805873947734
0.00012953330622405452069
-0.00012027295177747135137
0.00011161853817827032516
-0.00010349334022911472274
0.000095835416373842672631
-0.000088594441610345896383
0.000081729336344885732432
-0.000075206470300570198779
0.000068998288668496013326
-0.00006308225325857795287
0.000057440022518707025851
-0.000052056815973407821178
0.000046920924107342713296
-0.000042023336113736999557
0.000037357466719055123013
-0.000032918970596820326227
0.000028705639672741290128
-0.000024717385975056936911
0.000020956322112300332213
-0.000017426965570799147228
0.000014136616974572379938
-0.000011096007634176248579
8.3204061447955341619e-6
-5.8315956954616818702e-6
3.6617416236443923743e-6
-1.862258713373268693e-6
5.3156615608696760232e-7
0.00098307047283645586869
0.0022721969350835411038
0.0035926242325501026805
0.0048360728843086179967
0.0061755795093522088229
0.0073409885038425309629
0.0087040028156446330362
0.0097577198273158324264
0.011156132407295755115
0.012053970547989375295
0.013517158104717730716
0.014188908964511057272
0.015790308804103724503
0.016090771266013731866
0.018049874934689113976
0.017510105945723631841
0.02100759727317662947
0.010056420647749561842
-0.0018686365501601008391
0.0010485000055930037254
-0.0007348649673258319454
0.00056968644747271748293
-0.0004672978093802224479
0.00039714520367299091438
-0.00034568500627869481539
0.00030601366992626613599
-0.00027425001288978776957
0.00024804750201712123971
-0.00022590557462314035261
0.00020682090300368360821
-0.00019009787921542559214
0.00017523957386755688768
-0.00016188196665711662642
0.00014975267234560434665
-0.0001386441487097172462
0.00012839579090058649443
-0.00011888165739278077861
0.0001100018671393511755
-0.00010167645057926646526
0.000093840877894064131697
-0.00008644275709370051059
0.000079439363269841835545
-0.000072795768695074041538
0.000066483414538926976676
-0.000060479012601677040679
0.000054763698046975982633
-0.000049322376909730718834
0.000044143228557874737059
-0.000039217335568939989927
0.000034538423274673806598
-0.000030102699853254933785
0.000025908796631941461168
-0.000021957818920260239527
0.000018253533041543584103
-0.000014802740729024491093
0.000011615939668157588059
-8.708468047789211553e-6
6.1025633986803615289e-6
-3.8314022478238408103e-6
1.948374073528293271e-6
-5.5612032082802065781e-7
0.00097856881807917411236
0.0022880651450624292464
0.0035610708365909735532
0.0048871614966632111131
0.0061010488750849519654
0.0074432526130932284714
0.0085690113651350779297
0.0099315264778248781438
0.010935777088850217069
0.012331099724129875593
0.013169148108127567795
0.014628235956005277302
0.015228226409980362846
0.016827951380367804806
0.017040109748328541878
0.019009064417468391126
0.018347546352323572642
0.021911927829825600789
0.010445186947722123017
-0.0019333882917039240828
0.0010809848643279536881
-0.00075514035467125412501
0.0005836021180751965448
-0.00047732081581193132799
0.00040454037685619498589
-0.00035118558985002694836
0.00031008242303632814289
-0.00027719782459928202003
0.00025009353202312493716
-0.00022721037046446887884
0.00020750585090442667334
-0.00019025723599487588417
0.0001749482339726603721
-0.0001612006587741339261
0.00014873154415159181154
-0.00013732530622732935262
0.00012681513999540455211
-0.00011707026771251082407
0.00010798700222845255723
-0.000099482360417365362001
0.000091489419875700067488
-0.000083953891787059280356
0.0000768315582482274949
-0.000070086334982600940262
0.000063688794321013403842
-0.0000576150329424634369
0.000051845802899401698132
-0.000046365848407426169458
0.000041163408335983874983
-0.000036229857751582368512
0.000031559473101873277656
-0.000027149316382095111793
0.000022999245895258557699
-0.00001911207808694791796
0.000015493952209206098165
-0.000012154999826591582399
9.1105251633779761436e-6
-6.3831456636034339828e-6
4.0070078183993792672e-6
-2.0374807081908606827e-6
5.8152324731904337609e-7
0.00098272174240661516726
0.002273437414571315596
0.003590116684453586049
0.0048402315087569353012
0.0061693164114513851919
0.007349933706467894436
0.0086916030877075830347
0.0097746462404682468202
0.011133138670026924901
0.012085328661522325191
0.013473860610087970534
0.014250010895915442889
0.015701107671202879633
0.016227855861683302204
0.017821655578070627318
0.017945022879496201041
0.019918638033348959306
0.019137136017844306072
0.022759084661066493681
0.010806702953124024475
-0.0019930880151296031027
0.0011106335995556503251
-0.00077342196229071498103
0.00059596402505834287017
-0.00048606010990587662741
0.00041083480412891298937
-0.00035571805345961970725
0.00031328407570789126685
-0.00027935848441437923901
0.00025141765976557719909
-0.00022784789173219243568
0.00020757025821866317904
-0.00018983678650059390543
0.00017411317850990596706
-0.00016000807940398304959
0.0001472286922624887842
-0.00013555196842727403545
0.00012480535526932221712
-0.00011485360093763164602
0.00010558950792229689049
-0.000096927326447096777205
0.000088797952780990904232
-0.000081145387127640716806
0.000073924087346175729265
-0.000067096971417769599922
0.000060633898242160166486
-0.000054510507885664588618
0.000048707337909187643758
-0.000043209157634529987323
0.000038004480963219653789
-0.000033085233365545831116
0.000028446562172431632177
-0.000024086793740245025709
0.000020007559852633340561
-0.000016214145084709039072
0.000012716160035262127304
-9.5287545447219739589e-6
6.6748398739428284563e-6
-4.1894851654783806325e-6
2.1300453279451057637e-6
-6.0790742338182996905e-7
0.00097887516155769482376
0.0022869772583196910136
0.0035632632323840189537
0.0048835419206060306342
0.0061064668844932345868
0.0074355754290401819036
0.0085795475100735153248
0.0099173223202845174072
0.010954775421797394067
0.012305688715326734111
0.013203382581292794053
0.014581431324311894005
0.015293738380385339494
0.016732976414613173879
0.017185186491942311156
0.018768831907584246281
0.018803147129924713217
0.020776224985680519589
0.019876813469871279166
0.023546858403459937534
0.011140025508770872068
-0.0020475807478041026199
0.0011373703966323892371
-0.00078966435697072023367
0.0006067428641445953446
-0.00049349647803651903656
0.00041601624240324553683
-0.00035927529523127978647
0.0003156154958805219149
-0.00028073202953590826898
0.00025202251667317886167
-0.00022782293470553780936
0.00020702075556611377317
-0.00018884473521448536361
0.00017274397687483818565
-0.00015831499318808431686
0.00014525593788603912225
-0.00013333689971122790346
0.00012238005237194222047
-0.00011224605086795730423
0.00010282450034228579844
-0.00009402714779508871116
0.000085782935917690688118
-0.00007803435697710569501
0.000070734732034969260485
-0.000063846161220929274187
0.000057337970041291011671
-0.000051185530148491215183
0.000045369370071897730714
-0.000039874518153027200751
0.000034690040448533717788
-0.000029808753820563969264
0.000025227111851356958765
-0.000020945282514812845783
0.00001696746842180608223
-0.000013302576929098002547
9.9654622429474089027e-6
-6.9792286183188318643e-6
4.3798121888813351454e-6
-2.2265597770683709676e-6
6.3541237964989415325e-7
0.00098245083854171021969
0.0022743980706195462594
0.0035881857494195762895
0.0048434071306192200082
0.0061645876593709998541
0.0073565894002052493679
0.0086825454293495629834
0.0097867306181622039484
0.011117181590361378461
0.012106336978544392057
0.013446108251591793998
0.014287025812850322311
0.015650921535027782938
0.016297606426192458081
0.017721152260079718524
0.018097718204699836254
0.019667011788802674091
0.019612241516093375015
0.021579589706406064917
0.020564647736889063497
0.024273194471704582681
0.011444285013286489843
-0.0020967249545406778381
0.0011611267485217982025
-0.00080382700195123784976
0.00061591291302097511241
-0.00049961344404979375269
0.00042007458810919354288
-0.00036185190217021229534
0.00031707488624548346099
-0.00028131954549986055932
0.00025191154620595318753
-0.0002271409101050489868
0.0002058644214191051265
-0.00018728959349989184583
0.0001708503861632496573
-0.00015613225234855264793
0.00014282510684748468963
-0.00013069280204337481222
0.00011955273268378155563
-0.00010926186026266653249
0.000099706923216089372271
-0.000090797446179789589921
0.000082460664074793591593
-0.000074637783818195503338
0.000067281199132553632206
-0.000060352397903283738049
0.000053820383301235674755
-0.000047660485295228043936
0.0000418534780441673296
-0.00003638494738273207358
0.000031244875791972224057
-0.000026427433847389279439
0.000021930991773297076032
-0.000017758399753624045965
0.000013917645916593127582
-0.000010423121892704624772
7.2980056767954013986e-6
-4.5790336866500821457e-6
2.3275489160685460676e-6
-6.6418691347900560944e-7
0.00097911618049965628898
0.0022861236368560599201
0.0035649751532364765781
0.0048807358532631434665
0.0061106266547172404446
0.0074297541228390070314
0.0085874130698145227685
0.0099069204206276015031
0.010968364029928159879
0.012288031408714016477
0.013226337115132217851
0.014551416533829862126
0.015333433220567875557
0.016679541111425649524
0.017258994718368933046
0.018663059099687171372
0.018963068139404853144
0.020513854059396821547
0.020370193360828661916
0.022326637765193243199
0.021198843328672105218
0.024936198448261772086
0.011718687687702266494
-0.0021403929367417018182
0.0011818416930340977554
-0.00081587444769915971131
0.00062345220745490731727
-0.00050439744259360739518
0.00042300205260636446364
-0.0003634443295405114769
0.00031766196807777720552
-0.00028112335428390718693
0.00025108919575685272536
-0.00022580803821356042253
0.00020410897989026601046
-0.00018518037960245619542
0.00016844255308470780379
-0.00015347100041135161104
0.00013994823525998362563
-0.00012763252299478917373
0.00011633699450995975931
-0.00010591533638464917164
0.000096251769503504310762
-0.000087253896020136140289
0.00007884750938046073465
-0.000070972776766292113326
0.00006358140089919825293
-0.000056634495465747709713
0.00005010099269137857139
-0.00004395645915031640301
0.000038182237017329094976
-0.000032764859590234630674
0.000027695717506920529161
-0.00002297098129200472695
0.000018591824907757436865
-0.000014565059734653553095
0.000010904416189202267096
-7.6330037802159935048e-6
4.7882781806630869497e-6
-2.4335789718938524717e-6
6.9439144023631094626e-7
0.00098223521507387118114
0.0022751609234905396438
0.0035866588697658129494
0.0048459026570688262489
0.0061609025814677166751
0.0073617208836122603126
0.0086756545210804246371
0.0097957752643735933739
0.011105473205329701645
0.012121384630507323037
0.013426804930589497583
0.014311860493780072661
0.015618726673475847629
0.016339875736880744825
0.017664606975878478933
0.018175393771563274495
0.019556241318003769626
0.01977897685788922117
0.021307151141055901504
0.021075023737879023484
0.023015421391917829879
0.02177774487758997027
0.025534141047675255369
0.01196251764627390179
-0.0021784711878452475838
0.0011994620155805142883
-0.00082577648804884464238
0.00062934268043603102675
-0.0005078379526563665287
0.00042479329509370317139
-0.0003640510353643028648
0.00031737811823128975514
-0.0002801471540586732577
0.00024956105911515354849
-0.00022383149389641326692
0.00020176294816156427948
-0.00018252676842815085434
0.00016553116618080707698
-0.0001503428271639831386
0.00013663772778841720209
-0.00012416921821688338924
0.00011274670109053362307
-0.00010222102641227353396
0.000092474266764048903151
-0.000083412423212202371384
0.000074960138131059452767
-0.000067056812697458770818
0.000059653728911889677392
-0.000052711906550961903596
0.00004620051235161383391
-0.000040095698883108148145
0.000034379794868135622823
-0.000029040805063138182821
0.000024072213439520631838
-0.000019473127747612693597
0.000015248873744259194512
-0.000011412282814030971354
7.9862251655352031872e-6
-5.0087763510165819097e-6
2.5452666565201833866e-6
-7.2620055620417743081e-7
0.00097931007288647388584
0.0022854383163108197313
0.003566344486296356835
0.0048785034806466528846
0.0061139119838832550962
0.0074251989996777547152
0.0085934974283510419908
0.0098989860569698444722
0.010978555273796084622
0.01227505550862199321
0.013242797298499879649
0.014530523249023594543
0.015360079330322126166
0.016645252263705812917
0.017303727957627157567
0.018603549855816353422
0.019044411570475148282
0.020398370183679697674
0.020543314207170026159
0.022044834847378697963
0.021724892582406361533
0.023644144602760029926
0.022299841424842419162
0.026065462644664168476
0.012175138764102881522
-0.0022108607062336901064
0.001213942420954339398
-0.00083350828708994800244
0.00063357027128024553968
-0.00050992759953961201845
0.00042544552229740781706
-0.00036367258016960751266
0.00031622647009208328006
-0.00027839612189540734609
0.0002473339811951103383
-0.00022121951351706454588
0.00019883574576928342493
-0.00017933920348217018454
0.00016212757087736966004
-0.00014675988752682330782
0.00013290648137184874414
-0.00012031648146991242815
0.00010879611893697840805
-0.000098193866797504340164
0.000088390041186202530639
-0.000079289388725915113177
0.000070815720538630595446
-0.000062907981052074519933
0.000055517346089397833625
-0.000048605078535028766955
0.000042140959791379127991
-0.000036102178928083613013
0.000030472610806116949677
-0.000025242459311159751631
0.000020408293369956999136
-0.000015973580447029898107
0.000011949966498097660526
-8.3598760208971070537e-6
5.2418817256693642323e-6
-2.6632893691885890943e-6
7.5980590101077490532e-7
0.00098206003569038459198
0.0022757795843029902885
0.003585424606427713915
0.0048479103492761272186
0.006157956697037910916
0.0073657899418320006058
0.008670244690668790799
0.0098027903186500129325
0.011096523384046272024
0.012132688728688587822
0.013412601693225013228
0.01432968517568352595
0.015596301567315501297
0.016368261680757278326
0.017628314098532014775
0.018222475280759180867
0.019493920840586514411
0.019863779859667876492
0.021187249925460459822
0.02125408484705958373
0.022724981819074406505
0.022318103450838521636
0.024211167919885733853
0.022763770337748696094
0.026528777355579603325
0.012355996336683897485
-0.0022374772662256758304
0.001225245676482227214
-0.00083905048048311976544
0.00063612500948929349897
-0.00051066223098744711128
0.00042495856142909970132
-0.00036231169910879360065
0.00031421198612200026906
-0.00027587698747317438082
0.00024441613340489162055
-0.00021798147239661960252
0.0001953377746302180655
-0.00017562898007735562754
0.00015824385671572968238
-0.00014273499396402945277
0.00012876798439425837459
-0.00011608845269232293597
0.00010450003767509421019
-0.000093849318733633356061
0.000084015273839773794208
-0.000074901772579457761106
0.000066432151818420764009
-0.00005854525487724077604
0.000051192525490238177894
-0.000044335885191052072584
0.000037946216629564111023
-0.000032002344482656733332
0.000026490464014982886171
-0.000021404028943094981866
0.00001674419610670798905
-0.000012521079157095660828
8.756406058790190249e-6
-5.4890943499537091254e-6
2.7883968330799922032e-6
-7.9541941699400933208e-7
0.00097946904579012812092
0.002284877306768303032
0.0035674622245812007421
0.0048766889182107331446
0.0061165674875118584828
0.0074215432532392309181
0.0085983378742775095063
0.0098927402758110225793
0.0109864768931820103
0.012265119519277866664
0.013255179375884349496
0.014515134150034699324
0.015379218785058448215
0.016621355745350569989
0.017333779137888598332
0.018565346819640435928
0.019093720646162792317
0.02033339768322943261
0.020631360086201509911
0.021920823468046325977
0.021909433429935055377
0.023345818573404649564
0.022853107915220012906
0.02471501267480842996
0.02316832084597794671
0.026922876663559543726
0.012504618527044563356
-0.0022582516474485347404
0.0012333427281259979767
-0.00084238925375476429641
0.00063700107672317742862
-0.0005100409715078970658
0.00042333491101799121871
-0.00035997335152654444715
0.00031134150746891385171
-0.00027259808359780316232
0.00024081706575979816028
-0.00021412793918796452933
0.00019128047644287851258
-0.00017140830673080256094
0.00015389292401925385284
-0.00013828169011945139235
0.00012423639956123765562
-0.00011149991315277589814
0.000099873881527373712835
-0.000089203501398447587544
0.000079366862986116310997
-0.000070267375119061497435
0.000061828305998527295053
-0.00005398881598877521623
0.000046701073409552715419
-0.000039928186088162409219
0.000033642781200857253277
-0.000027826144656514752036
0.000022467907312563948524
-0.000017566362961901492446
0.000013129670410425916493
-9.1785546799327644423e-6
5.7520882842742611409e-6
-2.9214245744668817373e-6
8.3327711838382259653e-7
0.00098191517147080825058
0.0022762904663173943187
0.0035844079628869456058
0.0048495578930009059275
0.0061555512529266581163
0.0073690916517733668169
0.0086658888410440588036
0.0098083863705287966439
0.011089462422824416094
0.012141491463093691357
0.013401709904990502782
0.014343109220351824278
0.015579769482051178622
0.016388664365157590958
0.017603008943899601683
0.018254114053845912051
0.019453905390166401212
0.019915190903052397965
0.021119790806087241163
0.021345148990912572746
0.022597177808119280297
0.022507649419770201355
0.023905726155779661319
0.02332850957876353837
0.025154364885943614897
0.023512437186153643526
0.027246732578618690311
0.012620617596699351162
-0.0022731298227003727121
0.0012382127906115519261
-0.00084351639935992195734
0.00063619684926399236746
-0.00050806625776405825632
0.00042057977292033774052
-0.00035666475164562296419
0.00030762378463007745737
-0.00026856937780534117081
0.00023654774028400874097
-0.00020967071198556105616
0.00018667637259144213427
-0.0001666903502437657444
0.00014908853595824820432
-0.00013341431226251124246
0.00011932663791555380689
-0.00010656637629250849178
0.00009493382268710338806
-0.000084273335547071605652
0.000074462608327506732056
-0.000065405056245354816776
0.000057024350035940237267
-0.000049260472141191809457
0.000042066890298947286082
-0.000035408591661541608429
0.000029260830493921212977
-0.000023608539823659328149
0.000018446471363577271032
-0.000013780311324706335924
9.6294055089305772776e-6
-6.0327439548696193551e-6
3.0633097344714793797e-6
-8.73643505448738077e-7
0.00097960156972321758809
0.0022844102217462816223
0.0035683907132233919871
0.0048751866014658577545
0.0061187563135759008474
0.0074185467954368786087
0.0086022782727842641865
0.0098876975005603609474
0.010992810724557272365
0.012257265482983564902
0.013264836736234839639
0.014503317947358628246
0.015393647606829886088
0.016603725027472230984
0.017355391619767125813
0.018538698205695427816
0.019126866348624634139
0.020291671330005487611
0.020684742814412522268
0.021851048980074142534
0.022003283840349900026
0.02321454901394171645
0.023047171537948310382
0.024403244382307064457
0.023743067700768879919
0.025528078701492256795
0.023795221345675329998
0.027499500324920588129
0.012703690917204585802
-0.0022820731043122195328
0.0012398434123270835146
-0.00084242935378033022211
0.0006337149226713013982
-0.00050474385710552458233
0.00041670106789918553291
-0.00035239538305069715219
0.00030306949211424520508
-0.00026380248825494326438
0.00023162054917803129136
-0.000204622839957402831
0.00018153909071640133096
-0.00016148926911541803299
0.00014384536131491268881
-0.000128148044737470724
0.00011405443142413596763
-0.00010130418342946289145
0.000089696908215977350979
-0.00007907671259756590925
0.000069321437402139293726
-0.000060335040190976711261
0.000052042156838221659037
-0.000044384221503877822413
0.000037316750890030831656
-0.000030807557562375601644
0.000024835786636066672437
-0.00001939180733622105738
0.000014478194950696755193
-0.0000101124515191399719
6.3331866243766661397e-6
-3.2151098160126933448e-6
9.1681678925046006048e-7
0.00098179348699405178733
0.0022767191180612633199
0.0035835566983447797311
0.0048509333119146586055
0.0061535510744475038277
0.0073718233799912125328
0.0086623069279643306108
0.0098129545770037952057
0.011083747946889785646
0.012148543912359657793
0.013393085900939007441
0.014353593799015870209
0.015567061254776722016
0.016404059558400147305
0.017584325468437685065
0.018276880991128889247
0.019425980872871807269
0.019949759934098802037
0.021076458667337558271
0.021400368698664626218
0.022525264654035766849
0.022604047289649553043
0.023771326834057510923
0.023526591824148515898
0.024837075662965500766
0.024095700420466338639
0.025835179399564022302
0.024015935397927159182
0.027680520548567520748
0.012753621759674315886
-0.0022850582489804221702
0.0012382305155098727129
-0.00083913121556139057454
0.00062956211985001389197
-0.00050008287073681625007
0.00041170943651966217225
-0.00034717699894977686275
0.00029769122931711922938
-0.00025831068638000073896
0.00022604932051805163833
-0.0001989986336373474742
0.00017588338157910260249
-0.00015582023958142800137
0.00013817901315818357279
-0.00012249897591322198766
0.00010843641245187888266
-0.000095730615226105187543
0.000084181215075275314573
-0.000073632709187050685643
0.000063963701970459499818
-0.000055079325417415874829
0.000046905874596020447726
-0.000039387049740294115161
0.000032481433991046376577
-0.000026161015320126752245
0.000020410732655111748778
-0.000015229258211694020346
0.000010631673554648249651
-6.6558325750533298834e-6
3.378025119782557732e-6
-9.6313513361793032427e-7
0.00097971369665951063673
0.0022840154288316264401
0.0035691740508391309706
0.0048739225510324872064
0.0061205914228601453233
0.0074160458491842246647
0.0086055490718064347913
0.0098835389707692569719
0.010997993832098351222
0.012250895853183087197
0.013272587676961273857
0.014493947919520270303
0.015404931131031818176
0.016590158171077290679
0.017371713547839724626
0.0185190093738147471
0.019150730514355343766
0.020262540774176483234
0.02072064876575476011
0.021806219572933617469
0.02206020170372407244
0.023140678914847497724
0.023145871866090914717
0.024266058902238901421
0.023944659301569855892
0.025206088395970588896
0.024385487570683727086
0.026074865938332310576
0.024174003422317497603
0.027789321040386722024
0.012770279860196554494
-0.0022820775210380902521
0.0012333784120916740008
-0.0008336307449336082519
0.00062374948340539962651
-0.00049409572260279392573
0.00040561822663590715134
-0.00034102360969109783987
0.00029150350931361827088
-0.00025210888827451803785
0.00021984931381767169559
-0.00019281366668556851832
0.00016972512968948592383
-0.0001496994786773595498
0.00013210608914874260665
-0.00011648416223733840794
0.00010249021042695091931
-0.000089864033123585362674
0.000078406053166879236784
-0.000067961875428569550603
0.000058411585114170974405
-0.000049662259410985739432
0.000041642742061170778759
-0.000034300097718666306622
0.000027597422000437005912
-0.000021512906715267391591
0.000016040331045906991357
-0.000011191635854420338306
7.0034450354138223558e-6
-3.5534258254178478476e-6
1.0129841756306991601e-6
0.00098168981596875926621
0.0022770839778864260345
0.0035828333284495981228
0.0048520992416234186184
0.006151861012117746335
0.0073741222098138455243
0.0086593075091269985495
0.0098167574390595442887
0.011079023623899816116
0.01215432771917608101
0.013386078587492860706
0.014362022342121241252
0.015556969893385748098
0.016416112922878430002
0.017569934373492780733
0.01829408879912552981
0.019405335579417308361
0.019974662282340940111
0.021046194135025674035
0.021437522524668946348
0.02247904965117909161
0.022662520706054928047
0.023695686061784533727
0.023627344063230684352
0.024697454527155539907
0.024300283236848132798
0.025509319924825942963
0.024611673073548688432
0.026246513049970562178
0.024269013003838759059
0.027825617969373531159
0.012753621759674315886
-0.0022731387141583491446
0.0012252997954715431416
-0.00082594234547489558989
0.00061629225290145633071
-0.00048679813475973772223
0.00039844346839928768307
-0.00033395145865297793433
0.00028452273692342664249
-0.00024521363649402271316
0.00021303720758342273298
-0.00018608477189331223767
0.00016308136140032164639
-0.00014314426936772089593
0.00012564422044851944535
-0.00011012171017100951984
0.000096234579553558011295
-0.000083724070578024603924
0.000072392245075830542991
-0.000062086638863562609162
0.000052689681412443665073
-0.000044111372730263644875
0.000036284296046795459516
-0.00002916043415745881358
0.000022709562477744740289
-0.000016919320541451513108
0.000011797603263408262522
-7.3792024702349381785e-6
3.742884944945272416e-6
-1.0668061589104514443e-6
0.00097980986404589087583
0.0022836771128222212856
0.0035698443092501681268
0.00487284336669720684
0.0061221535589553555594
0.0074139247498051783305
0.0086083107071708051248
0.0098800464306129662669
0.01100231982326949117
0.01224561781527597928
0.013278957105237223172
0.014486321084282677463
0.015414015746796558119
0.016579370850551271226
0.017384506850050698194
0.018503829395006871584
0.019168782172079950405
0.020240989340236594408
0.020746528534129333345
0.021774895175363466984
0.022098511926825342805
0.023093192866530382517
0.023205754826226501697
0.024188837780802746845
0.024047208036091517839
0.025064388056418492122
0.02459253598618994118
0.025745979050504226906
0.024773666911737870206
0.026349672873128961994
0.024300716308066025474
0.027789316623660851305
0.012703690917204585802
-0.0022582651315218858048
0.0012140157084137967148
-0.0008160860281244618249
0.00060720982743688312468
-0.00047820908975926087608
0.00039020383745622260572
-0.00032597898736873676479
0.00027676717719184411006
-0.00023764307382609358304
0.00020563108103172376576
-0.00017883003450636392703
0.00015597025487945223417
-0.00013617299411801912359
0.00011881213849954973279
-0.00010343088951852566765
0.000089689577368811324225
-0.000077331903266927493524
0.000066162525840605192169
-0.00005603188921146344398
0.000046825849602249636318
-0.000038458627509770282172
0.00003086822102260761069
-0.000024013852967921335606
0.000017875440330151467237
-0.000012455686287790886405
7.7867826511528057803e-6
-3.948218740073029983e-6
1.1251111119237477929e-6
0.00098160032434059007396
0.0022773986932717371129
0.0035822102398294144123
0.0048531015096691362908
0.0061504120652307586506
0.0073760864711053800021
0.0086567550336305311254
0.0098199780425566694523
0.01107504516582106361
0.012159166703473154172
0.013380259734216636641
0.014368961694055760515
0.015548742240444052229
0.016425831529626198584
0.017558477093813747151
0.018307591388890305304
0.019389402979796594865
0.019993514657583569877
0.021023788207706757276
0.021464317370289800746
0.02244674136778550988
0.022701893653981537551
0.023647046087390094044
0.02368848755226379484
0.024618846906011104215
0.024404368888737717513
0.025365901805734749677
0.024820655420478364584
0.02591544809217322986
0.024871046670084639404
0.026384076119753030946
0.024269030728737079846
0.027680511657109544316
0.012620617596699351162
-0.0022374955245295635983
0.0011995554872141514443
-0.00080408735773785185309
0.00059652571378426521082
-0.00046835078037512833044
0.00038092060680277833085
-0.00031712679057753616141
0.00026825691533547620426
-0.00022941691064299512965
0.00019765039244672571834
-0.00017106878666231483897
0.00014841115773149664095
-0.00012880518563292613708
0.00011162977279611435796
-0.000096432297852481210095
0.00008287682373987647448
-0.000070710642915057950176
0.000059742130678410100953
-0.000049825848664894092448
0.000040852502521794021352
-0.000032742347237187006379
0.000025441290695590456197
-0.000018919499020605801678
0.000013173022177160940568
-8.2304670124008128876e-6
4.1715366888142735437e-6
-1.1884906356669146944e-6
0.00097989340371675751329
0.002283383427580675474
0.0035704254075902705318
0.0048719094698579996325
0.0061235020834956263981
0.0074120993054308587655
0.0086106785864943078487
0.0098770650177071054173
0.011005993792958664748
0.012241161779860263867
0.013284298188665892116
0.014479974860080475968
0.015421508878200170117
0.016570561513072766814
0.017394836895280559234
0.01849172871297585628
0.01918296272197671266
0.020224341208651899582
0.020766137495883008378
0.021751687596367500343
0.022126158093522490283
0.023059978333303782247
0.023246094898961654476
0.02413916323173576811
0.024109460462445964883
0.024984590756965598132
0.024697895546620212861
0.025601208544925246771
0.024984046923391180385
0.026017284490856528838
0.02490355864366993156
0.026349632773103396068
0.024174039106283173627
0.027499486840847237064
0.012504618527044563356
-0.0022108839901917487557
0.001181956682227816334
-0.00078997738226062637884
0.00058426746018452008261
-0.00045724854683166987881
0.00037061758760668875859
-0.00030741756179827702657
0.00025901380924273612229
-0.00022055638773030892583
0.0001891159573412940556
-0.00016282160806302723572
0.00014042462037807721391
-0.00012106160739686467236
0.00010411839914024919741
-0.000089148105942998572264
0.000075819886191095335209
-0.000063885925505765205894
0.000053159680977511701421
-0.000043501402760431914062
0.000034808619529362290964
-0.000027010310770273644983
0.000020064266394193831846
-0.000013958003032666276519
8.7152712933440508622e-6
-4.4153037620944397244e-6
1.2576350450132149651e-6
0.00098152210025213534522
0.0022776736061731286001
0.003581666590224498502
0.0048539745091192766778
0.0061491528330631479755
0.007377788746362249284
0.0086545505227499667791
0.0098227484090356077791
0.011071638918642178735
0.012163287377142537347
0.013375335147266496904
0.014374793518601462574
0.015541882439075938188
0.016433861986135284552
0.017549105530846133307
0.018318509937737634898
0.019376685922237719729
0.020008341257824029474
0.021006462348136568969
0.021484637921853790576
0.022422786011505773589
0.022730326169857250003
0.023613004355481888616
0.023729697517917585515
0.024568259000602382646
0.024467576539962903349
0.025285114041562301093
0.024927023207276702055
0.025769693533517965205
0.025082284957919532071
0.0260512219513805561
0.024871118509859338273
0.026246432314892291369
0.02401598951691647511
0.027246714320314802543
0.012355996336683897485
-0.0021784998273738402813
0.0011612649547991074865
-0.00077379254448120086445
0.00057046657573445804968
-0.00044493080153266236912
0.00035932105918846522044
-0.00029687603001621378887
0.00024906143583124719195
-0.00021108423708242803812
0.00018004993081822782549
-0.00015411034026533922958
0.00013203245719642699025
-0.0001129643831168038851
0.000096300868408174801935
-0.000081602431149568396317
0.000068544865083513635784
-0.000056886809886750022278
0.000046448554400577732742
-0.000037098196861919001769
0.00002874300063695666724
-0.000021324943131858601358
0.000014820565901939649454
-9.2471105531691220493e-6
4.6824187032183037731e-6
-1.3333548552432560981e-6
0.00097996687493413056098
0.0022831252923753971814
0.0035709356141488754287
0.0048710907911989639751
0.0061246817874079546541
0.0074105065229159871712
0.0086127382004369147981
0.0098744813323617504169
0.011009163963353405052
0.012237335772700185071
0.013288858302284065703
0.014474591122626729519
0.015427819838109299579
0.016563202119005779836
0.01740338803772804495
0.018481814600303323805
0.019194446562317883842
0.020211035162296628024
0.020781577776507267625
0.021733722387717961379
0.022147144536169895392
0.023035329914099802993
0.023275247804527163328
0.024104374496029973765
0.024151441782436479619
0.024933212186884859516
0.024761903072894016374
0.02551963131529410967
0.025091155364317088324
0.025870916099518239285
0.025115114198095701172
0.02601717111888824379
0.024773811563128926064
0.026074743480488650327
0.023795294633134787315
0.026922853379601485076
0.012175138764102881522
-0.0021404273521163648952
0.0011375339505621138262
-0.00075557457618705023984
0.00055515843513538260326
-0.0004314289411306490129
0.00034705968827421987411
-0.00028552888818057399031
0.00023842503302893809089
-0.00020102464423894473021
0.00017047580063951797887
-0.00014495812575210760094
0.00012325785387657124623
-0.00010453720493189379067
0.000088201963575565182899
-0.000073821914849891751858
0.000061081300363437379702
-0.000049747183919253806963
0.00003964906545582980644
-0.000030666057208797442112
0.000022719770022797218417
-0.00001577256546858601654
9.8330095781879579614e-6
-4.9763133046111390631e-6
1.4166079486674500448e-6
0.00098145288139134551332
0.0022779167363496884089
0.0035811862722255613748
0.0048547446900125316649
0.006148044036720083286
0.0073792840687246980786
0.0086526196215544844908
0.0098251666596110700334
0.011068677379222660184
0.012166853798903965835
0.01337109496095855298
0.014379785531740086918
0.015536049090749659316
0.016440640409041815639
0.017541260570964134316
0.018327565073446349239
0.019366249026716288744
0.020020367028735074781
0.020992594921856519567
0.021500659205157515327
0.022404220235758627525
0.022751932298784562484
0.023587718202568516127
0.023759504126366996504
0.024532804296633913898
0.024510229725206230691
0.025233068547985539979
0.024991674134283548776
0.025687528988467844862
0.025189865401117342017
0.025904610755757411854
0.0250824502242549286
0.025915219787065538133
0.024611892512962671297
0.025835013542137971355
0.023512530657787280682
0.026528748716051010628
0.01196251764627390179
-0.0020967656722707223807
0.0011108251489830094162
-0.00073537037437608574339
0.00053838216836902546609
-0.00041677724561165547038
0.00033386443760990251422
-0.00027340471449968325263
0.00022713144001413419765
-0.0001904032176118033876
0.00016041840107296049119
-0.00013538948927715021627
0.00011412555031162809098
-0.000095805668514052751554
0.000079848963264778421039
-0.000065836631170179643463
0.000053463608676997291395
-0.000042508027273552839928
0.000032812058856696960528
-0.000024270827561664360432
0.000016828258109240619163
-0.000010481373891268156525
5.3010795156689485061e-6
-1.5085342387298452505e-6
0.00098003228939490502494
0.0022828955819781024447
0.003571389217693881706
0.0048703639189582828616
0.0061257273377168500475
0.0074090980022036108262
0.0086145546688991143604
0.0098722098543425953922
0.011011940856652601472
0.012233998453362336088
0.013292817025058115736
0.014469942503242017155
0.015433236191507318841
0.016556928633419453026
0.017410622357367477292
0.018473497988343700805
0.019203989094123625638
0.020200095191519259824
0.020794122125940741723
0.021719321242632698122
0.022163714023031784376
0.023016202549567768859
0.023297427140144549363
0.024078506292959155192
0.02418183497512105524
0.024897173052970251165
0.024805128074198860702
0.025467043231612262747
0.025156292638652318878
0.025788366873632538959
0.025222897752315331783
0.025870687848889143249
0.02498437978180280714
0.025745632635992309719
0.024385784846634219395
0.025527867121066954681
0.023168435835171665288
0.026065428229289505399
0.011718687687702266494
-0.0020476284216887924007
0.001081207688869638918
-0.00071323185894519424835
0.00052018053461558411748
-0.00040101276389769786323
0.00031976846409923322919
-0.00026053388810976267938
0.00021520903989774249985
-0.00017924697347194420727
0.00014990396363082185549
-0.0001254304897381613734
0.00010466214694322698014
-0.000086797814941915018882
0.000071272544231362122614
-0.000057681547577010837818
0.000045733423992349028747
-0.000035221180370049758306
0.000026005099188811870075
-0.000018004938085076598426
0.000011202342638068214856
-5.661633849851327818e-6
1.6105003354850469106e-6
0.0009813908677486203415
0.0022781344540901400462
0.0035807565295611948751
0.0048554329095012714667
0.0061470548757987569394
0.0073806152965523641455
0.0086509048935604958432
0.0098273078812772935892
0.011066064008006911281
0.012169988717980129234
0.013367384209458176905
0.014384132566047533423
0.015530997669493925456
0.016446473754652469642
0.017534556156169959283
0.01833524401244485506
0.019357474387322281876
0.020030380631424330092
0.020981171341624035623
0.021513698983031959578
0.022389312877804410668
0.02276901729388919813
0.0235680681774479078
0.023782210185700318891
0.024506409780554315692
0.024541142287204545313
0.025196526647589018558
0.025035370771979597198
0.025634522744514220591
0.025255331973142678584
0.025821879265892969548
0.025190168633103148311
0.025769233736579383899
0.024821160605289508781
0.025508850498138920465
0.024096079760346819858
0.025154104530157000894
0.022763908544026005378
0.025534100329945210826
0.011444285013286489843
-0.0019931434541628385451
0.0010487581693589854535
-0.00068921581096181888355
0.0005005997794057486687
-0.00038417518529858771779
0.00030480700687757243838
-0.00024694850181304297871
0.00020268771176124723569
-0.0001675843508290855256
0.00013896023124137844086
-0.00011510898951634916649
0.000094896615227709400358
-0.000077545016201856459994
0.000062508254888386716837
-0.00004939893554269118623
0.000037943542263707905139
-0.000027955905464947539455
0.000019323784558846859834
-0.000012008253545031496538
6.0639323866623328513e-6
-1.7241577065688838043e-6
0.00098009126845549144173
0.0022826885627832769632
0.0035717976836856634578
0.0048697101437963856999
0.0061266662916631049057
0.0074078355193980552756
0.008616179025385065715
0.009870184155565403511
0.011014409462308165042
0.012231042347592665427
0.013296309221626911114
0.014465860562244727953
0.015437967814126799682
0.016551479668102196532
0.017416865788225384534
0.018466371372798337966
0.019212101871469117113
0.020190875652476229379
0.020804590959526555345
0.021707433054043137662
0.022177226517199458337
0.02300081607744093699
0.023314995323032590768
0.024058372192259031484
0.024205021590319723922
0.024870307666555879287
0.024836493077214288527
0.025430079928613187688
0.025200361078843057831
0.025735066454054169581
0.025288537203719930127
0.025787975548884540041
0.025091766338528649689
0.025600510488629982111
0.024593220811685881176
0.025205489151404314007
0.023743534664061167699
0.024714699649518523815
0.022300004978772143751
0.024936150774377082306
0.011140025508770872068
-0.0019334524972118885832
0.0010135604255729668676
-0.00066338369018139590543
0.00047968947357937315575
-0.00036630669600683758879
0.00028901726632436438955
-0.00023268227665946856219
0.0001895988038133579188
-0.00015544528022019325251
0.00012761668078265077858
-0.00010445512155463265356
0.000084861152362127934002
-0.000068083447233926741923
0.000053598983733356472443
-0.000041042486571224630487
0.00003016486941281772786
-0.000020811005427963766092
0.00001291426349052583918
-6.5152553134824213651e-6
1.8515192774465121257e-6
0.00098133458825852316586
0.0022783319576782634865
0.0035803669810400231735
0.0048560560753041240396
0.0061461605084507742886
0.0073818167824336951458
0.0086493606388915808363
0.0098292313131979573247
0.011063723367899767027
0.012172787031599669825
0.013364084495440990663
0.014387981563128481098
0.0155265463418332274
0.016451586800044517673
0.017528714266152340134
0.018341891313335248526
0.019349933574921855973
0.020038917208152947955
0.02097151928257188675
0.021524607953467058046
0.022376978343988840913
0.022782980518650682795
0.023552228976342164634
0.023800229937278481364
0.024485829496633037079
0.024564763981105306186
0.025169245133493109762
0.025067122014888796357
0.025597218620909765509
0.025299673261129968593
0.025768407612125301425
0.025255825859583054573
0.025686740318823550843
0.024927951117690811057
0.02536495510754874642
0.024301157869238881981
0.024836337638111639671
0.023329071267489460711
0.024210797337695247969
0.021777936427017329361
0.024273139032671347238
0.010806702953124024475
-0.0018687107656222476473
0.00097570527765481761207
-0.00063580142984487293256
0.00045750233208120765082
-0.00034745181980395177276
0.00027243827627040311267
-0.00021777048700418222108
0.00017597514817625786324
-0.00014286134801252570255
0.000115904932249776267
-0.000093502095867402899448
0.000074592632582343845033
-0.000058456593900711237454
0.000044599236001062837083
-0.000032684657545332877229
0.000022499406421131566885
-0.00001393918857904125609
7.0245884348929962766e-6
-1.9950615714738313702e-6
0.00098014515758782229251
0.002282499483714399453
0.0035721704880561454136
0.0048691140608416703021
0.0061275212287426743385
0.0074066879422955488555
0.0086176525415976656991
0.0098683509511375385832
0.011016637328264263444
0.012228382910154196569
0.013299439788973571554
0.014462215901843283121
0.015442173775862713537
0.016546659986361131486
0.017422357955367273847
0.018460140244519872129
0.019219147809183072969
0.020182927630481724624
0.020813542337196018538
0.021697359798035108231
0.022188561597666044068
0.022988052386990345048
0.023329388373176080431
0.024042105560260314405
0.024223462388210358492
0.024849317979595124323
0.024860505509937534901
0.02540243585217283625
0.025232433600436511232
0.025697500755343507656
0.025333053869488682316
0.025734453889813100651
0.025157288302386046667
0.025518433017997984344
0.02469915463105279857
0.025063178263217821918
0.023945737151349568058
0.024402356108359734909
0.022853773257329336443
0.023643710381244233811
0.021199066153213790448
0.023546794197951973033
0.010445186947722123017
-0.0017990865343264771049
0.00093529025118051373093
-0.0006065392058909824343
0.00043409400993813366761
-0.00032765724241409948965
0.00025511077421833456605
-0.00020224991191357654942
0.00016185115394787703645
-0.00012986613035777413509
0.0001038594853093049327
-0.000082287604774287478574
0.0000641351286717938675
-0.000048719670624271198286
0.000035582878821100349267
-0.000024430581485144245018
0.000015106659283571239751
-7.6031420562206541488e-6
2.1578627559672235282e-6
0.00098128280115596935654
0.002278513628932680299
0.0035800088981223686337
0.0048566283517793865065
0.0061453402219538415262
0.007382917002800799685
0.0086479492345358962883
0.0098309853400090470812
0.011061594393079782241
0.012175324797140159997
0.013361101961928699765
0.014391447620817026946
0.015522554519767637402
0.016456150909395830579
0.017523526135176406264
0.01834776151353043271
0.019343315616105763414
0.020046357880960196707
0.020963169664139320075
0.021533966542978207115
0.022366493774635444646
0.022794729148678915554
0.023539051825983799453
0.023815033425408452405
0.024469159185598543822
0.024583596882467208476
0.025147881202798843959
0.025091482521053097977
0.02556926380106628823
0.025332003945481074884
0.025730657599608534581
0.025300422616344948164
0.025633287409032311956
0.024993187691381581084
0.025283487066978914482
0.024405979003441528834
0.024695962534484457859
0.023527890088874812667
0.023904673184784755436
0.022318883579100262203
0.023014915984867576081
0.020564905900655045225
0.022759010445604346872
0.010056420647749561842
-0.0017247606696725430969
0.00089241926585377685165
-0.0005756711764224384305
0.00040952287193997345023
-0.00030697161990502709052
0.00023707707958064348007
-0.00018615884264228588484
0.00014726304578272616304
-0.00011649583313623311388
0.000091519045734758238834
-0.000070856321837761238983
0.000053544438626426310155
-0.000038947755446156508295
0.000026658030869448871392
-0.000016446736675557887557
8.2650679226674884629e-6
-2.3437920013145328055e-6
0.00098019511467905436828
0.002282324261719581861
0.0035725157542509004005
0.0048685625108735285499
0.0061283113477612567805
0.0074056289501031335217
0.0086190098768322994173
0.0098666658386213898125
0.011018680252047221669
0.012225950979747158395
0.013302293622402703541
0.014458905014688521078
0.015445979717479642289
0.016542317474067442316
0.017427282834159332832
0.018454582027550816513
0.019225396580985379347
0.020175923548757701637
0.02082137560677575002
0.021688612376548619149
0.022198321681196858403
0.022977164468183325582
0.023341539959030690316
0.024028528632776918304
0.024238658990027492719
0.024832265625145266321
0.024879703747865072192
0.025380730591457441801
0.025257101844556803892
0.025669284575534399058
0.025365582172809788174
0.025696594070423580621
0.025201872867963216138
0.025465164253587293513
0.024763959561720604729
0.024982508481155974928
0.02404919549119512683
0.024264260147171381361
0.023048711939603371499
0.023344582843151037863
0.02172580134133051504
0.022326051802781391893
0.019877112026888333525
0.021911842051204266868
0.0096414183017520431865
-0.001645926117270735796
0.00084720228773273217971
-0.00054327518539249988086
0.00038384973168133854036
-0.00028544537408981667791
0.00021838100049965895677
-0.000169537203080116114
0.0001322493752177151687
-0.00010279049796579794926
0.000078928952687925959065
-0.000059264488753776293731
0.000042896582190294221
-0.000029251698907047473078
0.000017998218215046410465
-9.0284673007153497431e-6
2.557773507601692636e-6
0.00098123441395975540487
0.00227868331767913572
0.0035796746306055270478
0.0048571621100466886149
0.0061445760080668783854
0.0073839405777269081988
0.0086466383671546351868
0.0098326112020989893108
0.011059625481075927347
0.012177665671811181513
0.013358358878807332559
0.014394624969828142291
0.015518908528798570196
0.016460302795184907525
0.017518827592133965924
0.018353051719486831668
0.019337383632510865904
0.020052987902831006807
0.020955777940070099289
0.021542192578766150872
0.022357349959557678888
0.022804887465613985437
0.023527765992528094304
0.023827579974340084147
0.024455193489375220766
0.024599172024695442753
0.025130465607609870384
0.02511102225149516086
0.02554724709964984155
0.025356942734702266538
0.025702226158444285953
0.025333091456469626511
0.025595388600725928767
0.025037671775087580433
0.025230513435822565695
0.024470211041767517655
0.024616273951030799288
0.023629742790246725733
0.023769190192308062941
0.022509459201221776927
0.022723540798496644484
0.02107607836599800929
0.021578911509039633526
0.019137481291543214812
0.0210074979755642857
0.0092012626057887043461
-0.0015627873432050187216
0.00079975493766334667908
-0.00050943242177323446035
0.00035713755504752038679
-0.00026313048403341859439
0.00019906781169237782561
-0.00015242689513434758085
0.0001168520543499035756
-0.000088796292379851476708
0.000066145754241812681391
-0.000047588717695768082707
0.000032304745914366455709
-0.000019812000249130804829
9.9168364202317073433e-6
-2.8061613797192945549e-6
0.00098024218461847280927
0.0022821592171199835641
0.0035728407856755919614
0.0048680437037929017854
0.0061290537729038087211
0.0074046351956272857561
0.0086202815741968028211
0.0098650899830850726646
0.011020586620162528819
0.012223687148494410613
0.013304942885829044757
0.014455840914298151763
0.015449489929956013258
0.016538327532708097363
0.017431788990203395075
0.018449519697800654478
0.0192310592220929718
0.020169611443817492929
0.020828392346959347116
0.021680828591103216809
0.022206943657948441407
0.02296762256051332615
0.023352096459101201019
0.02401684700726662109
0.024251595924607101382
0.024817918647495810121
0.024895646488354755068
0.025362966810615854546
0.025276963096712401854
0.025646982310804245522
0.025390758483302300874
0.025667989114224177343
0.025234629735876917686
0.025427292425514471453
0.024808260078665889114
0.024929935284785818528
0.024112719747900521542
0.024185728355544850906
0.023148725024175932776
0.023212035298862204092
0.021911546705257358503
0.022043160378507462961
0.020371415418203745657
0.020775439899129363115
0.018347946321208007821
0.020048336023990480708
0.0087371018791333377727
-0.0014755597231032113591
0.00075019804454556488094
-0.0004742270215969347856
0.00032945112390372171963
-0.00024008029712719987406
0.00017918439231555556109
-0.00013487259706678605971
0.00010111842339072062225
-0.000074569971988202406568
0.000053246220404041078092
-0.000035943950031755520903
0.000021956105295347008503
-0.000010961185133700684571
3.0972827775507909844e-6
0.00098118841145949489187
0.0022788445967503485342
0.0035793570954519101906
0.0048576687651620887501
0.0061438513238264679979
0.0073849100008025499894
0.0086453987050098300684
0.0098341460555123476654
0.011057770532227388241
0.012179865989617823759
0.013355787170905850256
0.01439759520329343606
0.01551551114466038122
0.01646415784550487797
0.017514482027490260355
0.018357923479790407741
0.019331946584031731468
0.020059033421358669967
0.020949075873791569141
0.021549605136634943684
0.022349165920193396792
0.022813912471880436299
0.023517820240103895793
0.023838538799963093989
0.024443113860973531183
0.024612499244021179466
0.025115740212567921565
0.02512732642339773208
0.025529145253556641106
0.025377110642035815588
0.025679658919808529495
0.025358477755833633516
0.025566646153063049417
0.025070470155746966354
0.025192728233835619116
0.024514251645989389267
0.024564199205148069821
0.023692432414371436585
0.0236919816610284894
0.022607409469955866893
0.022594237719397329405
0.021256544446676455397
0.021305207852121191897
0.01961365816207486261
0.019917727505634461312
0.017510570784560239303
0.019036856583932892379
0.0082501470689768526582
-0.0013844688697471490782
0.00069865712557520948522
-0.00043774559488434636607
0.00030085666028656408525
-0.0002163494167260050239
0.00015877971553677495696
-0.00011692349941747987595
0.00008510545773832085716
-0.00006018795270225917365
0.000040346229062721587332
-0.000024523416528111892229
0.000012203220826085612363
-3.4422429955832357334e-6
0.00098028737184407943923
0.0022820008172488970461
0.0035731525777081512087
0.0048675463844756264012
0.0061297647800903788436
0.0074036846074107732463
0.0086214963237037645767
0.0098635871748419491317
0.011022401170760868371
0.012221537001259026918
0.01330745299640428887
0.014452945636249171284
0.015452796743707204128
0.016534581307759866844
0.017436004382366102959
0.018444803084753025657
0.019236311883536124104
0.020163784579685648608
0.020834835546009659808
0.021673722170869297976
0.022214765874693650426
0.022959025145014342669
0.023361536700678351319
0.024006486352456017564
0.024262966713436069158
0.024805433117916358116
0.024909369774640613316
0.025347859778776283517
0.025293628823127876757
0.025628546015178808389
0.025411224909717239004
0.025645170519920848968
0.025260205724267893596
0.02539844098704494618
0.024841061311688569971
0.024892288108048560881
0.024156432821879239245
0.024134240728731261482
0.023210463345776833187
0.023136305130683728819
0.022007224108744748927
0.021917394760461346448
0.02054617423132945362
0.020511597158006138754
0.018804792912518408559
0.019008004694052559314
0.016627544324742180412
0.017975695939509867655
0.0077416685920993487062
-0.0012897498834153169392
0.00064526176503762678649
-0.00040007665255657483792
0.00027142142684116037821
-0.00019199380326543761286
0.00013790611876610080469
-0.000098637065025197397294
0.000068888668796311400511
-0.000045765936813265549059
0.000027643978906114187299
-0.000013700271870669413702
3.8561499535223859618e-6
0.00098114377894008800676
0.0022790010327518512908
0.0035790492379341853076
0.0048581596494966676842
0.0061431498160651029565
0.0073858473905999210597
0.008644201585875287636
0.0098356259448171661794
0.011055985194742310468
0.012181979447879798881
0.013353322613033423129
0.014400434436488476796
0.015512272776847045718
0.016467820986893986602
0.01751036697675098797
0.01836251942216146425
0.019326838526785720094
0.020064687510808281398
0.020942838612399888169
0.021556466555911524958
0.022341634766204331789
0.022822164426280450442
0.023508789837482259657
0.023848413224207535235
0.024432320249444421126
0.024624298888625497853
0.025102833366549575241
0.025141459342610508414
0.025513645309185955086
0.02539414638217042397
0.025660883165375520056
0.025379243490898733265
0.025543580579387794664
0.025096225112721629017
0.025163786358908718336
0.024547027426121043619
0.024526730627795241141
0.02373576172673110664
0.023641157734719799448
0.022668092828414333885
0.022520126722811153941
0.021349755137744544477
0.021183253444009017991
0.01978230626920476524
0.019664383936974184231
0.017946942290543402231
0.018048635175137114183
0.015701177319295085018
0.016867619150586642432
0.0072129930220458503761
-0.0011916464977952398846
0.00059014484570744065352
-0.00036130990145294243615
0.00024121336495315094018
-0.00016707142350298210403
0.00011662236487044948347
-0.000080087419300892140204
0.000052582127862513622735
-0.000031505341086027952161
0.000015533156985650369071
-4.3600322809627773166e-6
0.00098033172613162714487
0.0022818453744444121498
0.0035734584167727216828
0.0048670588663589105909
0.0061304611996270335842
0.0074027544783335207587
0.0086226834625450687879
0.0098621206485376510651
0.011024168963168617738
0.012219446227705006047
0.013309888589579808436
0.014450142999099064514
0.015455989288992342765
0.016530975092826310484
0.017440049197248361544
0.018440293275830476056
0.019241314872947606037
0.020158258057799679183
0.020840918548543363637
0.021667046639712552563
0.022222073677974058258
0.022951040918642715007
0.023370246767559385855
0.023996994715243652128
0.024273303248479842038
0.024794179165803170066
0.02492162485093624109
0.025334506158208590723
0.025308195350014373884
0.025612631100480696836
0.025428650286700810738
0.025626038741346430708
0.02528128351843795688
0.025375120428361766745
0.024866997341229675899
0.024863261054758672413
0.024189168653366373433
0.024096976941884298448
0.023253367711966836489
0.023086205636285167988
0.022066765718920841163
0.021845025475209585848
0.020636744662187963872
0.020393704206389059122
0.018966955920656529529
0.01876575870001777047
0.017042360956815096412
0.017042108815997632487
0.014733895579429352828
0.015715512463584468865
0.0066654996310377224157
-0.0010904100737587120402
0.00053344155747810320106
-0.00032153537573693398287
0.00021030096344839935961
-0.00014164429875814840735
0.000095001039689352100263
-0.000061385195214362014957
0.000036387794748398853315
-0.000017819260009174316338
4.9839478139266257294e-6
0.00098109940069922178035
0.0022791565427688239145
0.0035787433260144625288
0.0048586471464503734018
0.0061424536846753596787
0.0073867767062734324049
0.0086430161420034249876
0.0098370894264240190033
0.011054222392105069282
0.012184062546756891545
0.01335089828356815114
0.01440322112956084216
0.015509102161296481433
0.016471397735728531346
0.017506360997721159322
0.018366978864993920839
0.019321899974544376033
0.02007013253897784975
0.020936857668242200887
0.021563015337938307424
0.022334483264149210624
0.022829957057479332732
0.023500313463380385218
0.023857620977491123726
0.024422327462297714017
0.024635137606203892702
0.025091079063206003307
0.025154209544415748862
0.025499805838466238885
0.025409184617630741289
0.025644516577918020957
0.025397093301797670194
0.025524060495886944344
0.025117643987655520518
0.025140185965370449722
0.024573164071266005573
0.024497605591425205271
0.023768461840404546494
0.023604105481415857686
0.022710551320002780028
0.022470791193065360886
0.021408090572515787862
0.021112724528982905723
0.019870088933964825224
0.019550773296960857111
0.018102280945673638288
0.017818038830196391417
0.016093431721138358009
0.015991033530101036286
0.013728235177940452693
0.014522375181315019912
0.0061006167968860507288
-0.00098629835466193543672
0.00047528805837289744
-0.00028084240799058070505
0.00017875393680759583894
-0.00011578425301604901805
0.000073147297116498058776
-0.000042728964818899221034
0.000020735277743934557902
-5.7722254599204257378e-6
0.0009803764697269102174
0.0022816885997234103372
0.0035737667613122181035
0.0048665676205079943687
0.0061311624445331588578
0.0074018187345656018974
0.0086238764959901885206
0.0098606486801029873834
0.011025940763940477689
0.012217354140016025653
0.013312321227765106744
0.014447349516592190406
0.015459164145481854031
0.016527397896306175514
0.017444050340127146905
0.018435845725437624111
0.019246232379045488019
0.020152845703630840189
0.020846852277423791264
0.021660563042861273459
0.022229137988358421017
0.022943362244249279972
0.023378576797829955689
0.023987972354052700012
0.024283063673369745362
0.024783629243745222855
0.024933022562374742636
0.025322194071346551077
0.025321498487406444324
0.025598247880088728548
0.025444217876765414071
0.025609163498203483777
0.025299613591082234894
0.025355157962179433867
0.024888808899198750736
0.02483933259254802936
0.024215549667769231279
0.024067716051439444976
0.023286062298937816753
0.02304934475150390935
0.022108785343048330072
0.021796464355454376534
0.020693839936547599891
0.020325082177498845523
0.019051837777038383295
0.018656613266178594929
0.017190579876213149609
0.016823658860023424804
0.015102662563021871804
0.0148981258252283926
0.012686837748122493591
0.013291310838393674804
0.0055198182870797610006
-0.00087957382092036376258
0.00041581958268855060862
-0.00023931861638649794322
0.00014664649225153300272
-0.000089589154815381231511
0.00005125078065986638043
-0.000024559068378782399079
6.7927305127579821616e-6
0.0009810538915289985972
0.0022793159854636478061
0.0035784297854911317709
0.0048591465516470191539
0.0061417410153939039916
0.0073877273245718771305
0.0086418047110540893567
0.0098385832739159175454
0.011052425392144675468
0.012186182863635839296
0.013348434816408694037
0.014406047456425608433
0.015505893200711213587
0.016475009348747009764
0.017502326289368558917
0.018371457721201689634
0.019316955110926632993
0.020075566292031469463
0.020930910881327258437
0.02156950083725112042
0.022327431527753932411
0.022837604764442035764
0.023492037417641646309
0.023866560869951949416
0.02441268447128468581
0.024645527420459413429
0.025079893341035349338
0.025166246708098367753
0.02548685390209498457
0.025423124141461043361
0.025629505039467046778
0.025413275611054100477
0.025506590823709011814
0.025136540034952196456
0.025119696035523504668
0.024595452060348823213
0.024473267512537956723
0.023795165488296833519
0.023574635127170299179
0.022743307576581392075
0.022434063190195261174
0.021449718045043960146
0.021064907060174261279
0.019925952941373075508
0.019484079806376410495
0.018184196373794567687
0.017713490394820922745
0.016234292668879177419
0.01578515794736135872
0.014072685582876997922
0.01376619917060935178
0.01161244691702639221
0.012025517356244581413
0.0049246194365252953326
-0.00077050132487541417737
0.00035516767915495667975
-0.00019704979563847772887
0.00011406905561251242818
-0.000063232386254478860777
0.000029752146416954505686
-8.1541973509649110474e-6
0.00098042323357822889457
0.0022815247746734296187
0.003574088871903286631
0.0048660546752605462946
0.0061318942289276948486
0.0074008429625913554696
0.0086251194557050637077
0.0098591167142228430995
0.01102778256391970399
0.012215182376318636909
0.013314842619519891258
0.014444459100700843404
0.015462442888927664881
0.016523711450382513225
0.017448164095119370802
0.018431284660940596961
0.019251261316852510232
0.020147327583347345487
0.020852881834467329573
0.021653998626340312998
0.022236262109019508548
0.022935651861291327644
0.023386902053819002781
0.02397900116338668523
0.024292714783522583158
0.0247732607413661495
0.024944150098771930808
0.025310260861698109665
0.025334290023135827708
0.025584538094271295089
0.025458914678780912298
0.025593400089924355523
0.025316536546583586294
0.025336965908496684042
0.02490840046826727002
0.02481818458957176054
0.024238445098595534085
0.024042837770875479607
0.023313217697079470346
0.023019538613312259201
0.022141725078913893614
0.021759754180632032769
0.020735180557911130773
0.020277916909231386312
0.019106542352148709301
0.018591804521315410563
0.01726953169167870654
0.016723766788789790567
0.015236005931549220824
0.014705162358955525745
0.013006259957517654795
0.01259814841797769882
0.010507907258944803852
0.010728275456774021935
0.0043165732469034358986
-0.00065934434558910735344
0.00029345621931263185442
-0.0001541245525078171611
0.000081170296984024034359
-0.00003713727101322892788
0.000010040998781748612445
0.00098100524597163447162
0.0022794863901167291118
0.0035780947823960336443
0.0048596799254112587844
0.0061409802787395032744
0.007388741383711154957
0.0086405134672884104507
0.0098401740467973898937
0.011050513866549402789
0.012188435537374712377
0.013345821197334418457
0.014409041410668225134
0.015502499762172639778
0.016478821332408927376
0.017498076642663791212
0.018376164350014907101
0.01931177183225020576
0.020081246392499646362
0.020924713115115336722
0.021576237970078281369
0.022320132263369032099
0.022845490224826822734
0.023483540126447252188
0.023875697512144164737
0.024402878702618061901
0.024656034784650587667
0.025068648694947363369
0.025178268170897226379
0.025474011472451754949
0.025436837243212897017
0.025614864843244732474
0.025428907491252678888
0.025489892675380233878
0.025154391357950643443
0.025100589309899463998
0.024615935650337761874
0.024451261188639727972
0.023818871769810758702
0.023549010827152491874
0.022771121983415146972
0.022403713823807955523
0.021483047248263942089
0.021028012356632045331
0.019967202510097982509
0.019437381516877304642
0.018237910499661968296
0.017650421904146625083
0.016310388285027906732
0.015689872329626684002
0.014198467602948839177
0.013586358195075424134
0.011906283452124935517
0.011396926286828717571
0.0093761689254013791923
0.009402933628385978423
0.0036972664712344786365
-0.00054635842033901988421
0.00023079661636229594435
-0.00011066115357237142564
0.000048327991612568257196
-0.000012789335925006206111
0.0009804746118159964298
0.0022813448089786619776
0.0035744426305311880968
0.0048654915341433577864
0.0061326972452151007032
0.0073997728381351148768
0.0086264816410347959805
0.0098574391918699003234
0.011029797432720090527
0.012212809119260961671
0.013317594570733515157
0.014441308696242228719
0.015466011120767327369
0.016519706257177016548
0.017452625278504517453
0.01842634843306837167
0.019256691799872556637
0.020141383343123314716
0.020859359768366199286
0.02164696647302395049
0.022243869767616664568
0.022927446459916861257
0.023395728604712565479
0.023969528636786755905
0.024302859822149631659
0.024762414603312647124
0.024955728378172995076
0.025297916463048582856
0.025347438034269750869
0.025570544759084495225
0.025473800128251687644
0.025577569595042846919
0.025333372482676884413
0.025319055004603182565
0.024927467116655714652
0.024797867443040758203
0.0242601250263744479
0.024019660557559436476
0.023338055211541863216
0.022992840695818110669
0.022170532497218721921
0.021728522276068405517
0.020769242357385778611
0.020240492758959652209
0.019148044779846471105
0.01854523421096059366
0.017322583888929468663
0.016662128669171321197
0.015309524165930988243
0.014614255446505590129
0.013124622402458761121
0.012431443059515261917
0.010775823452522924395
0.010165502026024341968
0.008220305927117809632
0.0080528851949111256918
0.0030683158769530261573
-0.00043177847121850382717
0.00016728975697494040292
-0.000066951170709010668083
0.000017074725843736983387
0.00098094989446018715618
0.0022796802627143829465
0.0035777137242952212356
0.0048602864377777568008
0.0061401155785918809703
0.0073898934415935583482
0.0086390473976822534653
0.0098419789087957420572
0.011048346871567164882
0.012190986879105245401
0.01334286418222104443
0.014412424731308000249
0.015498670036485783182
0.016483117171822724707
0.017493295242537469328
0.01838145061818202291
0.01930596140907008953
0.020087600357582885873
0.020917795996701287592
0.021583738210035528197
0.022312028433605190211
0.022854218770683768745
0.023474164903338396268
0.023885742409130530141
0.024392139869503499183
0.024667493348575949543
0.025056442760884019739
0.025191251327652632071
0.025460218588387636784
0.025451475538124299237
0.025599341637158546193
0.025445359704547130008
0.025472461803472590156
0.02517285728872301239
0.025081023672089325687
0.024636675794360418157
0.024429259144336953036
0.023842238881189939604
0.023524155520115749205
0.022797614182260673175
0.022375402841598903973
0.02151340267511886914
0.020995328084892561824
0.020002580466043355234
0.019398832273476057361
0.018280271089045736264
0.01760336819645744309
0.016363390686270982614
0.0156290597099956187
0.014269993648883155717
0.013499284533536954669
0.012017697372163432913
0.011243026752929408809
0.0096181972225154641089
0.008906774597706116803
0.0070435710627205952076
0.0066815242275697844922
0.002431365457589033434
-0.00031579305715958058161
0.00010310058555326488064
-0.000024453715559107606978
0.00098053592927264205367
0.0022811300497705926311
0.0035748647076083122792
0.0048648198118960335139
0.0061336547680693383233
0.0073984973537320044874
0.0086281044071836129439
0.0098554419595782161061
0.011032194652309850534
0.01220998771543837557
0.013320863288248154617
0.014437570399432674728
0.015470240566936576214
0.0165149646425156195
0.017457899658717352239
0.018420520993422528157
0.019263092403029015326
0.020134389550706980641
0.020866966810190536934
0.02163872597034557929
0.022252764217843435594
0.022917877166196735031
0.023405994194450421648
0.023958544577561981871
0.024314585431004959864
0.024749923245750167348
0.024969011047515511619
0.025283815269248427486
0.025362386950631804505
0.02555471653837851672
0.025490542095042627131
0.025559876006020223019
0.025352059703360692813
0.025299327151600210567
0.024948288657087753267
0.024775891774713673423
0.024283324332386317652
0.023995156879228627789
0.023363958015725047207
0.022965426321451901059
0.022199593476003379107
0.021697650421826512997
0.020802127783189207662
0.020205339669801282498
0.019185789770287526717
0.018504475082493211155
0.017366920085095686259
0.01661344388693797578
0.015363650438501649507
0.014553075823988165986
0.013195355641058577088
0.012347016648885244163
0.0108814257489754868
0.010023388751643532587
0.0084371956312959153084
0.0076233491985095167967
0.0058495666862633192983
0.005292132605563950763
0.0017880887479372723965
-0.00019850565021752100662
0.000039356954615601917779
0.00098087890457005611115
0.0022799288902885784284
0.0035772251142088264625
0.0048610639754616016417
0.0061390073493581816729
0.0073913694599637266417
0.0086371698292014065461
0.0098442892617373970929
0.011045574485847203614
0.012194248945361948461
0.013339086098689059596
0.014416744085018316378
0.015493785058248773321
0.016488591386964179309
0.017487208783216187547
0.018388171847420596549
0.019298583250646678876
0.020095657348354430559
0.020909038417695768823
0.021593218095966230599
0.022301804445295109172
0.022865208854018698845
0.023462386405535611201
0.023898332109374431169
0.024378715553128858262
0.024681776496988325108
0.025041275561909984618
0.025207329028167230221
0.025443202436825395736
0.025469459899524585114
0.025580357131788884231
0.025465378898219330307
0.025451370245951467432
0.025195062646545718839
0.025057658548639996787
0.024661252123191982184
0.024403413519892906309
0.023869420020583705647
0.023495562636407846892
0.022827707472895014829
0.022343704882673169909
0.021546829361246406721
0.020960023150781649617
0.020039946417528784949
0.019359178353338231585
0.018322499834262711023
0.017558194625996931628
0.016411997673116590113
0.015576356023630853329
0.014327724768262380271
0.013435166111476963479
0.012090292930410037743
0.011158526162823697886
0.0097207403509702982493
0.0087737370849304109086
0.0072378265708866167642
0.0063167946680841847946
0.0046428849348100890471
0.0038874703120565427489
0.0011402310015031042961
-0.000080339934333769062349
0.00098062561096381308023
0.0022808159654813940597
0.0035754819285381571026
0.0048638376738871039013
0.006135054500245793624
0.00739663328206272439
0.0086304753065400604805
0.0098525249835935121931
0.011035694391862806147
0.012205870606525554774
0.013325630650245064774
0.014432121343108807055
0.015476401542118613248
0.016508062552195119612
0.01746557119449981061
0.018412052403820722422
0.019272385064321886055
0.020124246266907152751
0.020877986919232848546
0.021626803063837138254
0.022265615782412093351
0.022904071071845809446
0.02342078083060390881
0.023942751109070565641
0.02433141245099441829
0.024732035361294131352
0.024987987887126866391
0.025263720399141691363
0.025383630146306990613
0.025532293232867502168
0.025514179095353441971
0.025534989562170774585
0.02537823392991610661
0.025271823707248937121
0.024977166454213652683
0.024745590061975303999
0.024315104837003622501
0.023961836305110135662
0.023398887689036262351
0.022928809070921250169
0.022237988387078441072
0.021657373380973526966
0.020844409448194965271
0.020160908017322126363
0.01923254621212424202
0.018455180509477598935
0.017419017587226845746
0.016558208359144330728
0.015422457765773600301
0.014490119880833449751
0.013263252553509200567
0.012273045926982445311
0.010963173602699221772
0.0099311298209538935881
0.0085447575317026137293
0.007490962628392488657
0.0060297912785223401208
0.0049839796187811784531
0.0034326640602223023439
0.0024672746707478053473
0.00049036334041757066794
0.00098072668083514133589
0.0022804620030062085923
0.0035761774958745447929
0.0048627309151780668681
0.0061366317539060523146
0.0073945329424689572731
0.0086331464938068717972
0.0098492388730505906653
0.011039636574159522001
0.012201233593772101458
0.013330999262075444831
0.014425986044091700752
0.015483337184198697412
0.016500294137953705316
0.017474203758266675545
0.018402525211577408692
0.019282836603504086373
0.020112841295499123684
0.020890373895444246033
0.021613405906248048951
0.022280051017541744136
0.022888570026572979686
0.023437375375404532988
0.023925035292547803581
0.024350277528205763044
0.02471199267336779497
0.025009237054089126713
0.025241235193398702324
0.025407381834409171604
0.025507243519348631772
0.025540559720393108989
0.025507243519348631772
0.025407381834409171604
0.025241235193398702324
0.025009237054089126713
0.02471199267336779497
0.024350277528205763044
0.023925035292547803581
0.023437375375404532988
0.022888570026572979686
0.022280051017541744136
0.021613405906248048951
0.020890373895444246033
0.020112841295499123684
0.019282836603504086373
0.018402525211577408692
0.017474203758266675545
0.016500294137953705316
0.015483337184198697412
0.014425986044091700752
0.013330999262075444831
0.012201233593772101458
0.011039636574159522001
0.0098492388730505906653
0.0086331464938068717972
0.0073945329424689572731
0.0061366317539060523146
0.0048627309151780668681
0.0035761774958745447929
0.0022804620030062085923
0.00098072668083514133589
0.00038220118431826413407
0.002012700092439882866
0.0049416273837414745172
0.0091619943579814601574
0.014662870583408545876
0.021429924043507954314
0.029445506659319426261
0.038688709308522369371
0.049135418762999414679
0.060758381392559483761
0.073527274576168277218
0.087408785945670024668
0.10236670035882017542
0.11836199441384390143
0.13535293827526744516
0.15329520455275442225
0.17214198395246456415
0.19184410740103913765
0.2123501743245846907
0.23360668674853736718
0.25555818886887394059
0.278147411730734199
0.30131542263712169541
0.32500177889796658273
0.3491446855184846437
0.37368115641547325208
0.39854717874097075039
0.42367787988459234974
0.44900769671886296552
0.47447054664601282532
0.5
0.52552945335398717468
0.55099230328113703448
0.57632212011540765026
0.60145282125902924961
0.62631884358452674792
0.6508553144815153563
0.67499822110203341727
0.69868457736287830459
0.721852588269265801
0.74444181113112605941
0.76639331325146263282
0.7876498256754153093
0.80815589259896086235
0.82785801604753543585
0.84670479544724557775
0.86464706172473255484
0.88163800558615609857
0.89763329964117982458
0.91259121405432997533
0.92647272542383172278
0.93924161860744051624
0.95086458123700058532
0.96131129069147763063
0.97055449334068057374
0.97857007595649204569
0.98533712941659145412
0.99083800564201853984
0.99505837261625852548
0.99798729990756011713
0.99961779881568173587