0.0014708583551107712439
-0.00055912914833369869264
0.00042784733126843785017
-0.00035941071275951984219
0.00031432573905446626234
-0.000281046503550954228
0.00025471651679842442003
-0.00023287586530053941984
0.00021412647021141314079
-0.00019760871123080733416
0.00018276311824766419056
-0.00016920976065341439304
0.00015668216536358114561
-0.00014498879660208256164
0.00013398945488189150794
-0.00012358021307994570822
0.00011368346844340125418
-0.00010424118306495162643
0.000095210180632620431568
-0.000086558810631408539257
0.000078264548551713428122
-0.000070312255696945328728
0.000062692919067537696919
-0.000055402754953316964707
0.00004844260353772105278
-0.000041817575072161038777
0.000035536937868670827955
-0.000029614271509460363803
0.00002406795568380280203
-0.000018922146404968512242
0.000014208555569666105026
-9.9697310957654927608e-6
6.2655757874214088822e-6
-3.1884199444627651428e-6
9.1041400504941264933e-7
0.0031826983586388864962
0.0034127070870903730666
-0.00092804019541741640465
0.00065168160372369426765
-0.00053004734638393414173
0.00045673243949050174435
-0.00040515972256548699936
0.0003654276116489936955
-0.00033295222369270082366
0.0003052963105584731734
-0.0002810341349466428225
0.00025927212612967924173
-0.00023942082866783263261
0.0002210761344094187605
-0.00020395287706002150955
0.0001878455207152005856
-0.00017260377315398794369
0.00015811686016129818186
-0.00014430305360405192456
0.00013110251182981295632
-0.00011847228234052606151
0.00010638276351700440417
-0.000094815185165233006656
0.000083759829226801447634
-0.000073214816640876456031
0.000063185359796897820659
-0.000053683439142640231485
0.000044727921556990570833
-0.000036345214848248512413
0.000028570679323498499148
-0.00002145126780109835316
0.00001505044273710998807
-9.4579916719299195284e-6
4.8127624281140633345e-6
-1.3741918058702379963e-6
0.0028236651387206728466
0.0074195392664808295447
0.0053307449778708952209
-0.001272871638799975941
0.00084457325902321921727
-0.00066692121903312749432
0.0005647228355108005146
-0.00049528052379735958946
0.00044310518310330694518
-0.00040121680352742777982
0.00036599907919577512509
-0.00033538686806108967619
0.00030811380452774808342
-0.00028336064737772678211
0.00026057538584145093437
-0.00023937441137961060787
0.00021948499940538076
-0.0002007102039840141342
0.00018290656786595902637
-0.00016596949663814685351
0.00014982340093845326811
-0.00013441491409850800515
0.00011970816452915256305
-0.00010568147389295285156
0.000092325091451089068573
-0.000079639730785314368095
0.000067635787828325687023
-0.00005633321718774710798
0.000045762155382907939175
-0.000035964548648007346567
0.000026997364522674918704
-0.000018938697233531805179
0.000011900058565117389507
-6.0549426660677679653e-6
1.7287967319324508689e-6
0.0030150647250900285879
0.006516839008650481969
0.011602943752388328113
0.0072073150272235635122
-0.0016031549056919846522
0.0010229681933314056571
-0.00078862701073439327278
0.00065712927477588619004
-0.0005696973826714885806
0.00050518462149508258158
-0.00045414779673318865222
0.00041174200873711123635
-0.00037522835304819846762
0.00034294423253703522172
-0.00031382464479147778253
0.00028715872514810069865
-0.00026245685254038365154
0.00023937383138319736193
-0.00021766234256391727274
0.00019714360832552976422
-0.00017768829488999496654
0.00015920375000669091929
-0.00014162530730778568701
0.00012491029958540760062
-0.00010903395331380975116
0.000093986662371556464005
-0.000079772355523948201131
0.000066407838514070839799
-0.000053923154640001847622
0.000042363226802064746434
-0.000031791435662231363537
0.000022296657589430655704
-0.000014007624862203139761
7.12647530998368125e-6
-2.0346082036132809527e-6
0.0028905035109880923346
0.007025789752297144196
0.010162770463840357729
0.015694542031074366813
0.0090275289658658451332
-0.001918992639934535987
0.0011899175640556801392
-0.00089959161642392700791
0.0007390291192201326527
-0.00063375158450590875959
0.00055705533871394681374
-0.00049705970873229608872
0.00044769410813943765042
-0.00040554197404333729478
0.00036853908920738751802
-0.00033536956318222483425
0.0003051593123206781787
-0.00027730915695150615361
0.00025139861822755219289
-0.00022712781027247577271
0.00020428095568346485443
-0.00018270273672115846055
0.00016228257626747233144
-0.00014294400628886929461
0.00012463743137010878683
-0.00010733526752613394396
0.000091028855821349690811
-0.000075726841521913105586
0.000061454956888811490039
-0.000048257433585654243555
0.000036200741022485725739
-0.000025381352178628527672
0.000015941911223897798369
-8.1092947946980616124e-6
2.3150047762482741471e-6
0.0029800739105658135872
0.0066807840579255233261
0.010991373235820736897
0.013730508146539281875
0.019662517514568290391
0.010777105581542554696
-0.002218832274102407935
0.0013457275708218405171
-0.0010010109512840118801
0.00081211647654832740029
-0.00068942252517293445906
0.00060085322756121942156
-0.00053216303483673963926
0.00047608688856360580345
-0.00042854454549998229946
0.00038707641247162356632
-0.00035011833282496976088
0.00031663390401782265633
-0.000285914487764274332
0.00025746408610330606229
-0.00023092991802334365068
0.00020605892152760506924
-0.00018266963981163031361
0.00016063361466211297909
-0.00013986289167399081063
0.00012030162853257585307
-0.00010192061661650634243
0.000084714051756992885299
-0.000068698284321158753575
0.00005391267177074760286
-0.000040423226460632477017
0.000028330901912580066567
-0.00001778936242539043519
9.0472677540878103028e-6
-2.5824927598411393781e-6
0.002911605666911459817
0.0069365420783878849961
0.010419542477201347365
0.014871447832892305993
0.017191714458436473385
0.023476083149240312386
0.012442342600338382451
-0.0025007259586926501374
0.0014899027405997580969
-0.0010930519098968928773
0.00087694206769402397307
-0.00073750181393642697071
0.00063752453622707476055
-0.00056050225120702282522
0.00049802443417406624226
-0.00044537254312463895137
0.00039970550758563577703
-0.00035921883625098674315
0.00032271848970982830416
-0.00028938923084769294578
0.00025866137229854835793
-0.00023013050231300340879
0.00020350726547656408227
-0.00017858498685674561167
0.0001552183416562116785
-0.00013330915741339043032
0.0001127970572750470209
-0.000093653628300554496287
0.000075879459489007108165
-0.00005950396056284628268
0.000044588581204530929142
-0.000031235369032646299321
0.000019606145548294874571
-9.9688279191947889252e-6
2.8451678952317525834e-6
0.0029661651344474081635
0.0067364006669279554629
0.010849939328417933249
0.01407658089549320452
0.018634713256089687399
0.020519033655335788546
0.027105558573377248919
0.014010204053092532145
-0.0027626686430694884244
0.0016216879591008477491
-0.0011755017466525518628
0.00093360585291416916726
-0.00077829135382459726285
0.00066750829751205849356
-0.00058261138686767868234
0.00051410663051734588358
-0.00045667075297224165765
0.00040710059509806601191
-0.00036336311608997818033
0.00032411412586985724721
-0.000288436756527302792
0.00025569110102389016154
-0.00022542370945395308667
0.00019731105619769237317
-0.00017112319968490781763
0.00014669998118882334872
-0.00012393538385290209872
0.00010276753415332484046
-0.000083172987678436447836
0.000065164809632008794191
-0.000048794882126053204672
0.00003416240124941293487
-0.000021434235609481164467
0.00001089515144175722329
-3.1090481277175842461e-6
0.0029213558880654891991
0.0068988714866274031776
0.010508786509869598795
0.014680073392566713628
0.017623752882693351831
0.022251632238477708979
0.023686251052473119149
0.030522638873526791897
0.015468417991520047222
-0.0030027228783453978383
0.0017402639423378845508
-0.0012480087501301706833
0.00098202175802661247078
-0.00081187759947496570846
0.00069101075716884923529
-0.00059878280126192811896
0.00052468879210711887707
-0.00046284074298759526699
0.00040969707012931099703
-0.00036301096587522086382
0.00032129777924593419128
-0.00028354567325781643706
0.0002490493564637301849
-0.00021731009855500208107
0.00018797339313231839291
-0.00016078904500126214694
0.00013558525660881660617
-0.00011225194574709572403
0.000090730650781192856569
-0.000071009798598290341506
0.000053125383158598431429
-0.000037168926844358825887
0.000023308727271776951294
-0.000011843864920246432062
3.3791304325912137463e-6
0.0029590118332774178949
0.0067634176574878171614
0.01078875634972883324
0.014197974241604767008
0.018395493295592873667
0.021033415716918003117
0.025693948157950581199
0.026668464825679291793
0.033700643991590870656
0.016805571317271725991
-0.0032190779209147470848
0.0018448321528178298287
-0.0013101869991019686278
0.0010220348287210170314
-0.00083825520398378135821
0.00070813126891105768381
-0.00060919240688787083576
0.00053000426009495729649
-0.00046415956699344702043
0.00040780552038380795507
-0.00035849880087787321517
0.00031462582146816487965
-0.00027508788409181964638
0.00023912036661932495707
-0.0002061841262424400026
0.00017589797297354232759
-0.00014799569199892114751
0.00012229853018611419654
-0.000098698114868320855311
0.000077147234559923373961
-0.000057657798021736047965
0.000040307554636534451506
-0.00002526180674896126202
0.00001283104996005782611
-3.6599606478207699581e-6
0.0029267916258859251939
0.0068786636663654062746
0.010553165807717630773
0.014596360670812058474
0.017775852017038976759
0.021966731144162897111
0.024278883563995361266
0.028934784745738851565
0.029442258607359612053
0.036614743033243857487
0.018011198693140016166
-0.0034100839562673574277
0.001934657598282252848
-0.0013616679512705844632
0.0010534791061324082851
-0.00085738872643583323645
0.00071892586766996400637
-0.00061396363898934007137
0.00053022771110919002738
-0.00046084167517041480316
0.00040167174345391258921
-0.00035009747200530446133
0.00030438947345102300934
-0.0002633716148265853721
0.00022622717765471752781
-0.00019238264465853814128
0.00016143573039158527599
-0.00013311001597671513023
0.00010722661037982625214
-0.000083687775377468066716
0.000062470468573161642272
-0.000043630746825058328715
0.000027325306103686221201
-0.000013872520529436307282
3.9559947880600348874e-6
0.0029547637515746677425
0.0067790299155736830564
0.010755213722879541416
0.014259064135022803898
0.018290288212802938381
0.02121475295692565025
0.025365725016142770983
0.027334724442974733774
0.031948833170258558164
0.031985871147857490366
0.039242157118607695965
0.019075864288860513385
-0.0035742750627075798881
0.0020090931794411949803
-0.0014021284691881243547
0.0010762087613750761673
-0.00086924590090327962295
0.00072344176722626862032
-0.00061320244611416692007
0.00052551007979352443711
-0.00045307336157301513462
0.00039151044266470447746
-0.00033804504510424236471
0.00029084660456922926423
-0.00024867227051645841224
0.0002106617196359428066
-0.00017621447643607569637
0.00014491443833950687714
-0.00011648308858257698202
0.000090751611509908890462
-0.000067647323221062834777
0.000047194080730728582809
-0.000029532658530068867919
0.000014984786979361532641
-4.2718696141504507859e-6
0.0029301887948346471947
0.0068662857429397515081
0.010579330145702953225
0.014549908783936822638
0.017852890761181938763
0.021841095742862576279
0.024487896384306650443
0.028565848163994243046
0.030176986848958785244
0.034712547346905831452
0.034279358428019570783
0.041562342485033037075
0.019991235560581065733
-0.0037103861024018180435
0.0020675948925981399138
-0.0014313072445391638394
0.0010901159563912740245
-0.00087381662610730406561
0.00072173708742163518272
-0.00060701740125800819538
0.00051599877212110722562
-0.00044103287698732668238
0.00037752511651200011749
-0.00032256642589142830106
0.00027424114281545142984
-0.00023125179234735008441
0.00019270442462777321299
-0.00015798083906741428237
0.00012666086150824324454
-0.000098475653934772017877
0.000073282646961484635884
-0.000051059285580490160859
0.00003192067318401278718
-0.00001618591574275720284
4.6126415517106215058e-6
0.0029519941298542883929
0.0067890545262895400999
0.010734285740931934362
0.014295512491084228116
0.018231492424694976998
0.021306943598672290509
0.025220777304333805986
0.02756971603109813735
0.031542058741212461608
0.032783395341124506025
0.037204329751946412387
0.036304744737586345632
0.043557154108907204216
0.020750148432214147095
-0.0038173657136126027902
0.0021097319221713088782
-0.0014490149289774159324
0.001095141530446802687
-0.00087112420477457920802
0.00071389251297821256566
-0.00059553163354302659595
0.00050184975317081077866
-0.00042490260552192219015
0.0003599203203939053049
-0.00030388578428018094338
0.00025481584858110081347
-0.00021137212622680326131
0.00017263898191413322515
-0.0001379923889180978511
0.00010702182495592055916
-0.000079486383111006250385
0.000055297511897900681055
-0.000034531397720951711958
0.000017496415130944703076
-4.9840303117051767774e-6
0.0029324843769994043443
0.0068580202736740241379
0.010596418384284248534
0.014520587273214433978
0.017899202318672548805
0.021770566746997703681
0.024594401396959647822
0.02840278657351713538
0.030436109332965596379
0.034271075167462096944
0.035133526784337548505
0.039404702494895548452
0.038046160238852350653
0.045210989439005108227
0.021346663348024781306
-0.003894386379433666299
0.002135193511557386476
-0.0014551405095717776168
0.001091281481150932097
-0.0008612320621573549894
0.00070001824864427945944
-0.00057888999281193037736
0.00048323491284168957644
-0.00040487666935846376987
0.00033890962080674790276
-0.00028223507660587011441
0.00023282178896511799936
-0.00018930629810740903412
0.0001507661108034483835
-0.00011658759347534411983
0.000086390655745169488252
-0.000059993240959641237074
0.000037414294173243648508
-0.000018940252674416026804
5.3926959576524197437e-6
0.0029500638839974524569
0.0067959754136158039167
0.01072008829303834298
0.01431958813792935439
0.01819408910868159752
0.021362645129012645226
0.025139160280072879715
0.027689644796301298651
0.031362174664375263001
0.033064646975507366301
0.036731550557740653113
0.037208970177377244874
0.041296461452152871066
0.039489963199666005629
0.046510911577408908027
0.021776111749295883561
-0.0039408520316954361179
0.002143793551496882471
-0.0014496552179344304067
0.0010785907730599669652
-0.00084424763736770677881
0.00068025806349121330224
-0.00055726329831646723759
0.00046034659814297055527
-0.00038116588825101965724
0.00031472123376703343537
-0.00025786078893744198092
0.00020852689829134644975
-0.00016534999436581390328
0.00012742025166547059758
-0.000094158356174616689133
0.000065249301949031842246
-0.000040628973200974195741
0.000020546113852093866412
-5.8465786404579309089e-6
0.0029341282703253145634
0.0068521463082863889464
0.010608392087935161528
0.01450047520232984753
0.017930037829504923364
0.021725449626047309787
0.024658987767709451652
0.028310764899046970961
0.030568510287147033576
0.034075756422997710223
0.035434757780072532468
0.038904236726166823882
0.038993470271442694746
0.042864812131581612253
0.040624845517114141419
0.047446751194792804864
0.022035132607568865743
-0.0039564034127859354904
0.0021354733763331556188
-0.0014326146606826757472
0.0010571853054363332849
-0.00082032438260698759159
0.00065479143622206159076
-0.00053085074875624810114
0.00043340046222894594886
-0.00035400135068953243765
0.00028760278612911355345
-0.00023103066781815075059
0.00018222599718116588569
-0.00013983717170233105769
0.00010299499206318919022
-0.000071193629753004027769
0.000044248804190819795054
-0.000022349039712798148683
6.3553368236591780842e-6
0.0029486476433723557373
0.0068010215388806459289
0.010709855812501252526
0.014336641350534259492
0.018168223583149292658
0.021399955513171311153
0.025086727723917519679
0.027762581504444225895
0.031260473609809329853
0.033208505183347057723
0.036522278576634344296
0.037527894163241912554
0.040772133534750616339
0.040473054355083936998
0.044097486248421736026
0.041441920464389859978
0.048011186521703294416
0.02212169872677607266
-0.0039409213065655629308
0.0021103030342019071441
-0.0014041595523721734132
0.0010272425093443571919
-0.0007896624135884848729
0.00062383441447911421486
-0.00049988119035431196319
0.00040263745119639425892
-0.00032363762676923540914
0.0002578266017408383942
-0.00020204252324075477595
0.00015425564991379823803
-0.0001131656514176023915
0.000077988703912867531906
-0.000048365856759462084021
0.000024392635300100204273
-6.9309331508132494041e-6
0.0029353613733978833098
0.0068477632138935442819
0.010617241151550970647
0.014485823684200131052
0.017952062939668501076
0.021694048334787440449
0.024702459203495599017
0.02825143877400321504
0.03064923319691098089
0.03396514398523298442
0.035588996924051086384
0.03868257932647727487
0.039327679684940069876
0.042320621247035281782
0.041636141390613229328
0.044984838159274442869
0.041934791838804575867
0.048199800866338080809
0.022035132607568865743
-0.0038945276962010377421
0.0020684811789354211935
-0.001364515267153318063
0.00098900084971943672031
-0.00075250814844579711256
0.00058763960620749986439
-0.00046461378845425824105
0.0003683256958930608679
-0.00029035679286190667216
0.00022569743296731325036
-0.00017123846296220039608
0.00012502010222676690238
-0.000085845147882720505746
0.000053097867806628913934
-0.000026732134105642813149
7.5884398962279244815e-6
0.0029475632888620004188
0.0068048680603286522668
0.010702118928942764637
0.014349380752498095182
0.018149216287906306955
0.021426790911419638794
0.025050035195042578806
0.027811881207893717839
0.031194696771977536424
0.033296421400776418547
0.03640356327453105199
0.037691381979578056214
0.040539734419478598704
0.040820038800937080888
0.043537574333417269392
0.042473632725531800156
0.045519920433072161892
0.042099603902055262848
0.048011117246833167603
0.021776111749295883561
-0.0038175848813593454138
0.0020103336647622885613
-0.0013139903309907396
0.00094275840034378189504
-0.00070915317146062077979
0.00054649565903608568152
-0.00042533868133516855729
0.00033076330988376563865
-0.00025447507939611481255
0.00019156603407246416522
-0.00013903117694990725356
0.000095041916517772634724
-0.000058598337296552538659
0.000029438760564942216468
-8.347173775909969055e-6
0.0029363240142638900681
0.00684435442685516216
0.010624075661568546793
0.014474623295406768261
0.017968667275986520778
0.021670798756560453511
0.024733919089873316519
0.028209714404292473323
0.030704014194074976444
0.033893377711149322097
0.03568348776547328443
0.038556605247079490539
0.03949923620832044189
0.042079186857240224567
0.041993308447405283154
0.044413455560749122111
0.042978983733986799388
0.045698537963123922936
0.041935071703580345009
0.047446609878025433421
0.021346663348024781306
-0.0037106925745768140368
0.001936310882309780813
-0.0012529739171745216823
0.00088887060194248382732
-0.00065993253291864496136
0.00050072665007449806435
-0.00038237846733207109053
0.0002902838037171170803
-0.00021635558391259428955
0.00015585561305914146101
-0.0001059572187673069535
0.000065071571457541908035
-0.000032606099493278004695
9.2323332221381435899e-6
0.0029467007405332476647
0.0068079177590498014301
0.010696021353462742154
0.014359332542549226343
0.018134544314842696517
0.021447189338129188832
0.025022677589594862754
0.027847769124270931064
0.031148208109266897705
0.033356326785962351169
0.036326283170560213276
0.037791808257327121464
0.040407373726684053656
0.040998447111257483411
0.043288858329592589209
0.042838330985613554556
0.044941389419912310693
0.043148255923105342632
0.045519280144115147418
0.041442491576420458243
0.046510692409662165403
0.020750148432214147095
-0.0035746829877450727492
0.0018469838401346811372
-0.0011819323656663800542
0.0008277472934189459569
-0.00060522275817236716494
0.00045069207508692693955
-0.00033609210365704108306
0.00024726756441281888196
-0.00017643449296328673146
0.00011911756336289890808
-0.000072795785190143920465
0.000036359647891206033314
-0.000010277419632745904976
0.0029371040686698318664
0.006841600089923503336
0.010629569282557777655
0.014465689340027617185
0.01798177528477020563
0.021652686817019881409
0.024758024339168521658
0.028178388945252478572
0.030744131558412321231
0.033842394426890802067
0.035748156243464580903
0.03847429500361245507
0.039604946004650131349
0.041941329741415620872
0.042177327923928455387
0.044159240899849775317
0.043348528127716096303
0.045117214079659449385
0.042980149258746457461
0.044983530743130930961
0.040625731803451422699
0.045210682966830112233
0.019991235560581065733
-0.0034106139073120103056
0.0017430389582604615495
-0.0011014047123623794694
0.00075984913408130919911
-0.00054544005780917875714
0.00039678881637011445917
-0.00028688457977746688834
0.00020216717054975150308
-0.00013527872948969561366
0.000082159810038837216443
-0.000040871568759005374887
0.000011527915386895293154
0.0029459885798356929387
0.0068104293872013846006
0.01069102261427185931
0.014367435973716398442
0.018122705254952753101
0.021463459551575200501
0.025001168289259341885
0.027875493667845557412
0.03111305045947617014
0.033400480914907509176
0.036271069656796490745
0.037860881973151797505
0.040320516166266373831
0.041108786421763589713
0.043146400057622577748
0.043026713418798242685
0.044683467661251898405
0.043519955686325876699
0.044939511116041011108
0.042476014737216690954
0.044095455165237686968
0.03949120368498709921
0.043556746183869711354
0.019075864288860513385
-0.0032197597323276636323
0.0016252714866859616165
-0.0010119971872184637209
0.00068568366321033051534
-0.0004810398154660060801
0.0003394582061594591408
-0.00023523028107124811478
0.00015556591942432312612
-0.000093723767137750974177
0.000046384258607063076787
-0.000013047041353125254591
0.002937760715433482453
0.0068392866947101824405
0.010634164649638104221
0.014458260801272185353
0.017992587463158528624
0.021637898938462577458
0.02477745859029693865
0.028153518122161779419
0.030775400252648509168
0.033803525279201990123
0.035796170208625314805
0.038415100192547612141
0.039678081647711108457
0.041850394336433598651
0.042291654952595650024
0.044013065173762181925
0.043540037504028541458
0.04485736109254148539
0.043351339347467767479
0.044409612225027600358
0.041639847589917154328
0.042861964815698878653
0.038047813522879878618
0.041561812533988384197
0.018011198693140016166
-0.0030036003987004055053
0.0014945773756804823906
-0.00091437663955378727536
0.00060580163668140363617
-0.00041251998107778771984
0.00027920591469271350749
-0.00018173061636493144954
0.00010832414802415966911
-0.000053249492184660141434
0.000014925084335617293986
0.0029453766708693632578
0.0068125831242206883071
0.010686751762490751704
0.014374322499810592573
0.018112715729753426314
0.021477063928525186017
0.024983383315545085758
0.027898109575998950093
0.031084831675039015591
0.033435244661569909655
0.036228581512522472335
0.037912608211101701812
0.040257559005253951113
0.04118567104296012931
0.043051825496927435828
0.043144417978207959167
0.044534424782131178506
0.043713393193457188023
0.044679457622025602321
0.042844092229680709438
0.043531581900033343971
0.040478262035707277159
0.041292658120264100094
0.036306896424903196941
0.039241475307194779418
0.016805571317271725991
-0.0027638080085507762124
0.0013519432805057724957
-0.00080926295727381629605
0.00052079544616710627422
-0.00034043536386118340075
0.00021665581284236001613
-0.00012726639398704279877
0.000061996516692928971825
-0.000017295123055875407056
0.0029383375797889512741
0.0068372580391009925653
0.01063818122847001349
0.01445179898129148585
0.018001932548573091835
0.021625220961683399733
0.024793954549895572046
0.028132660051932160013
0.030801250726431277837
0.033771931679544714129
0.03583442399314771394
0.03836903867627602885
0.039733421764698401281
0.041783842537686110627
0.042372028916803628422
0.043915234464466987985
0.043660568145008420488
0.044706238196539740586
0.043545576423030612608
0.044151006299853695241
0.042002315938880713378
0.042312174463903259898
0.039000449363135518996
0.039399737327851197453
0.034282133443942147782
0.03661386551288884982
0.015468417991520047222
-0.0025022307673417276082
0.0011984341482036457539
-0.00069742107539259958753
0.00043130504903833843567
-0.0002654433381195866036
0.00015270344587219164665
-0.000073457312446657044395
0.000020360822156053288731
0.0029448257583492600721
0.0068145190227389889099
0.010682924191351271606
0.014380467653197714089
0.018103852813857743471
0.021489046353453100597
0.02496785818835520135
0.027917640572031739449
0.031060771366892996542
0.033464442653354628633
0.03619352058596494015
0.037954417521523334396
0.040207894830616084553
0.041244605763404404028
0.042981763452576865405
0.043228109372721909874
0.044433628331227709666
0.043836296858454079307
0.044526935968109973143
0.043038116868074421238
0.043275938082917241295
0.040832788566916235696
0.040760762474986728729
0.037218122724806857602
0.037197899132932584196
0.031989454675442604233
0.033699504626109582868
0.014010204053092532145
-0.002220873372700484016
0.0010351775077493208451
-0.00057965532435799713299
0.00033804915895392250428
-0.00018844937267614280721
0.000089013507252790670272
-0.000024448424225865675608
0.0029388715423263107353
0.0068353830020999409221
0.010641883810193495567
0.014445865423479773324
0.018010469350527159337
0.021613715123647955674
0.024808805741187757794
0.028114061734485618785
0.030824038925765047423
0.033744451791956842412
0.035867179044623820654
0.038330313564577772381
0.039778963855685567384
0.041730427366741297599
0.042434665323751014255
0.043841612729439460067
0.043747546725427903181
0.044602616289803132062
0.043670559707552095708
0.043997596041716406073
0.042195302261875496371
0.042060799115635317015
0.039344946584935056706
0.03888923039165745374
0.03514545531858600836
0.034704194544440344859
0.029446933242440336347
0.030521134064877714427
0.012442342600338382451
-0.001921871986155202995
0.00086334347329521688149
-0.00045681777844517896857
0.00024194747854044307622
-0.00011112790420713886292
0.000030111043310082670912
0.0029442992029813836273
0.0068163669064266583229
0.010679279318167180877
0.014386299152534546958
0.018095481158192322743
0.021500298491314361788
0.024953383484997923656
0.027935694054428071404
0.031038756599656600786
0.033490841006010876129
0.036162260277954023143
0.03799109496305891379
0.04016514076097376178
0.041294237942900689121
0.042924256614072906264
0.043294759412488461059
0.044356179702902005817
0.043926763549534322663
0.044420383547962701246
0.043165147086120143555
0.043121871241549544912
0.041024209975864688387
0.040514634155998871106
0.037550875350159807348
0.036711819911452966792
0.032799026157995124582
0.031937846934324106324
0.026674680535363223772
0.027103517474779172838
0.010777105581542554696
-0.0016074595828366001251
0.00068412190790784514928
-0.00032988328007894645555
0.00014463011625522280708
-0.000038357200344271099344
0.0029394017054452942137
0.0068335234689754441948
0.010645548044517892643
0.014440011406625755552
0.018018857190709204541
0.021602468596670763635
0.024823230243787953413
0.028096134947706977395
0.030845807127218744753
0.033718477902069585926
0.035897759954909923546
0.038294672584009896064
0.039820188544894659135
0.041682999601149452651
0.042489045740366097759
0.043779351308864242894
0.043818866596910179292
0.044520706610503651473
0.043765105902817053307
0.043887593061773991956
0.042324787606842175095
0.041905838838471631485
0.039534777013022693816
0.038648788286453322858
0.035465342047566085519
0.034244894219049360742
0.030197806863819961791
0.028919999722608991297
0.023694767636621084763
0.023473203803019645378
0.0090275289658658451332
-0.001279911976627239789
0.0004987194919014327127
-0.0002003755781163980628
0.000051213199233450153303
0.0029437513184251557688
0.006818287698870762452
0.010675497580603993581
0.014392333396857696369
0.01808684936739392163
0.021511847936283044645
0.02493860835531676675
0.027954000267670993449
0.031016608338564042645
0.033517155972171895518
0.036131431339593842084
0.038026818278135619169
0.040124096428469917153
0.041341093114421603271
0.04287101499093955758
0.043355079890266237357
0.044287927557701648758
0.044004023622168947957
0.044332722067678115137
0.043265064773443666423
0.043007151340841040395
0.041157352631891258968
0.040357699474210329934
0.037739986568983915533
0.036476545183013220985
0.033105958013048369401
0.031506533365711583024
0.027363278831409178099
0.025673312211411158175
0.020531242969753703734
0.019658212837423674919
0.0072073150272235635122
-0.00094145379664653767115
0.00030857516553026416424
-0.000073348014868486100045
0.002939987913489610037
0.0068314691168468139012
0.010649589897176673052
0.01443356875168065883
0.018028060567209015348
0.021590175711733116738
0.024838923045293856963
0.028076741323372811397
0.030869200195211768756
0.03369078236532876635
0.035930072294828943264
0.038257410051613979621
0.039862762956632978903
0.041634711778526802195
0.042543503295111109345
0.043718192995229913975
0.043887358647271772459
0.044444107657536159453
0.043850780215732350725
0.04379159790997137773
0.042432751310208111679
0.041783657511806020972
0.039674357316634383383
0.038487115445782116446
0.035656398307084257208
0.034012359438070879762
0.030493730799936787498
0.028515688629982423879
0.024319962365165964388
0.022221132382118236885
0.017210484672708471049
0.015687501693247102965
0.0053307449778708952209
-0.00059412509230008341146
0.00011805157150086964128
0.0029430909020274127259
0.0068206014117526320699
0.010670947947413720361
0.014399579611710017036
0.01807650919953278862
0.021525640483761610892
0.024921030415525013415
0.027975680184628073718
0.030990519422182734675
0.033547957274746554161
0.036095612202920908789
0.038067968748494225322
0.040077286306327364473
0.041393914100911289786
0.042811798978390088674
0.043421120986761954165
0.04421456826874178341
0.044085280593390847137
0.044242868988291719429
0.043364377977876566536
0.042897279573109584123
0.041279220730018875429
0.040221891949829964099
0.037892456451591347528
0.036303431521226675155
0.033305846323984978809
0.031269788206732795267
0.027654980494536070594
0.025289844923242251902
0.021097478723594607647
0.018585105278115624408
0.013762948450723432757
0.011589530151159206846
0.0034127070870903730666
-0.0002409816484173440083
0.0029408062962164930752
0.0068286025941252088983
0.010655224379954369033
0.014424599785542892517
0.018040849376162024161
0.021573133309490077903
0.024860617244992962101
0.028050022377694524653
0.030901299045171423616
0.033652960209615613021
0.03597395478274231128
0.038207131332674343734
0.039919778202094593769
0.041570609120125239519
0.042615062147497849185
0.043638782309223175661
0.043975055034505111054
0.044347638636617096946
0.043956581746694330231
0.04367580371167171283
0.042559337241167671105
0.041645285661030376752
0.039825788955798550321
0.038320938338374441162
0.035839634268032368142
0.033808751345774259316
0.030722709512828681303
0.028253283971485603709
0.024629968683878340483
0.021835257666636063619
0.017740732192677224004
0.014774040767206646867
0.010233642624473352592
0.0073845433225144448258
0.0014708583551107712439
0.0029417167102215424879
0.0068254141741807461332
0.010661489955741790442
0.014414630054447127024
0.018055057931731690266
0.021554211163085109391
0.024884685200676764903
0.028020408106185064289
0.030936835983040094444
0.033611142634543451982
0.036022397386280032333
0.038151728577721026769
0.039982471121162131466
0.04150029686442829419
0.042693326696049562613
0.043552223498591767122
0.044070265215137731485
0.044243397453552145319
0.044070265215137731485
0.043552223498591767122
0.042693326696049562613
0.04150029686442829419
0.039982471121162131466
0.038151728577721026769
0.036022397386280032333
0.033611142634543451982
0.030936835983040094444
0.028020408106185064289
0.024884685200676764903
0.021554211163085109391
0.018055057931731690266
0.014414630054447127024
0.010661489955741790442
0.0068254141741807461332
0.0029417167102215424879
0.0011467154501998513699
0.0060321177780742509824
0.014781191980385083392
0.027327425896086335231
0.043572869320341192768
0.063390437487388834238
0.086625050453887296583
0.11309487385654372237
0.14259274922168560837
0.17488781766705480566
0.20972732762511774503
0.24683861337925569249
0.28593122924109287291
0.32669922278459302706
0.36882352939535197101
0.41197446941700521501
0.4558143283621703682
0.5
0.5441856716378296318
0.58802553058299478499
0.63117647060464802899
0.67330077721540697294
0.71406877075890712709
0.75316138662074430751
0.79027267237488225497
0.82511218233294519434
0.85740725077831439163
0.88690512614345627763
0.91337494954611270342
0.93660956251261116576
0.95642713067965880723
0.97267257410391366477
0.98521880801961491661
0.99396788222192574902
0.99885328454980014863