0.0013914299160612613403
-0.00052902894435561674225
0.00040494403467574813576
-0.00034032930573153274974
0.00029782108999773537394
-0.00026649449016844509281
0.00024175311647744660728
-0.00022126795189165320655
0.00020371461024528197271
-0.00018827817260504633131
0.00017442771461022788727
-0.00016180218613083431151
0.00015014788140507936424
-0.00013928198643558742228
0.00012907024214105736719
-0.00011941268463377231118
0.00011023422528959441198
-0.00010147824641798229342
0.00009310214065112694308
-0.000085074141485619711584
0.000077371035654429351901
-0.000069976494276778294199
0.000062879850749822790699
-0.000056075212067645266577
0.000049560829893143846428
-0.000043338686348002143424
0.000037414272635211177657
-0.000031796560905074841802
0.000026498196626275318096
-0.000021535978904803852501
0.000016931767694737545957
-0.000012714102892359318768
8.9211608488417454613e-6
-5.6066048184935979572e-6
2.8530861961134301873e-6
-8.1466382680522170951e-7
0.0030108281517352388325
0.0032289868210163936011
-0.00087836049874552536455
0.00061708278906266698022
-0.00050221486009252714705
0.00043308284706591673072
-0.00038453859760506692764
0.00034721113818539409785
-0.00031676083641320693461
0.00029087915643693134904
-0.00026821465445743667927
0.00024791942887962633713
-0.00022943333152696666333
0.00021237157938910233987
-0.00019646191098350634488
0.00018150737852582077487
-0.00016736326100234693947
0.00015392217065412571143
-0.0001411041279140223519
0.00012884976653120616459
-0.00011711557901028856078
0.00010587053464561772202
-0.000095093650296371430976
0.000084772245369559198625
-0.000074900708957206648091
0.000065479672308174406304
-0.000056515528294884571086
0.000048020281704697435296
-0.000040011760180082428218
0.000032514279857488299547
-0.000025559970060979602777
0.00001919118346338842743
-0.000013464933241158227
8.4617046642209433143e-6
-4.3058192308396327318e-6
1.2294474107280658071e-6
0.002671183134735660259
0.0070201146770756680549
0.005045378824433867883
-0.0012052915616220799175
0.00080022350664916876315
-0.00063238590013995836286
0.00053597787054625087754
-0.0004705877026404281999
0.00042155330690766568308
-0.00038226559662804264766
0.000349298954679635663
-0.00032069583421315947818
0.00029525467691199269396
-0.00027219708786596678295
0.00025099756456627114543
-0.00023128994789565931879
0.0002128129689583677328
-0.00019537700625046530794
0.00017884296842104031664
-0.00016310842571978850725
0.00014809824705217129088
-0.0001337581377233938667
0.00012005010767138178644
-0.0001069492687731856015
0.00009444158313492669486
-0.000082522326365102403665
0.000071195127116249935185
-0.000060471519716061636415
0.000050371018812633251366
-0.000040921814962716746578
0.00003216233492688553248
-0.000024144193855774312428
0.000016937717322369172712
-0.000010642981564505254567
5.4153976925941144895e-6
-1.5462065274871738799e-6
0.002852247127350165014
0.0061660098601306340846
0.010981814000939681234
0.0068246553746421947736
-0.0015189677383699756138
0.00096999175472258816598
-0.00074848041072557910564
0.00062436170415951561074
-0.00054198175804816489727
0.00048131507579834942854
-0.00043341707728185651314
0.00039369692436186575206
-0.0003595577877603460072
0.00032942190767461897946
-0.00030227732089505681787
0.00027744733105390390111
-0.00025446466100487669522
0.00023299869720965977203
-0.0002128113900421967557
0.00019372944703695101844
-0.00017562621128564287515
0.00015840952616742487255
-0.00014201343391885893344
0.00012639241507087002784
-0.00011151737402413383489
0.000097372878004575213528
-0.000083955350623402401838
0.000071272058341072642095
-0.000059340842916353031822
0.000048190677854916700789
-0.000037863309654723233833
0.000028416586343204810982
-0.000019930847108721660743
0.000012521833795454985102
-6.3707380951591203081e-6
1.8188713436279092009e-6
0.0027344118907880881445
0.0066475631824022244199
0.0096187341420602623444
0.01486126944154106806
0.0085534526925768074803
-0.0018196073883575351207
0.0011293351506758211935
-0.00085472517028168301363
0.00070306564925831995207
-0.00060379605057743438597
0.00053161440179771520001
-0.00047526129030741637932
0.00042898156596309284475
-0.00038953441839343589676
0.00035496019490152452827
-0.00032400814888802581583
0.00029584602692744688096
-0.0002699019226804967004
0.0002457731058269488747
-0.00022317093529063722054
0.00020188624865612599352
-0.00018176689847703270442
0.00016270278199060620322
-0.00014461566317395870877
0.00012745217109045909046
-0.00011117898847075306796
0.000095779629044064656257
-0.000081252454746372789943
0.000067609773119085558047
-0.000054878033773315059431
0.000043099373918895924236
-0.000032335166767983349487
0.000022673114084613292566
-0.000014241804893440244999
7.2448028544974063093e-6
-2.0682622276806272204e-6
0.0028191462266431792971
0.0063211278325751141236
0.010402984468665784184
0.013001507658929729836
0.018629952704279570171
0.010218937730911223869
-0.0021058533576537804804
0.0012785980419980389056
-0.00095228457311824430702
0.00077371427576510629406
-0.00065791851085294097644
0.00057448320834146285917
-0.00050989819204029881769
0.00045727118725656101007
-0.00041272931967879051079
0.00037393616901692090317
-0.00033940418992888675874
0.00030814609167705860061
-0.00027948519737700356201
0.00025294625543861546693
-0.00022818956832800301333
0.000204969685779360044
-0.00018310866199999471728
0.00016247829568333603464
-0.00014298811945458450764
0.00012457721189527477883
-0.00010720866755741630207
0.000090866032601106657545
-0.000075551336946351121634
0.000061284621003452384028
-0.00004810515511236394784
0.000036075027131228301194
-0.000025286780929802838078
0.000015879455170140108041
-8.0764565403724466866e-6
2.3054615580044882411e-6
0.0027543740123705933957
0.0065631217626321519319
0.0098617574059464770876
0.014081880820547236579
0.016288893511639270592
0.022260214515100842165
0.011808770872566494604
-0.002375963046885563926
0.0014173591355717529447
-0.0010413437755089347528
0.00083684528774810018007
-0.0007051083174393471046
0.00061082275659617894006
-0.00053831909187595637658
0.00047961149036170499706
-0.00043021745656000512717
0.0003874360019535893504
-0.00034954967406085222667
0.00031542015441098090006
-0.00028426839206874595225
0.00025554809710516830039
-0.00022886949032631579586
0.00020395154932375142914
-0.00018059115257509177048
0.00015864265496171389466
-0.00013800415667671199214
0.00011860825040770291646
-0.00010041592842169982889
0.000083412902145304300327
-0.00006760800762869599297
0.000053033777406222391483
-0.000039749832629250172104
0.000027850889155132595021
-0.000017484127763876170828
8.8906950848349031071e-6
-2.5375888518104180405e-6
0.0028059891777215055102
0.0063737481777150309102
0.010269126020303272444
0.013329199839360612226
0.017656131835104139027
0.019456300931851224854
0.025725334322182118045
0.013311178494439979773
-0.0026281265591315219376
0.00154494349010818091
-0.0011217227072961333172
0.00089256483284804235829
-0.00074565674917518524434
0.00064105009030946026329
-0.0005610281081093635144
0.00049656686674970031635
-0.00044260419997724969425
0.00039609179384625220014
-0.00035509271984201987566
0.0003183242111828689027
-0.00028490916141747646242
0.00025423320601775205129
-0.00022585863876604731937
0.00019947056080022484792
-0.00017484215629672632325
0.00015181179687399217222
-0.00013026777027787055852
0.00011013816497944598101
-0.000091384482362584664087
0.00007399824513367771546
-0.000058000454885669089823
0.000043444462574932904446
-0.000030424113290498329323
0.000019092289370815162046
-9.7059359816352762926e-6
2.7698812334966178973e-6
0.0027635969093642890607
0.00652748190296598163
0.0099462186807553058124
0.013900675319687407409
0.016698232328176898943
0.021099194721540412973
0.022480115427837807894
0.028999752571790495572
0.014715036061331204327
-0.0028605832424968836092
0.001660606721274575568
-0.0011931033952747851077
0.00094079782348655404312
-0.00077964673417603812971
0.0006653579476393671888
-0.00057829693479360787945
0.00050846671053892336025
-0.00045026129032057645876
0.00040030618730079085625
-0.00035645816499490205731
0.00031729859058133715965
-0.00028185814588119872224
0.0002494585654323481914
-0.00021961737639480329379
0.00019198838449544558336
-0.0001663233974649518428
0.00014244712325630034936
-0.0001202406242133126018
0.000099630661248876007981
-0.000080583471609964772833
0.000063102416136495417521
-0.000047229855566250304721
0.000033055116820094993407
-0.000020734011373476125727
0.00001053730729029116281
-3.0066311687436415713e-6
0.0027992231494798028426
0.0063993073125666676715
0.010211224909926965484
0.013444137737837546796
0.017429488601708676105
0.019944023929986426433
0.024385626002263778
0.025337842083459669638
0.032059286286875230824
0.016009949338753872389
-0.0030716762527687285501
0.0017636147122092363546
-0.0012551287422689976298
0.00098139862929399924347
-0.00080706982622955257356
0.00068383398813007488841
-0.00059028354755887723338
0.00051552175045072054099
-0.00045343959025009746657
0.00040036078521189455463
-0.00035395120377784191041
0.00031266658036652832898
-0.00027545250872583390733
0.0002415720456400152636
-0.00021050203051581169774
0.00018186842281844055799
-0.00015540486778682591925
0.00013092574568462067829
-0.0001083087463646155851
0.000087484202668287252596
-0.000068429866628701764121
0.000051171087965774183566
-0.000035788141657328300498
0.000022436447433703345185
-0.000011398405590530447157
3.2516866312805617255e-6
0.0027687379150665323054
0.0065083661072143282971
0.0099882142058519718569
0.013821419746428756345
0.016842326595920797371
0.020829071716013343174
0.023042543260440874506
0.02749115505949568593
0.028008251034401470181
0.034881322753966391055
0.017186330958934110653
-0.0032598837674864438552
0.0018532835869093725599
-0.0013074510744234453316
0.0010142057214841638972
-0.00082788458075417996156
0.00069652101920225967334
-0.00059709287826957096877
0.00051788416303577270385
-0.00045232792947368031287
0.00039647324763071776293
-0.00034781242701186189723
0.00030468723140313055501
-0.00026596642707580844151
0.00023086059237776916535
-0.00019881087182338328168
0.00016941976985080036046
-0.00014240705578101351442
0.00011758146230163741585
-0.000094823000298961444501
0.000074073214003048607923
-0.000055332590799363209961
0.000038666562211921773539
-0.000024226020026052762791
0.000012302393072307054296
-3.5087619836657624347e-6
0.0027952059019971417474
0.0064140741147055631882
0.01017948757247186693
0.0135019690220659018
0.017329829427379419659
0.020115942013952789257
0.024074149772761385347
0.025970819683147897283
0.030392841839129402169
0.030471521791258501445
0.037444994984738484624
0.018235471251413265338
-0.0034238397501005515583
0.0019290023446128232697
-0.001349758475897436976
0.0010390710718726549011
-0.00084204805628139350032
0.000703449721941273977
-0.00059881005497304689789
0.00051568078385630718987
-0.00044708588869190754989
0.00038882936953905064138
-0.00033824901370604142328
0.00029358556798597019801
-0.00025364030389996106437
0.0002175785035263306518
-0.0001848116123679435546
0.00015492421129441628306
-0.00012762791368159048932
0.00010273245682714754641
-0.000080128814266494569376
0.000059782174036437866887
-0.000041735562273489665545
0.000026130038380995565072
-0.000013262799670661703187
3.7816637929112525522e-6
0.0027719499319165706432
0.0064966604606002112519
0.010012966390164268789
0.013777452206426510413
0.016915294436596648376
0.020709976035692249023
0.023240872521029051277
0.027140674275108917465
0.028707139425636645606
0.033069244083393071215
0.03270938223272493376
0.039731340769890073098
0.019149602661467668632
-0.0035623491841522486902
0.0019902469656571821206
-0.0013817902335881454833
0.0010558770569313901949
-0.00084953385093036664534
0.00070465742937649698674
-0.00059551957191271261166
0.00050903238719109767058
-0.00043786297843564558999
0.00037760201668943549921
-0.00032545334755209009386
0.00027957087567203218678
-0.00023869879289389534379
0.0002019653504423869044
-0.00016875951268937690968
0.00013865500429105696325
-0.00011136312225752005468
0.000086704440586306110339
-0.000064594720602379022569
0.000045044520770297269686
-0.00002817810820914238333
0.000014294211108466700899
-4.0744828495789317631e-6
0.0027925878483247840005
0.0064235520727483482156
0.010159693517340542014
0.013536460843674982061
0.017274151212545152475
0.020203318900173833186
0.023936631217092653055
0.026194028984843024714
0.030005945751803863418
0.03123121400379395268
0.035500577544855588627
0.034705239143639280627
0.041723445754592275665
0.019921957228017900477
-0.0036743998445222408287
0.0020365898114148162064
-0.001403346418094124137
0.0010645466422730915947
-0.0008503428572323066791
0.0007001993058037985898
-0.00058731673709469607053
0.00049806527106194208701
-0.00042481027051810833674
0.00036296276018513475037
-0.00030961466760809309383
0.00026284845097905753378
-0.00022136282391627356067
0.00018425859187080346502
-0.0001509111088190614414
0.0001208925954163764552
-0.000093925310327281812579
0.000069856115680745776952
-0.000048649474244562610418
0.000030403552431301870081
-0.000015412950648116366036
4.3917826170072305111e-6
0.0027741191985236756624
0.0064888481532234089608
0.010029123877699615447
0.013749712605941825471
0.01695913868811718865
0.020643145956225990619
0.023341896992623780699
0.02698581695473120886
0.028953561997149760182
0.032648762371308612181
0.033524332200196711692
0.037668864413145002846
0.036444298103420064746
0.043406570301717671405
0.020546816676084927379
-0.0037591715368414402552
0.002067706109014836162
-0.0014142940051667724647
0.0010650496592481735149
-0.00084450979338877766309
0.00069015511230040491596
-0.00057431462497787260099
0.00048291836070188817463
-0.00040808764634420692941
0.00034508931002374390694
-0.0002909267930157525683
0.00024362781790017680342
-0.00020185865510005035735
0.00016470403361582229331
-0.00013153703630062825508
0.00010194145831561623157
-0.00007566790475184966388
0.000052615957069951083194
-0.000032845013721800089496
0.000016637835753046562166
-4.7388064580888511581e-6
0.0027907645848051080014
0.0064300907995896626629
0.01014627478134645537
0.013559228802162499123
0.017238753485989028487
0.020256081390877926683
0.02385923760556144744
0.02630789313472391704
0.029834917056483077746
0.031499043329288305764
0.035049569615167637131
0.03556949854317784346
0.039558068046519446022
0.037913671137069334069
0.044768259639870892133
0.021019554744915483733
-0.0038160432452608268996
0.0020833784125361368644
-0.0014145707595567924165
0.0010574066258149820851
-0.00083210711374481909809
0.00067463325187368249354
-0.0005566482762214483429
0.00046374759479078960689
-0.0003878684381802119099
0.0003241705418043265221
-0.00026959376207742702546
0.00022212935807992613443
-0.00018042611978955553526
0.00014356673879427788465
-0.00011093741127658462232
0.0000821532376930905843
-0.000057022538361262878596
0.000035548410453059049615
-0.000017991088096259599045
5.1217247440627629975e-6
0.0027756711195198923478
0.0064833015740745496012
0.01004043480210005899
0.01373070271436607397
0.016988306521064656339
0.020600428946000451494
0.02340311547021816366
0.02689848175961937613
0.029079403275161139859
0.032462817326781624366
0.033811625919707766012
0.037190602229017874224
0.03735155863111886905
0.04115421289704377703
0.039102470930622356271
0.045798436718902415837
0.021336671434834656873
-0.0038445984035048071218
0.0020834995070814246341
-0.001404187533847275523
0.0010416908994843231764
-0.00081324718145063559089
0.00065377304346249349492
-0.0005344771425142461652
0.00044072863649975491693
-0.00036434256025578239323
0.00030041030101824891952
-0.0002458347248902358712
0.00019859097549953956564
-0.00015732820925255686072
0.00012114551426115666469
-0.000089464846623176104542
0.000061965462419252637579
-0.000038569455396393818723
0.000019499489378696898368
-5.5479462158778385485e-6
0.0027894285452493259759
0.0064348522777149336238
0.010136615450977816997
0.01357533655842931655
0.017214302704424531409
0.020291385312508178583
0.02380956755375131087
0.02637707912399462513
0.029738300022678090078
0.031635941353556499198
0.03485004944418209485
0.035874187513847131864
0.039056014624090371505
0.03885731083996087788
0.04244548878794749347
0.04000189068162701168
0.046489477218815369801
0.021495818917598686873
-0.0038446283966678894477
0.0020680740095387077328
-0.001383229344973577898
0.0010180296076825878349
-0.00078808321264110184585
0.00062774578799431692671
-0.00050798639420888962919
0.00041405859709008309512
-0.00033771892552304509578
0.00027403096408123143031
-0.00021988939309604674261
0.00017327668912298917772
-0.0001328649929391051443
0.000097796164075302869035
-0.000067564971700031384128
0.00004197702489164863744
-0.000021195906570108360816
6.0265256349578927676e-6
0.0027768333064875647879
0.0064791695486028955631
0.010048780623976087129
0.013716875720984420931
0.017009109221078312092
0.020570740454761552881
0.023444265056010000031
0.026842246381976006289
0.029156041158581177225
0.032357617603030789874
0.033958603320778138212
0.036978928897035420306
0.037671459534941020338
0.0406319976686769028
0.040075603744487266924
0.043422338834804545365
0.040605268860130606013
0.046836266231865263193
0.021495818917598686873
-0.0038161343491460560549
0.0020372188082039557865
-0.0013518554357776387115
0.00098660361607492307403
-0.00075680930115503424055
0.00059675498897939881298
-0.00047738752631387354292
0.00038395732395124558031
-0.0003082279000156814231
0.00024527786488533441569
-0.00019202580861832166146
0.00014649014931426915377
-0.00010739731927091644846
0.000073974190855072997103
-0.000045857802110081231327
0.000023121364317853578468
-6.5687131268032952837e-6
0.0027884077783384005192
0.0064384741526540903039
0.010129327104264129585
0.01358734528686513691
0.017196370231776791065
0.020316729947561291072
0.023774869954385546069
0.02642376601338041998
0.029675906847552644526
0.031719488376489495859
0.0347370044781240037
0.03603021386632677576
0.03883368246544958343
0.039190141412573307459
0.04190688053362049035
0.04099741859034664429
0.044077530403516589269
0.040908138328115949111
0.046836236238702180867
0.021336671434834656873
-0.00375932722907144837
0.0019911624215474984871
-0.0013102984410079760759
0.0009476466918164682146
-0.00071965972619134354711
0.00056103599816045529494
-0.0004429186492738795882
0.00035066884750126879614
-0.0002761247707394165836
0.0002144262749148255482
-0.00016255348417800375694
0.00011859886408895862163
-0.000081391965081684422331
0.000050322846767676775908
-0.000025327932041762398899
7.1887126026303328575e-6
0.0027777381073784599176
0.0064759647301290468013
0.010055209238414676716
0.013706333287645652426
0.017024752147460524376
0.020548812873099032359
0.023473975006338711324
0.026802783108669515081
0.02920794276458248252
0.032289492439585171804
0.034048491376063894785
0.036858810941006742587
0.037835457728144547657
0.040400562732257249297
0.040419000100296172265
0.042871216603575786565
0.041615936243854331661
0.044406208594754166162
0.040908259422661236881
0.046489386114930140645
0.021019554744915483733
-0.0036746262877010373744
0.0019302433189664668854
-0.001258862723584108758
0.00090144395964868721671
-0.00067690769729941582449
0.00052085534821943901407
-0.00040484493382066909087
0.00031446385415604250566
-0.00024169586042845823209
0.00018179407094452105363
-0.00013184810083541352646
0.000090081947121890424146
-0.000055517132478719604265
0.000027882842443124539343
-7.904752682585320815e-6
0.0027875986385806115318
0.0064413358062797406401
0.010123602662589535856
0.013596694792214438464
0.017182573289905464625
0.020335934003506831505
0.023749078781433617463
0.026457652955264137253
0.029631930777762459012
0.031776270859607567975
0.034663588710883973875
0.03612585319280278677
0.038707292969279544194
0.03936099609533391278
0.04166794797714772736
0.041348954377530562551
0.043517852663058091409
0.04192658817594920023
0.04440593184036414621
0.040605636760654477584
0.045798281026672407722
0.020546816676084927379
-0.0035626558456818704508
0.0018549072195152725183
-0.0011979219103184721686
0.00084832971767150961473
-0.00062886369380086740273
0.00047651012551264847241
-0.00036345996585124931351
0.00027564475250920850959
-0.00020527049440354288163
0.00014776669703642631111
-0.00010040185665743592344
0.000061633771168120318957
-0.000030874511190621758525
8.7406335988470182765e-6
0.0027784680495055154501
0.0064733865926809035683
0.010060354096436433896
0.013697960223528952158
0.017037049269472869184
0.02053180077214972955
0.023496649149716612753
0.026773268097699020987
0.02924581353079160519
0.032241261501424018339
0.034109813466889163773
0.036780557170434623771
0.037936242562750202514
0.040268724726553909291
0.040595568081107912672
0.042626426226925663537
0.041973143563865515156
0.043841980692429680424
0.04192709119292428215
0.044076689287763437883
0.04000251967841615126
0.044768033196692095587
0.019921957228017900477
-0.0034242404316569384002
0.0017657033591872500498
-0.0011279156269873673204
0.00078868467371379209813
-0.0005758736291414547635
0.00042832800403693483219
-0.00031908947195966384714
0.00023455656164861455056
-0.00016724582739153751448
0.00011284990560940748657
-0.000068935868472806247625
0.000034421569284438986695
-9.7280162022613198751e-6
0.0027869343149721016124
0.0064436794309243205014
0.010118935757076878149
0.013604266228514092278
0.017171500105755993983
0.020351171021236141627
0.023728904867390509263
0.026483701984588902583
0.029598831635351785565
0.031817933327065357874
0.034611360710762116651
0.03619137162715449849
0.038624658670487427358
0.039466312439346365455
0.041531496330605500349
0.041530077102639869796
0.043268862441582026358
0.042286980405820876758
0.04384117168612774039
0.041617465812737923551
0.04342089972341911295
0.039103386386512672638
0.043406263640188049645
0.019149602661467668632
-0.0032603982670635424207
0.0016632796851432875469
-0.0010493454058853264367
0.00072293269702576304844
-0.00051831728622895791863
0.00037666922410393793124
-0.00027210057386980128571
0.00019161094855696658423
-0.00012814145714212086618
0.000077791258703466977373
-0.000038686818567424049644
0.000010909900205952037435
0.0027790781683296114281
0.0064712364417034489054
0.010064627610486740201
0.013691046311557879213
0.017047123211117177094
0.020518004276088942306
0.023514809288305841662
0.026749984902561550035
0.029275147911367992372
0.032204710289875688333
0.034155083414341890655
0.036724582806726491741
0.038005619754949367066
0.040182163469741842378
0.040704803982630804117
0.042486195378522875017
0.042157662085813006556
0.043590447890170420643
0.042288188113256099768
0.043515390925950707246
0.041000038417958312566
0.042443391828067291735
0.037914912111422977685
0.041723045073035888823
0.018235471251413265338
-0.0030723330668702633171
0.0015483768862492433337
-0.00096276971646699351423
0.00065153730573206226252
-0.00045660802762839613887
0.00032193344786965848022
-0.00022292404222580469823
0.00014734172721848774688
-0.000088729923604131164449
0.000043899527327224014015
-0.000012346069874619066795
0.0027863685941061884431
0.006445671248960480148
0.010114983668893788529
0.013610644187072467774
0.017162237975952978171
0.020363802247819399129
0.023712364745431950653
0.02650477552657832213
0.029572479178443422169
0.031850478907656944418
0.034571472789691604589
0.036240081910448761512
0.038565171750011145706
0.039539227224632670399
0.041441445779181716656
0.041642636242200249704
0.043125670799142994059
0.042473753672161601041
0.043588730713466944714
0.041976821850467054073
0.042866994070585147428
0.040079427630685690861
0.041151365530459246286
0.036445921736025964704
0.039730826270312974532
0.017186330958934110653
-0.0028614240764586462771
0.0014218210882609384737
-0.00086879807061572638374
0.00057499848469211470247
-0.00039119625419089543683
0.0002645787892328175899
-0.00017210899714436679819
0.00010254344301576390914
-0.000050392465181541094833
0.000014121917055990375182
0.0027796081454912421189
0.0064693720476233176494
0.010068321201434032421
0.013685098890941717848
0.017055734297187840777
0.020506305328451149501
0.023530057542464701956
0.026730665735244575131
0.029299146376977787977
0.032175303545294570697
0.034190793495049780749
0.036681444533342342375
0.038057633277295322001
0.040119366964761634862
0.04078096677180332643
0.042393060693608809377
0.042272982084457419191
0.043445077425447471212
0.042476116084746653204
0.043263626417228190979
0.041355275501700892578
0.041900703178399407332
0.038862515826741801711
0.039554334065204334894
0.034707327790617294322
0.037444338170636949857
0.016009949338753872389
-0.0026292141642128221689
0.0012845149054202899082
-0.00076808425713078879201
0.00049385153183602130442
-0.00032258321655506114391
0.00020517301144684275113
-0.00012046726105922971799
0.000058666329466119530742
-0.000016363317357280161932
0.0027858664632912663222
0.0064474363347424960394
0.010111491660241211892
0.013616255632464294554
0.017154135240719865265
0.02037477304568595232
0.023698125216742953981
0.026522726327631083538
0.029550312746875721257
0.031877451554251444429
0.03453898531533317315
0.036278954118331085094
0.038518822699330140558
0.039594455890603452763
0.041375491498051053481
0.041721810899249630307
0.043029801034664215803
0.042591331647896582889
0.043441899125517950204
0.042164876159130390386
0.042617406424624575346
0.04042827540453048757
0.040623561190211839084
0.037358407499448783221
0.037664045898101315785
0.032712055196593645739
0.034880481920004628387
0.014715036061331204327
-0.0023773955829105360257
0.0011374263172951813145
-0.00066131925971796523567
0.00040867305697671601772
-0.00025136457040301786155
0.00014453896811242995362
-0.000069508260933194427745
0.000019262922758233619892
0.0027800899508890260627
0.0064676795780144224785
0.010071665359496920604
0.013679734862574887877
0.017063460922578682056
0.020495875916708116827
0.023543543499999311493
0.02671374147124254421
0.029319933957682962674
0.032150166447785615337
0.034220850120994229135
0.036645784659123257
0.038099734762135112416
0.040069773094801848274
0.040839400146152102707
0.042324018651248443929
0.042355018658486444843
0.043346730555039393621
0.042595546041351121545
0.04311594706964656344
0.04154254262308126715
0.041654661460279218273
0.039202864365726340691
0.039044862072110522509
0.035578377669978488319
0.035494384625164354624
0.030474955187399563868
0.032058198681793930592
0.013311178494439979773
-0.0021077925770491288367
0.00098157452997122288257
-0.00054922644995052406622
0.0003201109099237773217
-0.0001783683714355366784
0.000084225464317756292036
-0.000023129345598982829578
0.0027853974209743330987
0.0064490829469479522991
0.010108241776631611937
0.013621459860129256952
0.017146655217782865133
0.020384841684416225346
0.023685149752761685201
0.026538944086734655246
0.029530488051084108484
0.031901290427100041862
0.034510666074544933299
0.036312299847864816782
0.038479796475510429035
0.039639962906712049525
0.041322502842496170554
0.041783561392725799166
0.042957611261738059698
0.042676217680786392845
0.043341187509258225972
0.042285906867715724396
0.042469326946390972594
0.040614021861808149762
0.040382233547911757331
0.037688382566339158324
0.037176050820265877782
0.033535816630120121127
0.033061242453016679531
0.02801271298709065571
0.028998320035765523472
0.011808770872566494604
-0.0018223390532783944282
0.00081801187351434436885
-0.00043257007126284703131
0.0002290002429212586785
-0.00010514812059936472968
0.000028485819751929284908
0.0027805543705645181924
0.0064660500985731596489
0.010074878193697595658
0.013674597530214192385
0.017070830358022386659
0.020485980616934811685
0.023556257124129536824
0.026697908325826310668
0.029339206090061301997
0.03212710734506516108
0.034248084705972946528
0.036613930622281115185
0.03813672702725200123
0.040027023118035795672
0.040888663666390494715
0.04226729905815897048
0.042420396614230698279
0.043271123032574377307
0.042683491743520315144
0.043012747059598200505
0.041665173320814046564
0.041506362671848645269
0.039386643268779239944
0.038809103514975636082
0.035896459294485067818
0.035030580428721162283
0.031246184401742638484
0.030382356695780652962
0.02534375894688192064
0.025723395102786769689
0.010218937730911223869
-0.0015230473191259552101
0.00064780309035465971113
-0.00031222681979804841823
0.00013684580945767307864
-0.000036286394520656616449
0.0027849280943502033078
0.0064507288391782897959
0.010104999453761176011
0.013626637635199776255
0.01713924055192159831
0.020394776087903551813
0.023672419778906304268
0.026554747215760873988
0.029511324577408781445
0.031924119048463680122
0.034483840906338974375
0.036343490331736071586
0.038443820986109295973
0.039681211674045194751
0.041275400250646887463
0.041837223241174841473
0.042896513804959950966
0.04274586472937042487
0.043261539757877870445
0.042377496842741866865
0.042363117638718993283
0.04073867315726833023
0.040233448874429236851
0.03787022375697224442
0.036946203793133947056
0.033841047516070506107
0.032623694728085179164
0.028727006473404088703
0.02747708215916164256
0.022488206594457168015
0.022257482850179982858
0.0085534526925768074803
-0.0012119586922566785123
0.00047202350680747342163
-0.0001895895403694372176
0.000048447941334434536174
0.0027810409607788947714
0.0064643443801279463226
0.010078235815072280781
0.013669241596393111208
0.01707848879881041015
0.020475738771477170971
0.023569351067278072508
0.026681697831796312578
0.029358800064321336013
0.03210385402813114718
0.034275289039863646093
0.036582459876850664512
0.038172812907864467237
0.039985927889954659888
0.040935223826002429886
0.042214735701116610342
0.042479613422632362727
0.043204449225239570501
0.042758639137987713973
0.042927807530674190441
0.041761662158777063566
0.041395910673064911576
0.039514492548361181975
0.038658763110695683272
0.036077245578464664925
0.03480607899515007782
0.03153858360170939535
0.029972053880710573552
0.025997995284720443935
0.024366022155858568314
0.019467883707099859571
0.018625873123523590574
0.0068246553746421947736
-0.00089105635207194546793
0.00029196378190215311765
-0.000069387295227642333341
0.0027844060386500098545
0.0064525582443401930878
0.010101400630432241021
0.013632373031962020374
0.017131049579009389273
0.020405713126895562205
0.023658463560095705955
0.026571985970067326295
0.029490543642378470291
0.031948703550391494843
0.034455184244233323711
0.036376500919691603982
0.038406154591708522866
0.039723864348364419168
0.041227391489893248625
0.041891011242778796176
0.042836451295389102253
0.042812794866776333428
0.043187014841447839053
0.042460529900710946013
0.042270399437726626786
0.040842635787603583613
0.040116111543901767737
0.03800395064602334457
0.036791638337039690155
0.034023362963188585644
0.032402164274135787426
0.029008518815754742972
0.027092944691520387746
0.023081563874586738331
0.0210702613619624061
0.016306681878504446197
0.014854602310906469465
0.005045378824433867883
-0.0005621410350428808526
0.00011167669738686242161
0.0027816303847117946148
0.006462279461263626835
0.010082295944203514823
0.013662775682525547774
0.017087714201690226533
0.02046343543188342734
0.023585027465275500909
0.026662368749060041974
0.02938205184095771122
0.032076414205802629349
0.034307182245560046901
0.036545843211783737325
0.038214433077565778066
0.039939008106332172385
0.040987762817524237037
0.042156225068841256028
0.042544493103138107581
0.043132741963111396097
0.042837715664543248034
0.042840706130671660685
0.041857602111305146692
0.041290095263153361103
0.039631542876646698614
0.038528638654462303928
0.03622302307394690434
0.034640876572325657986
0.031729019521070813429
0.029746832959075615589
0.026275145850694565448
0.024002080342738056136
0.020004792614756531006
0.017609120245246142108
0.013032227960221722567
0.010969118147613261131
0.0032289868210163936011
-0.00022796831961271615183
0.0027836744959493279023
0.0064551205558366737721
0.010096364253686229364
0.013640389588435547802
0.017119619488045974279
0.020420943694127710191
0.023639077724037793061
0.026595858792253684228
0.029461868683567483497
0.031982484404872533601
0.03441600060421622345
0.036421381672933386831
0.038355280535002982531
0.039781034605285978164
0.041163609846446633053
0.041961738454176538115
0.042758417011154933458
0.042898535694546246802
0.043093116081615356038
0.042563108644379719334
0.042158522174464739778
0.040964563110028797391
0.039983196442471388377
0.0381490574415302579
0.036632744688957364988
0.03419823420325799342
0.03220817685011279111
0.029226357512417126682
0.026843624940771612753
0.023375788628655542601
0.02070436995199089283
0.016809084295155879587
0.013989640055015922297
0.0096858136141919876303
0.0069870025863884039445
0.0013914299160612613403
0.0027828598321225226806
0.0064579736420327872023
0.010090757648867735766
0.013649310749284389547
0.017106905385153614961
0.020437875461822447737
0.023617541745132989208
0.026622356988879959546
0.029430072122662408655
0.032019898677507744778
0.034372661917868221307
0.036470942502826530677
0.038299205322935337264
0.039843914456035800954
0.041093633352169854759
0.042039109489830967467
0.042673342869669313746
0.042991637835197373745
0.042991637835197373745
0.042673342869669313746
0.042039109489830967467
0.041093633352169854759
0.039843914456035800954
0.038299205322935337264
0.036470942502826530677
0.034372661917868221307
0.032019898677507744778
0.029430072122662408655
0.026622356988879959546
0.023617541745132989208
0.020437875461822447737
0.017106905385153614961
0.013649310749284389547
0.010090757648867735766
0.0064579736420327872023
0.0027828598321225226806
0.0010847687579570819006
0.0057067605488938809633
0.013986154475151025332
0.025863507800246227399
0.041251112742170466962
0.060035099554801434009
0.082076416503762346791
0.10721188493389674359
0.13525541420322170895
0.16599938170723946895
0.19921617093200973246
0.23465985703687741918
0.2720680277832898664
0.31116372644015539184
0.35165750232798586475
0.39324955384156721053
0.43563194809530760567
0.47849090076314569639
0.52150909923685430361
0.56436805190469239433
0.60675044615843278947
0.64834249767201413525
0.68883627355984460816
0.7279319722167101336
0.76534014296312258082
0.80078382906799026754
0.83400061829276053105
0.86474458579677829105
0.89278811506610325641
0.91792358349623765321
0.93996490044519856599
0.95874888725782953304
0.9741364921997537726
0.98601384552484897467
0.99429323945110611904
0.9989152312420429181