0.0026378431543357517889
-0.0010001374075827623453
0.00076170700229294258093
-0.0006354746301136386683
0.00055069871447811453427
-0.0004867508154266063239
0.00043499110851628310065
-0.00039107265186103135337
0.00035254978707770685283
-0.00031794089742445211073
0.00028630195779801155711
-0.00025701091061894386561
0.00022964970521786279319
-0.00020393572547541696975
0.00017968000402764652796
-0.00015676084862927464589
0.00013510683074921608738
-0.00011468579838512833318
0.000095498064980666218167
-0.000077572842411925120368
0.000060967687366677032023
-0.00004577152049572554824
0.000032113165841607901039
-0.000020180811841538585122
0.000010269381946481496401
-2.9322771709891026445e-6
0.0057078628509853969262
0.0061044627731579771974
-0.0016522260800608680721
0.0011522593555030056715
-0.00092867063711295936537
0.00079106105339583273469
-0.00069195412790682594893
0.00061372200092347893713
-0.00054825240817730979747
0.00049127335973501550881
-0.0004403223928978758484
0.00039388951350773713039
-0.00035100981670551858735
0.00031105167697914963594
-0.00027359871511675432295
0.00023838041598296881173
-0.00020522974348008184238
0.00017405672081320748461
-0.00014483215387999279342
0.00011757848270161694312
-0.000092366525583082231425
0.0000693184559680884883
-0.000048619661645323860806
0.000030547482855703311984
-0.000015542434402790393461
4.4375762247087319855e-6
0.0050639753013800923867
0.0132716567790065023
0.0094905958235906909876
-0.0022506568937077050498
0.0014798029040335635117
-0.0011551923017157509348
0.00096456760104230478266
-0.00083192700034568048316
0.0007297754933188619785
-0.00064578472891143541268
0.00057362105485490393431
-0.00050971555230356611835
0.00045192391261696165382
-0.00039890062596537952062
0.0003497793988560473583
-0.00030399826247403573297
0.00026119866936793303323
-0.00022116512372524603859
0.00018378858933520042263
-0.00014904507712789137509
0.00011698529380643612597
-0.000087734359778178367619
0.000061504129432308877309
-0.000038627743277858090944
0.000019648499985933518834
-5.6091121521388153285e-6
0.0054072217879327365863
0.011656983577769961117
0.020657286132459137933
0.012743956324286953
-0.0028090638329009829764
0.001772062090812251593
-0.0013471853016840542905
0.0011039982835641655989
-0.00093851162746625309552
0.00081340253880483226592
-0.00071207787265103858812
0.00062608844305737302581
-0.00055071568402499290794
0.00048314915870483090491
-0.00042164005029811106838
0.00036507153954927821668
-0.00031272540833641569078
0.00026414864211333196102
-0.00021907474646167648979
0.00017737735295617602242
-0.00013904500191963736952
0.000104172598218753234
-0.000072970693675829844377
0.000045802953107382968492
-0.000023289228792458416593
6.647032720749201856e-6
0.005183853595680704452
0.012567305366266315645
0.018093357719974869288
0.027750994520225389873
0.015818511582393708885
-0.0033244745825066296802
0.002032981429868398403
-0.0015116704629400278875
0.0012178391643624850112
-0.001020826748648582727
0.00087389056482040679873
-0.00075631906460480498529
0.00065760326813483214131
-0.00057189597827793158378
0.00049572779811074094347
-0.00042694847464215448838
0.00036419106359114881057
-0.00030658200505725286895
0.00025357659353958167564
-0.00020486340480339241145
0.00016031019587443292938
-0.00011993862784668565525
0.000083925155345519028999
-0.000052637781004815826915
0.000026750426659671469181
-7.632708764936638292e-6
0.0053444544374039965487
0.011950289529602785497
0.019568382544768526732
0.024278387898805927716
0.034453590795470147904
0.018671037441414936472
-0.0037913281966041491599
0.0022618334082551775447
-0.001650089323610538768
0.0013087220682047495254
-0.0010821912636862334751
0.00091494901337977728364
-0.00078242119665101589562
0.00067215907251745615077
-0.00057724814335483239439
0.00049359382532695165633
-0.00041866478714426730089
0.00035085807062008231062
-0.00028915683979582157248
0.00023293783976377202015
-0.00018186218711896996517
0.00013581830673161283018
-0.000094905461848828523161
0.000059464298344674864616
-0.000030199072690903437865
8.6135115555573399942e-6
0.0052217183504504020185
0.012407595135183829262
0.018550632532250824231
0.026295404687265331674
0.030124487348460991914
0.040671478672767503677
0.021261473578371309803
-0.004203801353318704569
0.0024567299937885783734
-0.0017622532279258882213
0.0013774157731264304325
-0.001123969837152953739
0.00093832765905217299087
-0.00079238409295691687834
0.00067191446842743546895
-0.0005690261749715221396
0.00047905234963000120194
-0.00039911517714668505774
0.000327401515166296615
-0.00026277436206565681879
0.00020455737048141425074
-0.0001524181346013419526
0.00010631855927853794951
-0.000066530035244390390051
0.000033758406628342540372
-9.6242149239750677638e-6
0.0053194840671171873219
0.012049864215871694281
0.019316407205207321129
0.024890577402370930525
0.032652261978483280861
0.035549098648255355276
0.046317678334750833412
0.023553450088978537116
-0.0045564733473690693631
0.0026156201879972721537
-0.0018475172659997882213
0.0014240650479787134708
-0.0011468100775600218676
0.00094501413301307184552
-0.0007874321899084563905
0.00065826114426335147668
-0.00054874094337457648414
0.00045370068065566445027
-0.00036996304171501428124
0.00029554220880295819731
-0.00022921729775780555536
0.0001703021963566515381
-0.00011853376002729461354
0.000074055529520258181251
-0.000037536857164310496181
0.000010695202444224421665
0.0052392379964403244843
0.012340095992168086909
0.018709741081655260549
0.025956674141888539317
0.030881994308176019012
0.038549565879715765618
0.040475754164285963806
0.051313114158874473927
0.02551479027360635581
-0.0048445998563333153789
0.0027366618062744973251
-0.0019052207710391000569
0.0014486661984035814713
-0.0011511286269014318789
0.00093571448674327709812
-0.00076847965164330869233
0.0006322678645858995175
-0.00051758040556666742998
0.00041882438470258893281
-0.00033258265902382499805
0.00025674850166989972547
-0.00019007293205025316154
0.00013193519218122903143
-0.000082265571342831170278
0.000041643406088322725218
-0.000011856775812211339754
0.0053066133480088146884
0.012098336109598262413
0.019207199865398381046
0.025105657996008588011
0.032232494198317480691
0.036441004204328036752
0.043904618206532724865
0.044835089199199384408
0.055587775510681543184
0.027117960132144147664
-0.0050642592979655087382
0.00281838964206033568
-0.0019348810702453936978
0.0014512771100318861784
-0.0011373285940022204298
0.00091107140606685396973
-0.00073634502806061252228
0.00059488921301746301957
-0.00047661189700739332866
0.00037559458103346784517
-0.00028825567550366358621
0.00021244077834571869148
-0.00014696381755536464202
0.000091412886092872512423
-0.000046198804147289069544
0.000013142235878331155756
0.0052490381944313149459
0.012303769885883665329
0.018789098550814838982
0.025808115326513460097
0.031149252292989228504
0.038055035709275408335
0.041489587249183507072
0.048642352133085958034
0.048565775567222755681
0.059081727641941067163
0.028340454136579916637
-0.0052124442287550529279
0.0028598021907812499557
-0.001936287993929882233
0.0014321185899178650334
-0.0011059049874426851157
0.0008717714242753834938
-0.00069185896057695667223
0.00054707383770921419771
-0.00042689277053408279407
0.00032518564272530392587
-0.00023830561636960672083
0.00016416306290770151973
-0.00010180234326206470267
0.000051346543996967701525
-0.000014590822342923011916
0.0052989317019140288571
0.012126481701594985574
0.019147057784747407834
0.025214337697713390797
0.032047233910641273827
0.036756339160405585859
0.043342325320636733194
0.045956839573729972731
0.052696342885694924152
0.051615358378292276403
0.061745968277775079798
0.029165110871324145511
-0.005287121589706095379
0.0028604090145593127434
-0.001909551824999512022
0.0013916247873968065483
-0.001057497487507390732
0.00081859997003145232311
-0.00063592231366072097602
0.0004898281299332060157
-0.00036954502745135633022
0.00026887180202148363655
-0.00018423939512098695973
0.00011382143947977213458
-0.00005726613482056866859
0.000016251186929701144218
0.0052552071789594594597
0.012281363028712005159
0.018836195842743433492
0.025725174740402328967
0.031285360538404551351
0.037835936976116993743
0.04184850530076223814
0.048020051321715637745
0.049780020976225793209
0.056009733655533327173
0.053940978476470467276
0.063543123802347564113
0.029580353819815569129
-0.0052872706281335190507
0.0028202551786609271947
-0.001855125919772460042
0.0013304666688663511046
-0.00099291596281242920306
0.00075247048601535256945
-0.00056954198583789100893
0.00042426494578145004705
-0.00030582944380650569553
0.00020815274266684685491
-0.00012798375022406501357
0.000064191368170031510188
-0.000018186072440061770254
0.0052938723811115653481
0.012144734178145922885
0.019109175397405446989
0.025279759905907059144
0.031942852608593923465
0.036917809937048422896
0.043092489142580510614
0.046354429691941721662
0.052022496510025140822
0.052905453595421944224
0.058536034192932293317
0.055509966563987363828
0.064447978267764657309
0.029580353819815569129
-0.0052129020596992730911
0.0027399297966893659991
-0.0017738133912450318449
0.0012495595709869184106
-0.00091315114375856351298
0.00067444185598038146542
-0.00049386209328712079971
0.00035166262638286641896
-0.00023726209182842296762
0.00014499580443794848277
-0.000072437482396050764184
0.00002047912971204411816
0.0052594351217418024336
0.012266191681136523063
0.018867370207701609841
0.025672152043694892959
0.031368151362765934133
0.037711619910281229274
0.04203311902680941359
0.047742822491617795208
0.050210980577181259296
0.05529341775179568606
0.055289283485763026726
0.060239773567647803044
0.056300298625071825515
0.064447829229337233637
0.029165110871324145511
-0.0050650600046152465232
0.0026205618859960189252
-0.001666762338482212533
0.0011500606042271015011
-0.00081937816389411358912
0.00058573572242428708459
-0.00041021074585385605737
0.00027357495086051520231
-0.00016586613756602585863
0.000082443844720968820869
-0.000023245393242525279264
0.0052902771310144265897
0.012157579002318986693
0.019082993990443446678
0.025323749585666204479
0.031875328781157024491
0.037016889240104569018
0.042949839927276702399
0.046559826340247860034
0.051721439507789668291
0.053364148840012911834
0.05778681326060251839
0.056898103152730425989
0.061096995633561020491
0.056300905448849888303
0.06354266597140334395
0.028340454136579916637
-0.0048458073776527718343
0.0024638049799899559381
-0.0015354519551288838024
0.0010333599075591125337
-0.00071296082644553539164
0.00048777087179818926567
-0.00032020267793955409754
0.0001920930963665429936
-0.000094844339567710934102
0.000026648114240188631903
0.0052625440727931724221
0.012255124350463243464
0.018889778761088509463
0.025634876466129270641
0.031424582386441699078
0.03763033055833353653
0.04214735257570915176
0.04758351207496446756
0.0504346913341952486
0.054972265292348907851
0.055769836867092979305
0.059467550336650511452
0.05770943052959925208
0.061095588709876531956
0.055511832100587955342
0.061745167571125342013
0.027117960132144147664
-0.0045581949634688315644
0.0022718109787576898242
-0.0013816710497901052598
0.00090107067850183619139
-0.00059547103353006292107
0.00038225465256531798858
-0.00022600821821699907082
0.00011058943671769198166
-0.000030927039337311110591
0.0052875430844837149176
0.01216728214022763167
0.019063457218524213145
0.025355977456392676968
0.031827096096837670931
0.037085326381159973218
0.042855529815766444603
0.046688075793254485299
0.051547160952779379049
0.053603652399702395811
0.057449387924803141967
0.057394507255905013924
0.060311836266532570137
0.057712041441227556787
0.060235442513687391079
0.05394424646688533595
0.059080520120621610707
0.02551479027360635581
-0.0042062139809173996954
0.0020471929924566557996
-0.0012074909968858926745
0.0007550288566113987576
-0.00046876149331463331778
0.00027145056552612142569
-0.00013117044585213251378
0.000036448312231179093555
0.0052649911062272791562
0.012246462403480264891
0.018907136117661123794
0.025606446408601200613
0.031466720968430766232
0.037571292180587678499
0.042227404947939661408
0.047476863219672088513
0.050575879866557047169
0.054784661207662871812
0.056022647128896481798
0.059117653932556747413
0.058215693506618066413
0.060307517717191160126
0.056906156694669577552
0.058528425539159621496
0.051620300076291023175
0.055586053894581780982
0.023553450088978537116
-0.0037947311780082138069
0.0017929762345745176676
-0.0010152388136958630917
0.00059733524620297547442
-0.00033521555802593915369
0.00015906133044426011393
-0.000043797758445683744075
0.0052853105235954786456
0.012175167139687611854
0.019047721682425772365
0.02538159408929536805
0.031789441299388759722
0.037137517512348458693
0.042785721518808276424
0.046779498662790777617
0.051428695724359396677
0.053756867914658294126
0.057249934448131355414
0.057658307274220855553
0.059953091732588055137
0.058222379980578965267
0.059454191579801244761
0.055303492500033402842
0.05599817349221418355
0.048572850553424133246
0.051310701531275778801
0.021261473578371309803
-0.0033294037899376307332
0.0015125358163264258555
-0.00080749203869142567474
0.00043055911493055774431
-0.00019866958886787486738
0.000053967958221101559318
0.0052670727971159462378
0.012239124619006857833
0.018921727348836707111
0.025582818110422734522
0.03150120485805580494
0.037523937069948842909
0.042290009316978847585
0.047396057017752895804
0.050678722476592629309
0.054654585051432562629
0.056187314447832881618
0.058907469886003123417
0.058488548567113682107
0.059943128836282154154
0.057415272729268513739
0.05776309953684606675
0.052927198196083545803
0.052679669870823250387
0.044845066769701896687
0.046314275353346768765
0.018671037441414936472
-0.0028165676306827301345
0.001209524749767978283
-0.00058719089758714475695
0.0002586360167131688981
-0.000068768128732492970919
0.0052833190174364402161
0.012182175119656282926
0.019033829428186197802
0.02540398749322838697
0.031756961792634103425
0.037181764686955440014
0.042727810561546012017
0.046853323584417492556
0.051336162552269964488
0.053871729200697146518
0.057107856747801987763
0.057834493944537550079
0.059732603617909069842
0.058503104371496306117
0.059086540807253096008
0.055807017708339426476
0.055256747012936878055
0.049811741382850226608
0.048618570640897102119
0.040489965726874221202
0.040666549465336502624
0.015818511582393708885
-0.0022630818716514838735
0.00088783392720651268726
-0.00035837981995036125056
0.000091832712990799125779
0.005269039275950754376
0.012232214775108412811
0.018935388694073999007
0.025560883342249735844
0.031532850566568664536
0.037481119884749510313
0.042345569803786443583
0.047325974924418750722
0.050765431905099379658
0.054548645672624711019
0.056315836733610555058
0.058751861792946402091
0.058677558480926307353
0.059711423323656131166
0.057704133299590917997
0.057392986145810871863
0.053422517725483463062
0.051968092174678964715
0.046002901894392908633
0.043870132458426673896
0.035570012792017621351
0.034446086997688400746
0.012743956324286953
-0.0016760944852777559575
0.00055194196854599327732
-0.0001315354792612330085
0.0052812954208236423932
0.012189277046330020876
0.019019819390459240066
0.025426408519141597122
0.031724757524565596137
0.037225089589023436818
0.04267199223387051098
0.046923111588621873809
0.051250745670937957658
0.053974721594920362295
0.056984906535633869008
0.057980442343792243664
0.059559608265596517779
0.058708783727014176604
0.058839937294951857141
0.05610728721830492934
0.054881704993199730741
0.050299805053893849641
0.047938827178302754715
0.041558379555700314823
0.038497267184545623878
0.030157220260753854258
0.027738569542281611049
0.0094905958235906909876
-0.0010627312326905479056
0.00021171100729141119113
0.0052712487324467948458
0.012224467980718744788
0.018950644164325678663
0.02553653231021922986
0.031567704708819329281
0.037434441408412955175
0.042405368674041002662
0.047251732331837067025
0.050855523826399504135
0.054441150007768377171
0.056442527857176864463
0.058603820457765045345
0.058849655962651988622
0.059511717456336656846
0.057936332229140553892
0.057121230666057709123
0.053744646904553279819
0.051577832955390021417
0.046493178177033595295
0.043214901284649445554
0.036551013829434040209
0.032565693801900377135
0.024335653293070900328
0.020633417727242250047
0.0061044627731579771974
-0.00043217654231389334838
0.0052786185858424926805
0.012198656164369472898
0.01900137245902292056
0.025455799482732298098
0.031682794685283143318
0.037281107195463195912
0.042600519999154544726
0.047011402112976408014
0.051144266345597839952
0.054100813433539079241
0.056837669121789107921
0.058150541738620644494
0.059364643365106555228
0.058931057934413275465
0.058587232653267234888
0.056394606315361821718
0.054553861161712747439
0.050677030760135004766
0.047497972829818105585
0.042087956048226336505
0.037828825698256479267
0.031086324450309303235
0.026123387278687544667
0.018219484644888439394
0.01320906295389871674
0.0026378431543357517889
0.0052756863086715035778
0.012208925546315954395
0.018981191647181381975
0.025487912648573905999
0.03163702316478741777
0.037342074882829872944
0.042522947156742619605
0.047106900177957074232
0.051029580547212711619
0.054235920264288295328
0.056680908273159833275
0.058330221742648291022
0.059160707639631138258
0.059160707639631138258
0.058330221742648291022
0.056680908273159833275
0.054235920264288295328
0.051029580547212711619
0.047106900177957074232
0.042522947156742619605
0.037342074882829872944
0.03163702316478741777
0.025487912648573905999
0.018981191647181381975
0.012208925546315954395
0.0052756863086715035778
0.0020571494271915354984
0.01080727702176450445
0.026420466669142874932
0.048681069007846462891
0.077277028605750990601
0.1118070255896605719
0.15178636979002136757
0.19665385349119096838
0.24577964258774714115
0.29847412243825684676
0.35399758025702155243
0.41157058982155490802
0.47038495328534339645
0.52961504671465660355
0.58842941017844509198
0.64600241974297844757
0.70152587756174315324
0.75422035741225285885
0.80334614650880903162
0.84821363020997863243
0.8881929744103394281
0.9227229713942490094
0.95131893099215353711
0.97357953333085712507
0.98919272297823549555
0.9979428505728084645