0.0030853074499967998867
-0.0011686236178322664575
0.00088841014137254864596
-0.00073920618263002423655
0.0006383132888289972404
-0.00056164387022217604387
0.00049912947420590414307
-0.00044572093539643975912
0.00039859201867861755243
-0.00035604381604429663901
0.00031700641267402048558
-0.00028078707132986836061
0.00024693265042520464383
-0.00021514985869069499584
0.00018525698808125625759
-0.00015715392828736381828
0.00013080355549923271366
-0.00010622088210183900512
0.000083468348247268320319
-0.000062657267009734463947
0.000043957638758928148638
-0.000027623452294383476959
0.000014056553871526016119
-4.013637311896887513e-6
0.0066761021303885067366
0.0071328471572334157953
-0.0019270675763954622492
0.0013403607083988372994
-0.001076436701527818505
0.00091279854128305578763
-0.00079400853153727537895
0.00069951587934299484911
-0.00061989075857513098892
0.00055019151871949154542
-0.00048759175262520681926
0.00043037914211935681243
-0.00037747991167996727891
0.00032821197321978897104
-0.00028214790088353564077
0.00023903515487610341717
-0.00019874850227224423043
0.00016126218298081636765
-0.00012663584004096917844
0.000095012362858823135638
-0.000066629970612295831256
0.000041858735199080284883
-0.000021296177490353940291
6.0801513652399399745e-6
0.0059229927699844853191
0.015507453445185229005
0.011069359704354951542
-0.0026180990244462834151
0.0017153043051045717359
-0.0013330189295771478007
0.0011068930193190791432
-0.00094830002969183233781
0.00082521997922884241776
-0.00072333129741508833341
0.00063530807925886589528
-0.00055705162359490325705
0.00048612738540013829558
-0.00042103562588960803273
0.00036083969031365252006
-0.00030496361626950935902
0.00025307689589302275308
-0.00020502791660054527189
0.00016080757646428503551
-0.00012053516719714400779
0.000084466508148205728604
-0.000053035612441629556821
0.000026972830257985090166
-7.6993471560023704596e-6
0.0063244585942810427766
0.013620782596441589217
0.024093617987456416386
0.014824646228859195187
-0.0032561882951297334944
0.0020449424491908296232
-0.0015460805528948018367
0.0012585621721200580775
-0.0010614075740166631311
0.00091124679929162089031
-0.00078884119305626899728
0.00068443304980325974262
-0.0005926091484772094349
0.00051018044441668475975
-0.00043519818896862940767
0.00036645589605590775383
-0.00030322069087986092776
0.00024508270591672317654
-0.00019187106756723372317
0.00014361291170741816507
-0.00010052820873016561653
0.000063069981382973494929
-0.000032058869340387171536
9.1484699367173850004e-6
0.0060632127338600487738
0.014684422428956833901
0.021103233043701383867
0.032281829893798214419
0.018336620352770076434
-0.0038365701343457726962
0.0023333051396934657361
-0.0017235155058511352807
0.0013775454199171458035
-0.0011438818154474464716
0.00096838203655661907437
-0.00082710581450225108853
0.00070795137673434648652
-0.00060422852485178067235
0.00051201067917222230053
-0.00042890915896752616011
0.00035345512050280765736
-0.00028476868628233764127
0.00022237691378548431562
-0.00016611808155374016388
0.00011610703439345843811
-0.00007276406977189723036
0.000036959300529838711213
-0.000010542669749519488348
0.0062510344739329802383
0.013963532101769091835
0.022823515249067310148
0.028242377894441140386
0.039938101973224110918
0.021547540382988318979
-0.0043516835846325633444
0.0025791079899038990385
-0.0018668160749831061659
0.0014668520463581784936
-0.0011996097502729406103
0.0010010160882153557827
-0.00084278344063720992031
0.00071063500255028743752
-0.00059669249820777515947
0.00049634349078927387958
-0.00040679389130839464107
0.00032634090913345387441
-0.00025398788360314298385
0.00018923928071736607881
-0.00013200674637015350068
0.000082609749207109743589
-0.000041920055634434414989
0.000011951504074661786349
0.0061075135212268440456
0.01449776232093569199
0.021636659741997252491
0.030588461222865417215
0.034920094986294018398
0.046937300495618076395
0.024404663026028472067
-0.0047939303085610840596
0.002779873750261750202
-0.0019756924316039242635
0.0015274173118599201206
-0.0012302876059292331959
0.0010113376782433491541
-0.00083838449436790878333
0.00069520192094288842383
-0.00057284928275906552872
0.00046610656727655687022
-0.00037183078666120787337
0.00028813525967043668426
-0.00021396301531175328657
0.00014887582787567880266
-0.000092995660536897744483
0.000047132734519512844342
-0.000013428748372575594279
0.0062218111572203062815
0.014079940719751131795
0.022529510806891668565
0.02895469091447864463
0.037849792957932759145
0.041026159510164256246
0.053164858594627150196
0.026861067528991408696
-0.0051564833685453989731
0.0029331112478647721701
-0.0020494490980252972551
0.0015595486882012019247
-0.0012368593297683822899
0.0010007208090756347805
-0.00081558379439479752639
0.00066354296665897605813
-0.00053475080819503666682
0.00042348181792573603138
-0.00032632388087554619599
0.00024128498800010055902
-0.00016734775960458618292
0.0001042921764177049956
-0.00005277685586795465
0.000015024316655779837119
0.0061280272436314413211
0.014418815320893676694
0.021822383182471878475
0.030194200497455793879
0.035798494805729630156
0.044488096206382560957
0.046459938934587194242
0.058518735962804007236
0.028876417013431400338
-0.0054336313026669665444
0.0030367585981854322452
-0.0020875019784512870769
0.0015634798095534509753
-0.0012200798962520586746
0.00097027943755273408592
-0.0007757559610028820827
0.00061723282454065369479
-0.00048413879408703766869
0.00037037079103826043573
-0.00027235873516285892126
0.00018813203227330985904
-0.00011690342204359690283
0.00005904476390349293215
-0.000016791147790798899701
0.0062067289911689858442
0.014136675928467430292
0.022401948904702950961
0.029205177756703151174
0.037362805760185524255
0.042055977261430326475
0.050394463575603152912
0.051131975016583451881
0.062911153859683673006
0.030417618231950847801
-0.0056209654480214525203
0.003089383867662647633
-0.0020896040426587884303
0.0015396125105530430959
-0.0011807645008467571127
0.00092111727633230476335
-0.00072022244508868164398
0.00055777439529560250708
-0.00042269107342049819805
0.00030865485157162032894
-0.00021210270776964654037
0.0001313141711895859694
-0.000066162900638372204688
0.000018790911278210558487
0.0061395251982429789313
0.014376247008317141621
0.02191517853760339702
0.030021019349132312646
0.036108802921234014677
0.043916732451833659952
0.047624429094403107129
0.055472023913573168809
0.05496540617521785985
0.066270069177673806737
0.03145936408670707403
-0.0057154947570600547824
0.0030902857723320508747
-0.002055951775426525961
0.0014886297587600032232
-0.0011199061677399065644
0.00085444922396272067969
-0.00065037840608931797416
0.00048673699737902472348
-0.00035218477512719233734
0.00024041314314281731079
-0.0001481465034854151441
0.000074416184437114880768
-0.000021100345831994911413
0.0061977003044950106336
0.014169715826351427945
0.022331506395543806695
0.029332061851075162587
0.037147417327181282232
0.042420710316201837737
0.049748052891729048481
0.05241240444891851182
0.05963748082785123478
0.057897202241867603284
0.068540374782096977718
0.031984548836688039244
-0.0057157155941533056952
0.0030395434289274659384
-0.0019872338468826062264
0.0014115470317642518846
-0.0010387316122671877188
0.00077166494888131949136
-0.00056777134215548796978
0.00040586583508435148125
-0.00027467078003873512087
0.00016824120041859964168
-0.000084181475520790282199
0.000023819724639368379978
0.0061467951753542313934
0.014349875789987621873
0.021970478208291303443
0.029923963237757125494
0.036267374870455801386
0.043662852108132125928
0.048037661103175624644
0.05476086667025000511
0.056341286995098548792
0.062822470310784301829
0.059879184744486682122
0.069684813267529384182
0.031984548836688039244
-0.005621646608682829657
0.0029380342220340923183
-0.001884646800988434103
0.0013097306090643055717
-0.00093872683967210434579
0.00067437044977480022207
-0.0004741766216411293647
0.00031723060664322778634
-0.0001927869868339036106
0.000095978488115403645946
-0.000027085404501410860196
0.0061917152458255946848
0.01419127813002971671
0.022286865912195318228
0.029408879314575573062
0.037025425480667345204
0.042608343768597613235
0.049459704458146262109
0.052867685834020096712
0.058872740194602707241
0.059346606705141692379
0.064974679948840674022
0.060878811901044027612
0.069684592430436133269
0.03145936408670707403
-0.0054348327137721111349
0.0027874278516449408264
-0.0017498888555903514175
0.0011848969576538370057
-0.00082165168585702199359
0.00056443778430613819005
-0.00037172689141392227273
0.00022354087110650606441
-0.00011055269385031003024
0.000031089701750620842109
0.0061518239887153892149
0.014331857215105203795
0.022007405237520317115
0.029861395165488036914
0.036364585853968532538
0.043517771839397136157
0.048251551656761341628
0.054442357503071499035
0.056831716750530495913
0.062016000964748452715
0.061379115662861104965
0.066058701716034866917
0.060879713805713430854
0.068539693621435600581
0.030417618231950847801
-0.0051583198328208723288
0.00259016004139936551
-0.0015851375235462087771
0.0010391035045463114834
-0.00068956505464537138796
0.0004441147010152391994
-0.00026322949599304787631
0.00012901838599940129851
-0.0000361140911753860708
0.0061874060477843986731
0.014206649550563338659
0.022255622830753499987
0.029461160425445080514
0.036945599440703011788
0.042724709974938377523
0.049293464846143981804
0.053104902233442163696
0.058528589987865682759
0.059864957026348961516
0.064138808069666206735
0.062405617863822627512
0.066056599651827365564
0.059881969575228715815
0.066268867766568662147
0.028876417013431400338
-0.0047966009048211898445
0.0023493871174697498933
-0.0013930154404059229986
0.00087474589981052271075
-0.00054490803973740350629
0.00031633622623802460886
-0.00015312100642684510347
0.000042587656362158452294
0.0061555905833378199363
0.014318471170334786241
0.022034427232292198089
0.029816640217322976556
0.036431955717540052308
0.043421404646852184155
0.048385844234131208104
0.054256885866177854058
0.057089291060203824619
0.061650820258296493129
0.06191800736433851328
0.065205957003144460777
0.062409548985174876562
0.064968177271439445316
0.057902125216036923432
0.06290931739540819965
0.026861067528991408696
-0.0043555325425702060608
0.0020689212558123817127
-0.0011765522523926062784
0.00069460154323974574284
-0.00039079139818176548034
0.00018575359471569979531
-0.00005119625722670650814
0.0061840436483661753677
0.014218561579947318746
0.022231715069246800829
0.029500416629842711571
0.036887203720851906154
0.042806945506306201274
0.049181156838718152008
0.053256028490706260521
0.058325683309621866205
0.060140034542958807178
0.063757112667782056844
0.062957759995132729333
0.065199385279305311683
0.06139131086155422794
0.062810928895505619866
0.054972960276601050475
0.058516065366543901451
0.024404663026028472067
-0.003842219729641438436
0.0017531457192461344693
-0.00093916876514702684186
0.00050205966671265059302
-0.00023206800646886039914
0.000063101378766755727833
0.0061586633959189379871
0.014307614370101266006
0.022056109659502793341
0.029781299204088543874
0.036484001424822786788
0.043349068649579780942
0.048482985142923490261
0.054128928949291212032
0.057256490536073526797
0.061431928962109470762
0.062208093170863860623
0.064811881114013288407
0.062968081585160722704
0.064118337923687088671
0.059368384417543517109
0.059619650101845906843
0.051143027068078918353
0.053161009636689507479
0.021547540382988318979
-0.0032648612676839580509
0.0014069145632772499876
-0.00068479584035740706393
0.00030216221269773975611
-0.000080419573939380464929
0.0061811575697431192618
0.014228735013936992879
0.022211483478481800315
0.029533185423324931935
0.036839358787093893031
0.042872703852191153643
0.049094094738339281776
0.053368679937480009734
0.058181743185830326837
0.060323225784729473302
0.063522956698265928733
0.063261146296641732001
0.064796203487878329576
0.061950346136857528986
0.061979118279349142074
0.056375288606945654873
0.055445650563833952672
0.046476020912363478399
0.046931650900322410655
0.018336620352770076434
-0.0026325374360798240454
0.0010354863650085192177
-0.00041872811449000230987
0.00010740216613355099963
0.0061614664300568823884
0.014297753183807218762
0.022075649427326929589
0.02974982066644855599
0.036529627793832734702
0.043286951833543871682
0.048564243346140220958
0.054025355748862678319
0.057386378130806892923
0.06127043465287032501
0.062408547728997463301
0.064561706821853287922
0.063284664623572818744
0.063707569366470417058
0.059923989664610074712
0.058814241600879463808
0.052463572885862759314
0.050355406604951745972
0.041050138316785808335
0.039929429000669886361
0.014824646228859195187
-0.0019548985787465133016
0.00064491171802524237408
-0.00015384369428744300323
0.0061783142471496021439
0.0142387214842088465
0.022191755021151532641
0.029564825949570184645
0.036793775872737296875
0.042934273189512352923
0.049014353968657489407
0.053469058162089794638
0.058057797643132310036
0.060474396773588043082
0.063339763799303756093
0.063482970287975940191
0.064526149296970981744
0.062283420094155282165
0.061558567761316783936
0.056927614047633958259
0.054670435087674649729
0.047702433032737864992
0.044428099695553785759
0.034957936400435581131
0.032267391482164673788
0.011069359704354951542
-0.0012417591307183974139
0.00024762213000911445427
0.0061645347486283598334
0.014286990491957185531
0.022096860673510822799
0.029715922428330686204
0.036578228342681329731
0.043221716606017607137
0.048648063869076127767
0.053920883560255061622
0.05751379887198669726
0.061117384364785231243
0.06259051620019435909
0.064346577585056045766
0.063538718531256721675
0.06340631992603935488
0.060285044945182204057
0.058372724785437931666
0.053022619178639822542
0.049603334583594219514
0.042182282224693582171
0.037749677407067971372
0.028308931749319553074
0.024065786985105365334
0.0071328471572334157953
-0.0005054872303949069632
0.0061746285373054966609
0.014251637760595305575
0.022166342861004286561
0.029605334818959462225
0.036735897972549887331
0.043011612417729369638
0.04891554693415878314
0.053591331502483584678
0.057909987955150164495
0.060649979475820439345
0.063133878032104843057
0.063722165022950873843
0.064249884744705946848
0.062601721760740127575
0.061191280279945992241
0.057354242008184183124
0.05416785599337925715
0.048310196577851039992
0.043656724636198814002
0.036034927416711155627
0.03038849864034841461
0.021250309267337354438
0.015434317932299098048
0.0030853074499967998867
0.0061706148999935997734
0.014265694314466831591
0.022138719408709903084
0.029649292457718390373
0.036673240705540152867
0.043095080765976637959
0.048809326052056944135
0.053722135057982817391
0.057752834026862800677
0.060835236463901695602
0.062918728173414148061
0.063969097673376078487
0.063969097673376078487
0.062918728173414148061
0.060835236463901695602
0.057752834026862800677
0.053722135057982817391
0.048809326052056944135
0.043095080765976637959
0.036673240705540152867
0.029649292457718390373
0.022138719408709903084
0.014265694314466831591
0.0061706148999935997734
0.00240639000148931991
0.012635722014345250901
0.030862723998633620738
0.056792236497799482893
0.089999007013048539023
0.12993790421072281788
0.17595317403151221537
0.22728926430558023217
0.28310324618697743076
0.34247866015191831281
0.40444056626319184542
0.46797155356869718696
0.53202844643130281304
0.59555943373680815458
0.65752133984808168719
0.71689675381302256924
0.77271073569441976783
0.82404682596848778463
0.87006209578927718212
0.91000099298695146098
0.94320776350220051711
0.96913727600136637926
0.9873642779856547491
0.99759360999851068009