0.020318597090393602993
-0.0073978685661487868654
0.0052220035921000538919
-0.0038734512917449805505
0.0028313694500698398635
-0.0019621941883912191703
0.0012266097888125607484
-0.00062296409164891448116
0.00017777846274479865278
0.043965527226528404159
0.045162040173714351015
-0.011335464012335047047
0.007034766801734681439
-0.0047882761310166402945
0.0032033601519848557627
-0.0019644057399535086171
0.00098717210366594715085
-0.00028027423764094071728
0.039008653396284333705
0.09818151195984815856
0.06515267410073386558
-0.013770833986608572199
0.0076641756246421386423
-0.0047135864677991945551
0.0027708288927590198161
-0.0013616719830730038808
0.00038253211291805567672
0.041645087027322808568
0.086255472772503776607
0.1417952160411454647
0.078086769260000710017
-0.014618957875912557429
0.0073004282621802263745
-0.0039328399150387312819
0.0018526862008225239485
-0.00051057347492868602519
0.03994037286983474332
0.092943372272717086975
0.12425711041077566993
0.17000044525525348358
0.082559838750314940791
-0.013826906735252063542
0.0060482377906920612291
-0.0026192919252883849455
0.00069682131095246266555
0.041147767655715892011
0.088471394146606178081
0.13423818811650646244
0.14887311025782119366
0.17973863537654243901
0.078086769260000710017
-0.011489867839677733541
0.0040686075749249254221
-0.0010078928465356025825
0.040254662067869150309
0.09168575233050170591
0.12753451930870871134
0.16088712498780061459
0.15745550187598774294
0.16994437250660999223
0.06515267410073386558
-0.0078574316124194565311
0.0016285407845028722806
0.040917468418428146703
0.089336908243762754878
0.13226975394142123978
0.15297017836801656427
0.16990795363164652188
0.1491387717182667386
0.14164081221380277821
0.045162040173714351015
-0.0033283330457411981726
0.040459415718042407333
0.09094704443907761651
0.12907873841265517041
0.1581357327083926392
0.16228830805056004172
0.16004698981174640058
0.12508334460936767727
0.097721948913577488895
0.020318597090393602993
0.040637194180787205986
0.090324080347428702029
0.13030534820146773116
0.15617353852000142003
0.16511967750062988158
0.15617353852000142003
0.13030534820146773116
0.090324080347428702029
0.040637194180787205986
0.015919880246186955082
0.08198444633668210285
0.19331428364970480135
0.33787328829809553548
0.5
0.66212671170190446452
0.80668571635029519865
0.91801555366331789715
0.98408011975381304492