0.00058096384394330387528
-0.00022128400955520329859
0.00016993339828159848395
-0.00014349444749300757263
0.00012635552270803613549
-0.00011394551852557493233
0.00010433717373593449267
-0.000096550933490899613706
0.000090027374837691739453
-0.000084420240105457080504
0.000079502149808831778024
-0.00007511685494766934965
0.000071153059064779628678
-0.000067529147050999915495
0.000064183819818816252538
-0.000061070109191384395734
0.000058151418298146859139
-0.000055398823566715694047
0.000052789188937817923604
-0.000050303818192890398122
0.000047927472843973146429
-0.000045647643927724315774
0.000043454003664713751905
-0.000041337986811962522557
0.000039292467042005596496
-0.000037311503972213784779
0.000035390143430896169229
-0.000033524258341679891156
0.000031710420963699733014
-0.00002994579960964621297
0.000028228074682131404581
-0.00002655537012420367225
0.000024926197309450528977
-0.000023339409095297263919
0.000021794162295764141713
-0.000020289887244074120304
0.000018826263445451506486
-0.000017403200592258424132
0.000016020824448166028344
-0.0000146794673236073748
0.0000133796630792870876
-0.000012122146828393833838
0.000010907859787771088402
-9.737960091823489779e-6
8.6138408902703443343e-6
-7.5371578020313423817e-6
6.5098689686592274952e-6
-5.5342928682606510392e-6
4.6131923542245603975e-6
-3.7498994070077841826e-6
2.9485068379628706652e-6
-2.2141781053747107963e-6
1.5536853270039266562e-6
-9.7644741665478624746e-7
4.96897404439408008e-7
-1.4188326160343442222e-7
0.0012571113839013322897
0.0013506305615038344403
-0.00036860001710745741824
0.00026018165616036600638
-0.00021307086684327956078
0.0001851712427203131625
-0.00016595786461499447969
0.00015150237540860697482
-0.00013998070628651078815
0.00013041858440798565205
-0.0001222423368834840034
0.00011508913022498927416
-0.00010871664807898040977
0.00010295602481858430994
-0.00009768551086156662063
0.000092814867842723716598
-0.000088275674985103147309
0.000084015065050721690614
-0.000079991538747079711391
0.00007617208650247812323
-0.000072530159420358694003
0.000069044207455785136355
-0.000065696605914746225033
0.000062472853663308377
-0.000059360965193374454891
0.000056351003447090509845
-0.000053434716486314856789
0.000050605251900069678641
-0.00004785693019836782373
0.000045185063536289681043
-0.000042585809700248184393
0.000040056053854261581476
-0.00003759331240659146294
0.000035195654729623348387
-0.000032861639493705840159
0.000030590263159790680104
-0.000028380918787945765002
0.000026233363811901043957
-0.000024147695844425578536
0.000022124335948394225168
-0.000020164019165411351779
0.000018267792471626922412
-0.000016437020770901418731
0.000014673402097860348424
-0.000012978993979026795087
0.000011356254040670725277
-9.8080997232120325231e-6
8.337994856205892978e-6
-6.9500758288012679394e-6
5.649339169054180823e-6
-4.4419300506194803791e-6
3.3356087908329179274e-6
-2.3405611733014048022e-6
1.4709622392578353607e-6
-7.4854248224106930767e-7
2.1373677921751174832e-7
0.0011152990781448590144
0.0029363957245456829066
0.0021172657908269719154
-0.00050818529183835670606
0.00033949971076731745322
-0.00027037988862515313371
0.00023130747481992749086
-0.00020532683989791395777
0.00018627825794407169539
-0.00017137908273542614157
0.00015918201912983147552
-0.00014885573899729346099
0.00013988618317527637179
-0.00013193690757045436911
0.00012477760896821156498
-0.00011824483564185698884
0.0001122191008504243281
-0.00010661089545771027633
0.00010135178675663283448
-0.000096388555299591945533
0.000091679216281602438264
-0.000087190248944581685554
0.000082894622904954432829
-0.000078770363714007553189
0.000074799491618109046524
-0.000070967223890042751223
0.000067261366741274571696
-0.000063671845884766789241
0.000060190340063789073086
-0.000056809992142172326507
0.000053525179409883631056
-0.000050331329686908184153
0.000047224773306364385108
-0.000044202623579523747521
0.000041262680193057985828
-0.00003840335136686207148
0.000035623591650595613771
-0.000032922853059119011652
0.000030301047915545418903
-0.000027758522344090469075
0.000025296039883857668877
-0.000022914775229283135893
0.00002061631870131193789
-0.000018402692793516471129
0.000016276383136711462335
-0.000014240387676210951173
0.000012298290092629247042
-0.000010454367138276067708
8.7137458156787572306e-6
-7.0826377142063857245e-6
5.5687000233039493139e-6
-4.1816198143577991559e-6
2.9341294697851807937e-6
-1.8439667825540899353e-6
9.3834537154816191698e-7
-2.6793076572908790836e-7
0.0011908994891355854375
0.0025791361327521989737
0.0046084602540614445107
0.0028774560850958455434
-0.00064442184727322039754
0.00041471350834827748843
-0.00032300133933844444802
0.00027240460054281123972
-0.00023947385756821887543
0.00021576218493188155083
-0.00019748959049614710148
0.00018271012374997018789
-0.00017031798824420289003
0.00015963682569593667239
-0.00015022871604528680551
0.00014179700504805802561
-0.00013413323295461608022
0.00012708643147920599805
-0.00012054449287146864872
0.00011442240005849114966
-0.00010865453079613543042
0.00010318947362173003894
-0.000097986443868588369009
0.000093012748585533568478
-0.000088241956721830304298
0.00008365255437446959962
-0.000079226940504501798569
0.000074950666076032091434
-0.000070811850187927074956
0.000066800726911417622498
-0.000062909290062720755658
0.000059131012375371008044
-0.000055460621956219345012
0.000051893923444354072618
-0.000048427654548903050525
0.000045059371020459114072
-0.000041787354882289602551
0.000038610542098593037272
-0.000035528466921327361849
0.000032541221034522369263
-0.000029649426386430483221
0.000026854221339155678757
-0.000024157260551201181711
0.000021560729939583520946
-0.000019067379287657024485
0.00001668057680135216163
-0.000014404392565173833134
0.000012243722136028932861
-0.000010204468854882251814
8.2938168071031609049e-6
-6.5206523714435529248e-6
4.89624742537905253e-6
-3.4354475850285631201e-6
2.158966729122650458e-6
-1.098620920091245111e-6
3.1369201585032854271e-7
0.0011416982593877891148
0.0027805661879680062765
0.0040364449947001300423
0.0062659102165110561064
0.0036287723195053679519
-0.00077794195944099679882
0.00048733449877527011632
-0.00037288468817275060515
0.00031061829869484584223
-0.00027063255842190211537
0.00024219397028449207665
-0.00022051805545887063269
0.00020315263129080257976
-0.00018871107964200623848
0.0001763497848056387876
-0.00016552558512950229692
0.00015587264456919943061
-0.00014713537300444705912
0.0001391297278944669864
-0.00013171980441754613065
0.00012480309618561157731
-0.00011830089222642329678
0.00011215183247804372915
-0.00010630746968445154991
0.00010072914266016177859
-0.000095385728549359493393
0.000090251997681722836804
-0.000085307389996048028079
0.000080535091858147434041
-0.00007592133056150893217
0.00007145482904891736488
-0.000067126380297516145652
0.000062928512334396692019
-0.000058855222842397086213
0.000054901767951373762542
-0.000051064493850840391633
0.000047340702809590250155
-0.00004372854738731947406
0.000040226948308656604799
-0.000036835532811682859443
0.000033554591411416170535
-0.00003038505204402936567
0.000027328471587345991269
-0.000024387045912298233009
0.000021563641079361229316
-0.00001886185031876283657
0.000016286084474827150966
-0.000013841708477230571902
0.000011535244729488340541
-9.3746794178398210957e-6
7.3699371580599179688e-6
-5.5336517172944380339e-6
3.8825078312469696169e-6
-2.4398335865808249451e-6
1.2415149746109955117e-6
-3.5448832553069491365e-7
0.0011770799130094637507
0.0026440157784394904887
0.0043655643225219200996
0.0054817711381159615725
0.0079037000366607953883
0.0043688782278502366262
-0.00090869134826002962024
0.00055776728332395315832
-0.00042068184062960335105
0.00034674410622850566268
-0.00029968024455798170485
0.00026649372329889312455
-0.00024140232382798175452
0.00022144881994191051374
-0.00020496507710939702196
0.00019093897482051912142
-0.00017872080705401526588
0.00016787437467732290932
-0.00015809594677347794064
0.00014916756622425532063
-0.00014092884218001706121
0.00013325921805445008174
-0.00012606643889114672161
0.0001192788267153360115
-0.00011283997181017859726
0.00010670500082669992908
-0.00010083790022543034032
0.00009520956202823531921
-0.00008979633402067464575
0.00008457892876629291613
-0.000079541592162268273978
0.000074671462677591454443
-0.000069958072755590676227
0.000065392957716935992053
-0.000060969347099630359352
0.000056681920138184883899
-0.000052526611935708482454
0.000048500460429432320244
-0.000044601486905224898375
0.000040828604868591855011
-0.00003718155374002761567
0.000033660855279017656088
-0.000030267792003937296489
0.000027004408324622920851
-0.000023873536844898637333
0.000020878854628253222692
-0.000018024977658344694221
0.000015317607184437909875
-0.000012763750899138645867
0.000010372058649947010727
-8.1533449538629930681e-6
6.1214395460093962488e-6
-4.2946701341770817962e-6
2.69872892852874084e-6
-1.3732143963602827485e-6
3.920859719907820872e-7
0.0011500316356737809742
0.0027452506304123534334
0.0041384191121430685682
0.0059373133804276193544
0.0069104870346133126582
0.009516870478789468572
0.0050954824706006431587
-0.0010364204317219980516
0.00062607483693416412341
-0.00046661788984101507638
0.00038110692484840391755
-0.00032700572484755602085
0.00028909095823680787541
-0.00026059687595206778555
0.00023806719127345746031
-0.00021955478037664378042
0.00020387999333909076082
-0.00019028683792187529642
0.00017826868132089496958
-0.00016747344005065907034
0.00015764898132959878437
-0.00014861016245936753029
0.00014021812675578231065
-0.00013236684975277117847
0.00012497413669598479501
-0.00011797544247556119632
0.00011131953251360360395
-0.00010496537485027691896
0.000098879874231719709471
-0.000093036193729047308154
0.000087412493882419197311
-0.000081990973574814485142
0.000076757132383258993723
-0.00007169919792001634204
0.000066807677858735606135
-0.000062075007553807218448
0.000057495272066913187367
-0.00005306398709162429525
0.000048777927430555338674
-0.000044634994817592549927
0.000040634119334971273884
-0.000036775190710917755603
0.000033059017614323799048
-0.000029487314898893140304
0.000026062720838249310139
-0.00002278884908521971732
0.000019670383948563516038
-0.000016713233618331503293
0.00001392476613350062655
-0.000011314171210498268885
8.8930266123352355341e-6
-6.676222982214246033e-6
4.6835787931689278066e-6
-2.942964994508645259e-6
1.4974382068918839217e-6
-4.2754655451481813442e-7
0.0011715882695671188896
0.0026660196778452878488
0.0043094034720334481337
0.0056199161899020496236
0.0074905854403374413634
0.0083180741385124119192
0.011100499012672363079
0.0058063378906413292343
-0.0011608118757882257588
0.00069218983869308856104
-0.00051074663502064400921
0.00041383521940175423348
-0.00035278732796297560048
0.00031019820455576573062
-0.00027833773224790941696
0.00025325962012657919064
-0.00023274233728274176044
0.00021544111578065481638
-0.00020049496715223388742
0.00018732751019400640079
-0.00017553865877084147836
0.00016484226552612744498
-0.00015502849042247626603
0.00014594017183956174696
-0.00013745747914763536306
0.00012948764852108403736
-0.00012195794104191234401
0.00011481070192108516024
-0.000107999824422460744
0.00010148817407449555236
-0.000095245682671601009367
0.000089247918053099084189
-0.00008347499756759713824
0.000077910753724997719407
-0.000072542087680177211796
0.000067358464677126153995
-0.000062351518397138620196
0.000057514740200200645097
-0.000052843235760775663064
0.000048333536400583694072
-0.000043983456077078293669
0.000039791987904745263196
-0.000035759236585940199228
0.000031886385493997727924
-0.000028175699691381979441
0.000024630569285026412047
-0.000021255601850146554369
0.000018056779296807741002
-0.000015041705622515146064
0.00001221999185662770649
-9.6038629613392122802e-6
7.2091527502310127836e-6
-5.0570448283726628965e-6
3.1774444190089174065e-6
-1.6166790489885287236e-6
4.6158146725838141495e-7
0.0011538801938245685083
0.0027303509893843839779
0.0041738475366553506234
0.0058609360732129622117
0.0070841148362872155565
0.0090205442618797822849
0.0097001152362386656451
0.01264972918491850569
0.006499246764597988048
-0.0012815243120026549733
0.00075598919411929042972
-0.00055304427576352266761
0.00044496516925081747423
-0.00037710168815002961678
0.00032992072622782063644
-0.00029475083124985791968
0.00026716704138242918172
-0.00024467947836517729253
0.00022578168763427938434
-0.00020950970765390084639
0.0001952186358716625273
-0.00018246114182150092145
0.00017091753721336777768
-0.00016035358129757598875
0.00015059399215344303643
-0.0001415052459459602131
0.0001329840766030843868
-0.0001249495885783447977
0.00011733772522662879106
-0.00011009731178101646249
0.00010318717458336707464
-0.000096574010862252824496
0.000090230791573704104296
-0.00008413554927206956447
0.000078270448513467207954
-0.000072621066745107159148
0.0000671758343810176086
-0.000061925597161505642831
0.00005686327407586482017
-0.000051983591487378436187
0.000047282879568859390638
-0.000042758921384969944962
0.000038410848426357545651
-0.000034239079509927929139
0.000030245303102882098629
-0.000026432506783855358582
0.000022805062428990974468
-0.000019368883009223586854
0.000016131678887020657814
-0.000013103362899397349411
0.000010296694825526068901
-7.7283430520650469931e-6
5.4207470558656902921e-6
-3.4057291111313465506e-6
1.7327470524424738566e-6
-4.947071829563927418e-7
0.0011687660381680874886
0.0026767009337372397513
0.0042851243972461596355
0.0056683476969775167472
0.007394473633195857136
0.0085265366286524383379
0.010522479306430137761
0.011052295067948509712
0.014159796484253978256
0.0071720671184556854325
-0.0013982105536333114904
0.00081732510293545383734
-0.00059344942605753474534
0.00047448628477714207012
-0.00039997249306358088067
0.00034830667449429444578
-0.00030990241795859835927
0.00027986930029785599998
-0.00025545632980452196357
0.00023499958808860003836
-0.00021743472517118176846
0.00020204995716906617758
-0.0001883517794232667757
0.00017598767649841745333
-0.00016469949140037721299
0.00015429415535471341357
-0.00014462468346669247522
0.00013557747064998956549
-0.00012706358062449054681
0.00011901263811839855691
-0.00011136846107559014678
0.00010408588211391807804
-0.000097128399309302157861
0.000090466416006592236834
-0.000084075906133971647526
0.0000779373918425817896
-0.000072035153971644041394
0.000066356618802002732423
-0.00006089188051820753444
0.000055633330118283358357
-0.000050575369739997843307
0.000045714197559617596925
-0.00004104765330835706002
0.000036575118621381600674
-0.00003229747040588133329
0.000028217089767677216299
-0.000024337934570829139189
0.000020665691739927421951
-0.00001720803840406146449
0.000013975063945228604335
-0.000010979949176212613456
8.2400919510781400675e-6
-5.7790880026919675367e-6
3.630577972671975061e-6
-1.8470434001320231193e-6
5.2732335561492195413e-7
0.0011560233631305217379
0.0027223668577478975493
0.0041914480149849688957
0.0058275554046405397705
0.0071451966492223050741
0.0089051236415213354081
0.0099427234271431705173
0.011991772546564931759
0.012370404982668029048
0.015626049092461480966
0.007822719186827611967
-0.0015105264769984176895
0.00087603976081324288967
-0.00063188226527678805446
0.00050236361776071224689
-0.00042139463120670986683
0.00036537232807259823968
-0.00032382476325001300444
0.00029141091483572026437
-0.00026512691388445167011
0.00024315625954564015012
-0.00022433725668590245909
0.00020789321350796309933
-0.00019328577150747479567
0.00018013049431180617539
-0.00016814594400229643031
0.00015712171853383219315
-0.00014689770106086770915
0.00013735018991582972463
-0.00012838238940407048729
0.00011991774350902643554
-0.00011189516982104970949
0.00010426559224999969752
-0.000096989379504592713825
0.000090034426983048921322
-0.000083374703587406029709
0.000076989139982735492482
-0.00007086077163974071736
0.000064976075128033852013
-0.000059324453627176125949
0.000053897840089768668556
-0.000048690395634708569267
0.000043698287741644403577
-0.000038919538522006350458
0.000034353938475294874663
-0.000030003026426330797045
0.000025870142704603496081
-0.000021960571521531730213
0.000018281802566622916416
-0.000014843966434897862348
0.00001166054555063447519
-8.7495612071353267639e-6
6.1356704840921306645e-6
-3.8542461968627316822e-6
1.9607125610949396051e-6
-5.5975627713298451593e-7
0.0011670926998708659533
0.0026828637542833731944
0.0042718330386683518749
0.0056926884248737418891
0.0073522530840951958247
0.0085999588229746539155
0.010388173382239078491
0.011328285607906067607
0.013423903593731428317
0.013650350659825504449
0.017043965565727186506
0.0084491917789029403239
-0.0016181359888745170996
0.0009319730759235238782
-0.00066825457513543414075
0.00052854951677511951576
-0.00044134713019979445819
0.00038111578375522660765
-0.0003365302753766968793
0.00030181535905973948477
-0.00027372342028345762435
0.00025029083274254661251
-0.00023026199307313148365
0.00021279755711952067434
-0.00019731584256520705836
0.00018340155863304523202
-0.00017075074720249596187
0.00015913622648623867266
-0.00014838515774415343121
0.00013836405167357688345
-0.00012896848988778599366
0.00012011592029029176725
-0.00011174050712986239641
0.0001037893855053352174
-0.000096219895458808733486
0.000088997512091436518346
-0.00008209427884449178425
0.000075487610604846476447
-0.000069159373157327853008
0.000063095172755557947556
-0.000057283808618812556461
0.000051716854811495036439
-0.000046388348103278187991
0.000041294566362270489581
-0.000036433888824992304658
0.000031806736157275201688
-0.000027415595665103207726
0.000023265146948909144411
-0.000019362518569160023487
0.000015717732611899685264
-0.000012344444069063453061
9.2611868571759367647e-6
-6.4935851846912444314e-6
4.0786657606470762082e-6
-2.074734055560040054e-6
5.9228506651049671279e-7
0.0011573597964776151465
0.0027174869079689489554
0.0042018032934646386375
0.0058090676381029655558
0.007176082602792784179
0.0088542989948608192063
0.010028187989920144133
0.011839029884685168546
0.012678926376557019607
0.014814462577613350666
0.014888161580286934485
0.018409170680784633982
0.009049548468078796509
-0.0017207141665531144666
0.00098496709950683057176
-0.00070247541608204550982
0.00055299029233649789525
-0.00045980054811669303721
0.00039552484749341783425
-0.00034801970701449339395
0.00031109344146189642039
-0.0002812646438947111209
0.00025642853885647821026
-0.00023523940130156126114
0.00021679773755860272616
-0.00020048025340156161319
0.00018584200820244215522
-0.00017255739183354169696
0.0001603830818089023788
-0.00014913399688985352647
0.00013866722628391084494
-0.00012887101360386721947
0.00011965703624477847403
-0.00011095488763639260599
0.0001027080654044734708
-0.000094871010094834648602
0.000087406890613499081919
-0.000080285929818150679999
0.000073484127557383279855
-0.000066982281272985415988
0.000060765233615079937464
-0.000054821297108485403287
0.000049141820814350472474
-0.0000437208752247988522
0.000038555040823548381761
-0.000033643294117105386461
0.000028986993831054327997
-0.00002458998120322291808
0.000020458824983640384037
-0.000016603269953455416211
0.00001303700090690486081
-9.7789450460661165368e-6
6.8555965839181566018e-6
-4.3055619899986379053e-6
2.1899816752749062921e-6
-6.2515856421655475233e-7
0.0011660050380974256341
0.0026868091885108996313
0.004263563740217998899
0.0057071724978680299224
0.0073287142784159806539
0.0086372067146831903108
0.01032896909643294927
0.011425487252429387427
0.013253211243689095012
0.01399045818435021789
0.016159164381749258064
0.016080001348220769187
0.019717450060822573707
0.0096219335648119156217
-0.0018179494624680547367
0.0010348687826905362614
-0.00073445455764373713857
0.0005756302246733908157
-0.00047672143049007238612
0.00040858181963119943575
-0.00035828716488155862406
0.00031924845354589219072
-0.00028776120374915271379
0.00026158594448455214982
-0.00023929093303738659379
0.00021991925110967155528
-0.00020280786623142160748
0.00018748351433851198589
-0.00017359989591048554938
0.00016089826175917399937
-0.00014918182834537727397
0.00013829867986199027373
-0.00012813004910905984366
0.00011858210516821763648
-0.00010958008543876080116
0.00010106403054252395173
-0.000092985637735129569075
0.000085305909709449402775
-0.00007799337925309870363
0.000071022758264237234522
-0.000064373905323117546551
0.000058031037424913657124
-0.000051982133679465756915
0.000046218495094941035527
-0.000040734437292777897308
0.000035527103949065523005
-0.000030596399632113974924
0.000025945053629701283272
-0.000021578844722922477117
0.000017507047166185418762
-0.000013743214562891863225
0.000010306535641985442856
-7.2242710785811201631e-6
4.5365337460555789972e-6
-2.3072641734340153039e-6
6.5860693267236833253e-7
0.0011582592149558903199
0.0027142412032807764341
0.0042085405993497741241
0.0057974399111054804092
0.0071945874530520941573
0.0088258533227227352352
0.010071622336096029522
0.011771671358433224145
0.012787541707589875181
0.014626352506002044128
0.01525881636427237657
0.017453862707839358225
0.01722217832317313856
0.02096476387681303528
0.01016457784618612947
-0.0019095453872726496935
0.0010815318204172987725
-0.00076410467756212139143
0.00059641410067999705782
-0.00049207512611947691576
0.00042026652524088502859
-0.00036732329547052248165
0.00032627946000134346787
-0.00029321889513569461148
0.000265774330963233152
-0.0002424324031435483671
0.00022218169612441670142
-0.00020432145923006080825
0.00018835154095819747011
-0.0001739059995589606725
0.00016071144013501804114
-0.00014855997145008971333
0.00013729113439105158198
-0.0001267795166432697338
0.00011692607478458352662
-0.00010765193511959044789
0.000098893889594649663357
-0.000090601074993016885303
0.000082732494130386743473
-0.00007525514735623767209
0.000068142614733331227901
-0.000061373977776594376471
0.000054933003145737185232
-0.000048807534633849280413
0.000042989057796232583928
-0.000037472416258662141142
0.000032255672407186045986
-0.000027340120334976559425
0.000022730479377651183326
-0.000018435329283329458396
0.000014467908061179015698
-0.000010847517472206166447
7.6020710129007009024e-6
-4.7731121185376623444e-6
2.4273549946441314802e-6
-6.9285012371775498504e-7
0.0011652510465128544668
0.0026895188133116707776
0.004257982344233519544
0.0057166935353970717983
0.0073138078169687573749
0.0086596181601409561356
0.010295756817534690035
0.011474933375596414687
0.013177932790404317573
0.014110139790935567099
0.015954216228721787961
0.016480071623358119301
0.018694563592614023221
0.018311156239127561286
0.022147259762217967466
0.010675804021166771628
-0.0019952218763772671012
0.0011248179655895562472
-0.0007913428480951662062
0.00061528889448860744522
-0.00050582763985850081739
0.00043055830628467678378
-0.00037511738319184159632
0.00033218347239134235386
-0.000297640912417861023
0.00026900194401047527608
-0.00024467624765174181466
0.00022360102419573319213
-0.00020503995868820369215
0.00018846754796963052635
-0.00017349933200253798833
0.0001598481119954993585
-0.00014729553314871446323
0.0001356730962047311986
-0.00012484914512018489848
0.00011471975144503028833
-0.00010520220436119371666
0.000096230283063565671313
-0.000087750773936922308454
0.000079720874285486293059
-0.000072106239683696666218
0.000064879507972076427883
-0.000058019184231787164973
0.000051508806801204076777
-0.000045336340371806796545
0.000039493762433522044159
-0.000033976827000270655292
0.000028785007803580884414
-0.000023921646283067234037
0.000019394365273952639932
-0.000015215873229817564421
0.000011405414736411772483
-7.9914282995531749143e-6
5.0168062080661033859e-6
-2.5510154058239410021e-6
7.2810445731275203031e-7
0.0011588988395053020504
0.0027119503361460543011
0.0042132300769462731318
0.0057895151272554064451
0.0072068341567040825726
0.0088077588950766743546
0.01009782669843379018
0.011733832028838773829
0.01284282026747065552
0.014543402175094854394
0.01538918976836175995
0.017232704507678946316
0.017650441912410885249
0.01987743829160654751
0.019343564610390884168
0.023261285000115242773
0.011154031913173070803
-0.0020747164469227076958
0.0011645980169375918021
-0.00081609158839753898463
0.00063220492621801154298
-0.00051794689576167144744
0.00043943737424905163491
-0.00038165877427455224139
0.00033695692635332814217
-0.00030102936318566124031
0.00027127553054639434038
-0.00024603307108636245102
0.00022419108781300106764
-0.00020497997863188341989
0.00018785051609385488684
-0.00017240091623958912086
0.00015833107409961049137
-0.00014541286122169820412
0.00013347028006537330878
-0.00012236586607838661901
0.00011199116392785052073
-0.00010225992855126990508
0.000093103190714922132122
-0.000084465625604706753401
0.000076302850564985599185
-0.000068579398874167182121
0.000061267196196660509929
-0.00005434442052891074586
0.000047794664663377777177
-0.000041606348740072387761
0.000035772353955729557463
-0.000030289871090248289332
0.00002516048420660875024
-0.000020390548945784102074
0.000015991993233695832232
-0.000011983806652319415045
8.3948060406434684095e-6
-5.2691412594613528356e-6
2.6790136981398022252e-6
-7.6458807270320705133e-7
0.0011647027624449703603
0.0026914770710793083526
0.0042539942319899155091
0.0057233815220695415693
0.0073035810886474123003
0.0086745182765730318976
0.010274567403699537612
0.011504816901983343228
0.01313560872276905353
0.014171063112307236834
0.015863858576350251729
0.016620733919800803167
0.018457871300420292172
0.018766303821551823753
0.020998835513752536407
0.020316208793639173922
0.024303398001408868972
0.011597783343250474191
-0.002147785203339410016
0.0012007525936579867355
-0.00083827963979363863416
0.00064711668900722976172
-0.00052840362485922842359
0.00044688575410830127149
-0.00038693786779835249062
0.00034059670944600406571
-0.0003033863229680762705
0.00027260141122832974045
-0.00024651272890681648495
0.00022396472596707792404
-0.00020415690397852662179
0.00018651802302447339624
-0.00017063023464954119724
0.00015618147732965659209
-0.0001429345817803106523
0.00013070663085274195125
-0.00011935481956964678595
0.00010876655447514901713
-0.000098852388972198401468
0.00008954090016320565323
-0.0000807749237531225269
0.000072508758967880946274
-0.000064706081451782859632
0.000057338385645221735307
-0.000050383835412397333701
0.000043826442911147370718
-0.000037655527881517596918
0.000031865438344913528652
-0.000026455545252140531289
0.000021430567102227441139
-0.000016801354129742875576
0.000012586408298925385057
-8.8147536741488869316e-6
5.5316925897852318627e-6
-2.8121422027047052107e-6
8.0252574816066590568e-7
0.0011593731809354934022
0.0027102601098717790192
0.0042166576627078825485
0.0057838036024980184431
0.0072154920585889065491
0.0087952876871178368172
0.010115303718020377748
0.011709641623712483278
0.012876267209308908072
0.014496741079753317105
0.015455559542730861233
0.017135222058384415335
0.017800961446898310871
0.019625934565525591139
0.019824203522020119669
0.022055293001973693755
0.021226079615591160276
0.025270379071825746849
0.01200568669840006453
-0.0022142037240922510139
0.0012331727620199561235
-0.00085784255548177887706
0.00065998345640074073237
-0.00053717200499440761334
0.00045288795804838781983
-0.00039094681969502413037
0.00034310089000430051563
-0.00030471458311585634377
0.00027298624178619467695
-0.00024612509727107435818
0.00022293453799856899531
-0.00020258566485460453727
0.00018448701533818694819
-0.00016820599635865981907
0.00015341958811883040954
-0.00013988235412888579808
0.00012740507204912881231
-0.00011584009735729711383
0.00010507111883593760638
-0.000095005853072249988005
0.000085570752318977202292
-0.000076707122453678056843
0.000068368250524107936805
-0.000060517272476463256912
0.000053125599139322267483
-0.000046171779409626063284
0.000039640724912900208876
-0.000033523258361502049826
0.000027815986180892164914
-0.000022521545234191678527
0.000017649353255161708328
-0.000013217148366234666943
9.2539595694473346185e-6
-5.8061177398361744253e-6
2.9512333434558191957e-6
-8.4215343669947907671e-7
0.0011642889971456083554
0.0026929485544718879327
0.0042510209365802194309
0.0057283096628411055665
0.0072961647583811940758
0.0086851005413588333553
0.010259914908990619476
0.011524792415615807836
0.013108513111566306812
0.014207953945007196001
0.015813015358387194891
0.016692339867735191006
0.018353565162062901957
0.018926220532821442003
0.020733288002404721456
0.020820867231328345063
0.023043548452021687327
0.02207036249978992732
0.026159240454577568066
0.01237648117076189473
-0.0022737678482779581904
0.0012617605527450898804
-0.00087472315985690270746
0.00067076973828223958322
-0.00054423013091027117216
0.00045743147452476445258
-0.00039368005050001575606
0.00034446924120496617447
-0.00030501818804102609066
0.00027243756018741256362
-0.00024488062710108359948
0.00022111344193712105907
-0.00020028129707785037236
0.00018177436954684936571
-0.00016514669789899393938
0.00015006534842343282294
-0.00013627743050584150237
0.00012358806656793600876
-0.00011184530717920535358
0.00010092957757618790327
-0.000090746158044346730902
0.000081219744564526498624
-0.000072290469029494504298
0.000063910968080293869584
-0.000056044225845587882754
0.000048662007739573561855
-0.000041743768042360003614
0.00003527596561867692879
-0.000029251770257897877121
0.00002367119918151469164
-0.000018541810721676091255
0.000013880248317042105876
-9.7153041261971045616e-6
6.0941887203269025547e-6
-3.0971756632340265695e-6
8.8372278254639897883e-7
0.0011597367929615787083
0.0027089691480874443161
0.0042192582357651791132
0.0057795126999503008369
0.0072219099482552092437
0.0087862024349003616728
0.010127758055107213282
0.011692873681137093404
0.012898660967578892058
0.014466838927163384285
0.015495769631376569691
0.017080359945698716332
0.017877580640515630855
0.019515124482282879584
0.019993029728924281467
0.021776512281491264518
0.021753211165828036005
0.023960549757008492599
0.022846446040998817077
0.026967235630240435238
0.01270902065444962014
-0.0023262943728842684765
0.001286429392876136073
-0.00088887191166528698303
0.00067944562802706914479
-0.00054956036388563986686
0.00046050712698880062851
-0.00039513461486898466192
0.00034470362091043302563
-0.00030430282401220614805
0.00027096418272154824597
-0.00024279074584724388509
0.00021851508058708877653
-0.0001972593515857974448
0.00017839730437135388463
-0.00016147103840697187352
0.00014613879461248474675
-0.00013214108025845988061
0.0001192780488263332169
-0.00010739401661476754996
0.000096366637295164988355
-0.000086099197142507349942
0.000076515052899203911928
-0.000067553576897226237261
0.000059167190608232187777
-0.00005131920949557313772
0.000043982319372238379787
-0.000037137576994931087496
0.000030773890163857042389
-0.000024888000535437405521
0.000019485089649119467579
-0.000014580306920077658336
0.000010201916013726582954
-6.3978259468558973068e-6
3.2509306130990306244e-6
-9.2750584069327643324e-7
0.0011639673021861591964
0.0026940890550214613567
0.0042487294738612837632
0.005732075926031124258
0.0072905609325089804496
0.0086929801997011765763
0.010249204006635420302
0.011539063300091258132
0.013089697551336665952
0.014232683310123164652
0.015780409142493191667
0.0167357385688157327
0.018294856338215867835
0.019007617175660936551
0.020616312022670813278
0.020998088732155026016
0.022752385699870189364
0.022618350942619578268
0.02480346456126294318
0.023551929985634120772
0.027691867853173066522
0.013002277287935349961
-0.0023716216669703976574
0.0013071044669522251299
-0.00090024719272245275691
0.00068598706823091769299
-0.00055314959276352519823
0.00046210933761079878391
-0.00039531047081231584462
0.00034380824714646829774
-0.00030257610066842774467
0.00026857649099448990767
-0.00023986814939275180999
0.00021515411796904455596
-0.00019353619539340567542
0.00017437368668159611798
-0.00015719823164030989426
0.00014166037745259760803
-0.00012749492070011006397
0.00011449777068596260092
-0.00010251012003489976993
0.000091407386804439131453
-0.000081091356442344822095
0.000071484525007232810858
-0.000062525996921464010264
0.000054168514010145794036
-0.000046376340735121765376
0.00003912383561738069833
-0.000032394623113788559127
0.000026181363763607086232
-0.000020486230774125872059
0.000015322394025445939631
-0.00001071723408006074953
6.7191353695909379931e-6
-3.4135508433206386793e-6
9.7380020610850338025e-7
0.0011600231576230389746
0.0027079551657659383628
0.004221290888619855162
0.0057761829629937975135
0.0072268420449547303614
0.0087793071611303388448
0.01013706373932129404
0.011680584072098697351
0.012914690709905338881
0.014446045702928233234
0.015522748977385866231
0.017045156636365976922
0.01792403076054471578
0.019452750358395470327
0.020078955259028689551
0.021653726152376683504
0.021938288567183820619
0.023657894217734812645
0.023413610394460513515
0.025569689104876103647
0.024184632583613070896
0.028330897903369079139
0.013255344631002690992
-0.0024096102063461556486
0.0013237230169210592302
-0.000908815536292376224
0.00069037605293598950441
-0.00055498942738403440439
0.00046223631946005561924
-0.00039421067400301979071
0.00034178989599743359109
-0.0002998477530803766193
0.00026528663840161610198
-0.00023612701317788595425
0.0002110464555505907367
-0.00018912923378270557853
0.00016972226106908218194
-0.00015234824512605174467
0.00013665121403645646529
-0.00012236118635943290432
0.00010927059434116357273
-0.000097218163849798407561
0.000086077666757565133568
-0.000075749945504043671056
0.000066157195241685020726
-0.000057238849768909349711
0.000048948648686800149369
-0.000041252620102779560456
0.00003412783100213213194
-0.000027561864012428421706
0.000021553107608839413912
-0.000016112157733665433493
0.000011265077593320875778
-7.0604503598370684859e-6
3.5862007539799754087e-6
-1.0229347633599413437e-6
0.0011637109425279794102
0.002694995808849989379
0.0042469153599107259508
0.0057350390473012575484
0.0072861889537421967907
0.0086990620452533524832
0.010241046689421015816
0.011549755291555521256
0.01307587850053020188
0.014250412238955330674
0.015757710658584304276
0.016764878800560669749
0.01825716783084518973
0.019056974706702551212
0.02055046324468771598
0.021088282159500732755
0.022624162060365644169
0.022810721164573231057
0.024490240840928840286
0.024136529764267441924
0.026256856339318303758
0.024742597282205477856
0.028882351033306302587
0.013467440466428621427
-0.0024401430307327694506
0.0013362345868848451372
-0.00091455180444531842459
0.00069260077831872761161
-0.00055507633855092987574
0.00046089021301791377592
-0.00039184151442223855734
0.0003386580402727375642
-0.000296129783562418256
0.00026110869595298328467
-0.00023158314296788805039
0.00020620938918666601552
-0.00018405707515981482685
0.00016446282510729811572
-0.00014694198932651040572
0.00013113329572581747528
-0.00011676296242102149908
0.00010362076049920081812
-0.000091543662157386842206
0.000080404450403406075032
-0.0000701036679215739266
0.000060563880052280902171
-0.000051725597056915121716
0.000043544441994331346716
-0.000035989321245276204071
0.000029041496305658988226
-0.0000226946093941274318
0.000016955949739369217835
-0.000011849727832763420073
7.424380100314587476e-6
-3.7701801445548497597e-6
1.0752762887562878344e-6
0.0011602538607385963097
0.0027071399371624331959
0.0042229190681633517379
0.0057735302993547770063
0.0072307426476778043168
0.0087739045256283838145
0.010144271308574276456
0.011671198283286836575
0.012926726845560973981
0.014430748378994382662
0.015542115331135291295
0.017020628057914650537
0.017955238988250380041
0.01941269370146781933
0.020131069326385655728
0.021584602411112970136
0.022032476986024189447
0.023524621638134807169
0.023612688316337688567
0.025246854320143160462
0.02478487324902168323
0.026862843294514743083
0.025224098736642606261
0.029344523090707930417
0.013637909217722355265
-0.00246312612444606953
0.0013446012166762179536
-0.0009174393206529998234
0.00069265574995917960944
-0.00055341175419118886601
0.00045807717794885256407
-0.00038821260730398281995
0.00033442494175893780065
-0.00029143655676687219942
0.00025605875161517170198
-0.0002262540800368502004
0.00020066172219279286218
-0.00017833965478160394381
0.00015861636751755103129
-0.00014100147543860875188
0.00012512967270671343092
-0.00011072440581063030741
0.000097573659458300756531
-0.000085513436489453884864
0.000074416278186781179145
-0.000064183188045788006132
0.000054737930916463466382
-0.000046023060985411941766
0.000037997288292486952557
-0.000030633989560147629793
0.000023920860765807624373
-0.000017860974643802332773
0.00001247602463552730754
-7.8138665430067965567e-6
3.9669519458675835589e-6
-1.1312371756109322958e-6
0.001163502312475723473
0.0026957324182907595815
0.0042454464465929720352
0.0057374268705156101951
0.0072826882871202887772
0.0087038923288530390368
0.010234632819928817792
0.0115580602933086621
0.013065300339366191198
0.014263748501493753208
0.015740988068668224454
0.016785818562190173727
0.018230887307524995032
0.019090154068760115208
0.020508160700469383522
0.021142995132889957472
0.022551971751261881967
0.022908620400386033052
0.024352322740742801263
0.0243417099863776212
0.025925397140676334544
0.025356635866064095805
0.027385777678484484841
0.025627648115771065826
0.029715985799924964769
0.013766223975440606449
-0.0024784887211004648578
0.0013487975869180191298
-0.00091746996188482667422
0.00069054185228022694273
-0.00055000211840423095794
0.00045380744775925015498
-0.00038333694680336835764
0.00032910570617790223762
-0.00028578485782389135326
0.00025015497357647761561
-0.00022015917188387330186
0.00019442384652743666627
-0.00017199833044965105949
0.00015220518387285837873
-0.00013454995862096310434
0.00011866463504730158667
-0.00010427097830002092263
0.000091156136020236241422
-0.000079156020303129766363
0.000068143801427515915646
-0.000058021871439708809386
0.000048716257396029437188
-0.000040172862013776496493
0.000032355192759029410673
-0.000025243489487476135867
0.00001883547051176031599
-0.00001314948237243406454
8.2322524691303837752e-6
-4.1781752331035071489e-6
1.191284611067417185e-6
0.0011604433959872372315
0.0027064712459500376868
0.00422425073319001786
0.0057713698829754185414
0.007233901538251990684
0.0087695604467836099278
0.01015001582101675654
0.011663796891675234938
0.012936098418706735242
0.014419015757700126
0.015556706050823410225
0.017002535091607485533
0.017977685753491379248
0.019384742489722056216
0.020166118940842988044
0.021540181382480806499
0.022089624718725247424
0.023449581403459355135
0.023714003679621527016
0.025104707786875351405
0.024995531952461342846
0.026523772779170931233
0.025850049617822757925
0.027824043691875334047
0.025951997684190976956
0.029995591186738848677
0.013851988125811280804
-0.0024861835325404905916
0.0013488111173534139588
-0.00091464421314295870735
0.00068626638404286612156
-0.00054485891809395983937
0.00044809535273947025791
-0.00037723092841763754164
0.00032271830748595687035
-0.00027919392078976180131
0.00024341764541256722618
-0.00021331961734386033
0.00018751780211654662417
-0.000165055961819751781
0.00014525298377382070137
-0.00012761208386701076673
0.00011176391224706005046
-0.000097429720617378822754
0.000084396867603264557846
-0.00007250218320434608947
0.00006162051402131421233
-0.000051656815677626709924
0.000042540798131548644273
-0.000034223556212440885814
0.000026675957058713656956
-0.000019888930043786407022
0.000013876431050494187719
-8.6833638498174719454e-6
4.4057450223977195762e-6
-1.2559516145381494211e-6
0.0011633293770475565064
0.002696342136914288815
0.0042442336929509018729
0.0057393908866656317133
0.0072798233369925311292
0.0087078204440940611415
0.010229457324712358443
0.011564699331362275178
0.013056937711710027983
0.014274154016858569997
0.015728140403869782739
0.016801616473685846126
0.01821148078708854782
0.019114038978950809079
0.020478623188430036084
0.021179810157537079033
0.022505564600204234294
0.022968032570813922755
0.024274656917178038675
0.024446137113918876408
0.02577945166539590745
0.025572132757187047808
0.027040132205912880033
0.026263588933964737959
0.028176287041316557027
0.026196144645238310527
0.030182475133673193713
0.013894936576628598962
-0.0024861869020741187541
0.0013446420196669270192
-0.00090897118647446080933
0.0006798430626135833795
-0.00053799868049283573866
0.00044095931504395132967
-0.00036991434455133972155
0.00031528358648163133307
-0.00027168543305043504557
0.00023586917966731381101
-0.00020575849378280431879
0.00017996732365956162128
-0.00015753698502987439073
0.00013778500462815656097
-0.00012021405467359430749
0.00010445491883214253861
-0.000090229606159693413215
0.000077326870838418570564
-0.000065585655862796829493
0.000054883793591916500341
-0.000045130358765473197148
0.000036260738799656580368
-0.000028233971884661959492
0.000021032374669145564931
-0.000014664189944045431608
9.1716106261079401501e-6
-4.6518407730188118284e-6
1.3258504603121619279e-6
0.0011606018374262955886
0.0027059129637806876925
0.0042253599710278358907
0.0057695763601357365185
0.007236512264341590339
0.008765990427585135212
0.010154704202401629737
0.011657806140048131666
0.012943609735604059596
0.014409719892774167694
0.015568111502816805363
0.016988613163965574061
0.017994642017325450479
0.019364081184297425551
0.020191370687744102379
0.021509145027363417646
0.022128096502686579985
0.0234013251802837527
0.023775504217132815249
0.025024647774574224506
0.025102757722417608947
0.026374468920422039643
0.026069729946961430654
0.027472879613350078593
0.026595975372831127151
0.028441419137355673707
0.02635933423195563459
0.030276060055331316677
0.013894936576628598962
-0.0024784988820506321043
0.001336303305642902371
-0.00090046860587184649584
0.00067129199889250489537
-0.00052944294390749804921
0.00043242181868365211303
-0.0003614103564966671697
0.00030682522760491305239
-0.00026328352037790961474
0.00022753411568702562622
-0.00019750077385809268754
0.00017179788479646422233
-0.00014946749605777714353
0.00012982815067302216438
-0.00011238385093095480156
0.000096767084120034521738
-0.000082702030214558804989
0.000069980220052800868169
-0.00005844418251405188674
0.00004797644992038329033
-0.000038492383511072125472
0.000029936011606412110933
-0.000022278697981795225305
0.000015521283526059373556
-9.7021112969580420667e-6
4.9189860933800656177e-6
-1.4016891609487558916e-6
0.0011631836395011459
0.0026968553779852711611
0.0042432149455037613028
0.0057410357391411968992
0.0072774335690545223109
0.0087110804986417595955
0.010225188497413727203
0.011570134983151109824
0.013050150344873602806
0.014282513722890056653
0.015717940556859570023
0.01681398669020261609
0.018196526656774971841
0.019132103217376771193
0.020456767776239269707
0.021206355058559722554
0.022473119788165893388
0.023008048884384401757
0.02422469301414398939
0.024509544696111222234
0.025697235229689002081
0.025681836268384743051
0.026887920190423019526
0.026486785580117772597
0.02782067735353867037
0.026846181566838346777
0.028618620464765520316
0.026441062035903783964
0.030276056685797688515
0.013851988125811280804
-0.0024631432358576357787
0.0013238207512537335747
-0.00088916275901809119237
0.00066063964418262405913
-0.00051921820330023131139
0.00042250935643789743451
-0.00035174544535156194537
0.00029736971717860204391
-0.00025401471695840675366
0.00021843910762089418256
-0.00018857334014726324331
0.00016303675152927089571
-0.00014087536009822497273
0.00012141118266621376989
-0.00010415153380160488529
0.000088732322831813709178
-0.000074881520788755135521
0.000062395110489240853739
-0.000051121110392576469126
0.000040949120184529777088
-0.00003180399108313667531
0.000023643100758745219892
-0.000016457712783727454494
0.000010280848463925970766
-5.2101229423688061089e-6
1.4842918993705190841e-6
0.0011607364032755403334
0.0027054392982407723878
0.004226299329184813447
0.0057680616525641251514
0.0072387091684989755879
0.0087629999451879493883
0.010158609748442256907
0.011652848643296434965
0.012949777271799946659
0.014402156108351079674
0.015577294572227708018
0.016977539578109010414
0.018007940800137356777
0.019348138107923852166
0.020210491057324957353
0.02148615800095450636
0.022155858642473283228
0.023367565016950599441
0.023816949550272692394
0.024973121513407662762
0.025167886335322762664
0.026290339433694591275
0.026181583555827479746
0.027318217879660611212
0.026822010987685460376
0.028082450069285443856
0.027013434399342334666
0.028707343115142024597
0.026441075566339178793
0.030182464972723026467
0.013766223975440606449
-0.0024401673644802542384
0.0013072328170861770284
-0.00087508841647910285743
0.0006479187098066041168
-0.00050735583177709426439
0.00041125235514616826042
-0.00034094934394267220215
0.00028694628611491532935
-0.00024390792491574036064
0.0002086129094435857831
-0.0001790050080971245816
0.00015371306086371603527
-0.00013179037136740201425
0.00011256499561570692033
-0.000095549695013000520143
0.000080385735417617656858
-0.000066806810170215102015
0.000054615487973996368766
-0.000043667878727531474199
0.000033864126847434215719
-0.000025143648109552873345
0.000017485299676080891805
-0.000010914864939028204355
5.5287047169092991936e-6
-1.5746245891157224298e-6
0.0011630589250622186828
0.0026972941710618012971
0.0042423454481969506274
0.0057424361455561637793
0.0072754056136545382367
0.0087138355949346656281
0.010221598930761433947
0.011574678492990171516
0.013044516590181388038
0.014289396305994907399
0.01570962156170101194
0.016823967279619099469
0.018184610372647046903
0.019146293470165530487
0.020439880098182889247
0.021226478369626829825
0.022449065301784750359
0.02303695031898339735
0.024189713051581733004
0.024552300619330996598
0.02564429538893609048
0.02574849582425552822
0.026802125818772254183
0.026600455991098305054
0.027664031042748693351
0.027074370772932360334
0.028257388005813750475
0.027097217403298018314
0.028707312473910197747
0.026359375034946343655
0.029995574075327282428
0.013637909217722355265
-0.0024096421578506875626
0.0012865905253627757233
-0.00085828871864404316171
0.00063316805987755705037
-0.00049389197861937100172
0.0003986850804624404936
-0.00032905495163385878776
0.00027558684032195216015
-0.00023299436877942688038
0.00019808636598660321198
-0.00016882657184398808696
0.00014385794790721297697
-0.00012224450010876988952
0.00010332304251993263899
-0.000086614142083011796562
0.000071766683635002115264
-0.00005852250200417810677
0.000046693632627009861344
-0.000036148069927910561984
0.000026801991332931587088
-0.000018618129163085919382
0.000011612513490592092954
-5.8788141547643152792e-6
1.6738271480114408466e-6
0.0011608524115978514627
0.0027050313031522237304
0.0042271072015536292433
0.005766761898024454507
0.0072405886892713666861
0.0087604510650946006843
0.010161923444895627329
0.011648665102527934673
0.012954949087201644749
0.014395859833968285987
0.015584874493602943032
0.016968487225727454574
0.018018692485754186943
0.019335410791781218086
0.020225534931873058122
0.021468371004754564755
0.022176930530620324131
0.023342508675827458787
0.023846910571692830945
0.024937019416683604287
0.025211831919712574265
0.026236137718838587972
0.026249580566052398699
0.02723101071641966111
0.026937160395171972967
0.027924289465303451455
0.027243086038604647833
0.028344949491808127799
0.027097272374938470312
0.028618528056067880033
0.026196213363996367761
0.029715961466177479982
0.013467440466428621427
-0.002371661771300920603
0.0012619572936652220651
-0.00083881503041906347789
0.00061643257725634753623
-0.00047886744412871122517
0.00038484552192771732392
-0.00031609823401950256215
0.00026332588283281050069
-0.00022130755231545703944
0.00018689242292128003141
-0.00015807089468759671203
0.0001335047572452108986
-0.00011227228492908034193
0.000093721997956040191193
-0.000077384971334225783992
0.000062920489727137213019
-0.000050081748219729498388
0.000038694410447120769282
-0.000028644314731460886799
0.000019873122890433538504
-0.000012383778256782120013
6.2653141576795016892e-6
-1.7832546413716596921e-6
0.0011629506226499676919
0.0026976749222536889052
0.0042415920320137808993
0.0057436470925983702111
0.0072736567967444013374
0.0087162033480916338386
0.010218526805213714739
0.011578547950280526337
0.013039746149298755656
0.014295185588224570716
0.015702677223424133284
0.016832226362564195627
0.018174846881661636689
0.01915778946286626611
0.020426373856222057348
0.021242337447992379683
0.022430425012705574511
0.023058915472464491916
0.024163721641926180805
0.024583240080454707278
0.025607170542681945859
0.025793508120320109185
0.026746816275183267938
0.026669594294455626753
0.02757566618852508715
0.027190658054883779307
0.0280981869256255814
0.027327636833797142304
0.028344862580641232328
0.027013600198686572104
0.028441263487173589122
0.025952095418523651301
0.029344491139203398503
0.013255344631002690992
-0.0023263433274983792176
0.0012334087252861693843
-0.00081672676335231418654
0.00059776300233961554582
-0.00046232753123386426432
0.00036977525916232098778
-0.00030211811004314024822
0.00025020043334356938904
-0.00020888322877163908323
0.00017506617561287723803
-0.00014677307856009627411
0.00012268939626935770284
-0.00010191146601686236952
0.000083802819290637215145
-0.000067908290816038882776
0.000053901201879992277805
-0.000041550705429865592316
0.000030702594056005542497
-0.00002127079280210642659
0.00001324069303408866885
-6.6940427582694821558e-6
1.9045302635687759946e-6
0.0011609538876804992472
0.0027046746738509895193
0.0042278124462843528928
0.0057656294042717518364
0.0072422222449852899643
0.0087582426864745991245
0.010164783577437679231
0.011645070404396447028
0.012959369693578595398
0.01439051057764649263
0.01559126985964507814
0.016960909554727344658
0.018027612411150360207
0.019324958486066176066
0.020237748305567819809
0.021454118162368443025
0.022193566055660179006
0.023323061607201058445
0.023869713019347531452
0.024910160573164099354
0.025243667622217644162
0.026198090771264105597
0.026295535144036337428
0.027174749082249994664
0.027007241944450220623
0.027835024051549640643
0.027360168004476093311
0.028185183624069513768
0.027327763815646399139
0.028257125844386086807
0.026846460882650295205
0.028176065628167163288
0.025627776465905017725
0.028882310928975779641
0.013002277287935349961
-0.0022738265442738262418
0.0012010323558896686883
-0.00079209116446281411973
0.00057721574388137011299
-0.00044432187352404775748
0.00035351931017851723928
-0.00028715633029855433747
0.00023624995396289469285
-0.00019575940205827481677
0.00016264498899014794797
-0.00013497076883796773295
0.00011145092678820621287
-0.000091204022140689855976
0.000073612481191400336986
-0.000058239065434133985001
0.000044776255999296676225
-0.000033016293498244545668
0.000022836244160566828855
-0.000014197892207339932416
7.1720679862075239192e-6
-2.0396142995514458755e-6
0.001162855193727301027
0.00269801019239456985
0.0042409294076007997281
0.0057447102541779645039
0.0072721249459308135622
0.0087182713660513537849
0.010215852941736723723
0.011581901891118801426
0.013035631106190907183
0.014300151917539132485
0.015696757583150797072
0.01683921636719764846
0.018166650513054819255
0.019167352076724627331
0.02041525488951476629
0.021255241405038378267
0.022415457842960909157
0.023076288637674615164
0.024143514477058588941
0.024606823546911304713
0.025579512347306212154
0.025826157271499346037
0.026707948613591179429
0.026716365852270154078
0.027518609181291954416
0.027261483768159664652
0.028008279075634767757
0.027445169532346764898
0.028185007768126182585
0.02724346912463376098
0.028082008314766852765
0.026596372807417641386
0.027823752844522529838
0.025224259869129245911
0.028330848948754968398
0.01270902065444962014
-0.0022142732887166457778
0.0011649273558013119838
-0.00076498307050754421785
0.00055485266051810560142
-0.00042490423915772126281
0.00033612596344797747292
-0.00027125735265904834108
0.00022151629564196216317
-0.00018197638789283568457
0.00014966874227865424274
-0.00012270469025201341998
0.000099832561617084038181
-0.000080197899854434935256
0.000063206886094073035176
-0.000048445979199888420339
0.000035634690755526660136
-0.000024600529758609750047
0.000015273345888764717566
-7.7080250797754354382e-6
2.190894925029042204e-6
0.0011610439651040613516
0.0027043582986709029072
0.0042284373929336169283
0.0057646274743178881914
0.007243664390693693798
0.0087562982664221493437
0.010167293742019771626
0.011641927551540556346
0.012963217563577299167
0.014385878004953730869
0.015596776365915650372
0.01695442778365146853
0.018035185968077299148
0.019316157598653325748
0.020247935947807732441
0.021442354200377889986
0.022207134248769953703
0.023307411993680153735
0.023887785330232193052
0.024889239772029630962
0.025267975960475807457
0.026169701273769693861
0.026328914892458532618
0.027135162229935093227
0.027054704993507589472
0.027777328577982296498
0.027431538691435149045
0.028094891341298224014
0.027445403912052231749
0.028097656302122577365
0.027075016476356448446
0.027820048566354981703
0.026264111194575003271
0.027385412421862284691
0.024742794023125610041
0.02769180915717719847
0.01237648117076189473
-0.0021478670577774390056
0.001125204186711021061
-0.0007354846256755457199
0.00053074081100519819285
-0.00040413231003246251553
0.00031764659680238924053
-0.00025446822590530893885
0.00020604369007068964191
-0.00016757698473197095746
0.00013618029190417486394
-0.00011001958237033071566
0.000087883365666850632902
-0.000068949967789333158564
0.000052655914341639897165
-0.000038620119370458171931
0.00002660250735058552038
-0.000016489354926275600096
8.3125685357809479768e-6
-2.3613092590006048168e-6
0.0011627698413233072296
0.0026983098896642130615
0.0042403376993937800052
0.0057456582106222437523
0.0072707617873769705708
0.0087201071024453115442
0.010213486486435477996
0.011584859795101766304
0.013032016787557478146
0.014304493511998470656
0.015691610153064849997
0.01684525795866655838
0.018159614208634056275
0.019175498879099723307
0.020405862814825936997
0.021266037290014566053
0.022403069679418391595
0.023090495567665010775
0.024127213494157426174
0.024625557269474660648
0.025557923663028126078
0.025851134987751869512
0.026678895258364041803
0.026750393917519055906
0.027478404100299315068
0.027309513412882643903
0.027950101348893635967
0.027516886911471003246
0.028094587736373054267
0.027360875361618261093
0.027923394770576237029
0.026822930477396322711
0.027472052937851650468
0.025850705805604641252
0.026862397131352478799
0.024184868546879284157
0.026967166065616040474
0.01200568669840006453
-0.002074812385324798468
0.0010819842107549813307
-0.00070368495964015049936
0.00050495217035213927061
-0.00038206743590175989516
0.00029813548925928214696
-0.00023683850057853468714
0.00018987883092436270115
-0.00015260684284194623965
0.00012222631988706802413
-0.000096965842429824809028
0.000075661223180908568997
-0.000057531231417363564725
0.000042052580421829354764
-0.000028891432306327356177
0.00001787391894606128229
-8.9989868641101385846e-6
2.554506951114348312e-6
0.0011611251621384470846
0.0027040732652103735859
0.004228999889064158599
0.0057637269238658399738
0.0072449582307118105188
0.0087545578098302161281
0.010169534374099058876
0.011639131326534799
0.012966628090851062567
0.014381789764792888462
0.015601611930744076563
0.016948767393218277981
0.018041758550512371283
0.019308573211075614103
0.020256646933404377994
0.021432382966086665782
0.022218522926182935953
0.023294419075473146783
0.023902606842324980043
0.024872317161093436246
0.025287334678046498329
0.026147489157651010574
0.026354507784675725392
0.027105511167506784052
0.027089300412420237135
0.02773660485485973952
0.027480011525655483685
0.028036385882164014408
0.027517271742028868183
0.028007362574590637879
0.027191851241435208832
0.027662756303243063021
0.026487995178748941583
0.027039092886864610408
0.02535743788686347016
0.026256320948692878914
0.023552209747865802725
0.026159158600139539076
0.011597783343250474191
-0.0019953341750627273649
0.0010353992486943693335
-0.00066967982138027746667
0.00047756330807200749034
-0.00035877436426269915358
0.00027764963800507748102
-0.00021842020269502779505
0.00017307112460413403126
-0.00013711519357307743382
0.00010785887929931524068
-0.000083602462498251294564
0.000063238179127441354842
-0.000046036449636676396368
0.000031530648122149517601
-0.000019462650335971678328
9.7840519283605280261e-6
-2.7750745583626097665e-6
0.0011626922759593109576
0.0026985821093095290784
0.0042398007229134051836
0.0057465173641510476185
0.0072695284456630553189
0.0087217644624667774202
0.010211355490147070419
0.011587515297076049718
0.013028783400286224385
0.014308361882955641307
0.015687044722395296322
0.016850588893142502871
0.018153441356686503764
0.019182599933427170733
0.020397735091246426122
0.021275305191768557656
0.02239252945195084836
0.023102463495786026249
0.024113633325351398965
0.024640971177595938939
0.025540407174977626899
0.025871084295805326613
0.026656102123227080188
0.026776549858757632363
0.027448219351684299652
0.027344597434787358011
0.027908956230254445029
0.027565682065444196855
0.028035906224343560374
0.027432700721076167269
0.027833477314066874138
0.026938861509091382389
0.027316539707131795096
0.026071251887756330349
0.026522501471632371369
0.024785836382681228737
0.025569053929921328445
0.022846775379862537258
0.025270283133423656077
0.011154031913173070803
-0.0019096769577816995176
0.00098559108198137477236
-0.00063357116198271626613
0.00044865502374670776931
-0.00033432094987306566789
0.00025624860529346398415
-0.0001992679381834835291
0.00015567326172532057618
-0.0001211562475561153599
0.00009313824276749613691
-0.00007000243937620110211
0.000050710482306653331255
-0.000034602957063715358216
0.000021301504707670699052
-0.000010689213138385420458
3.0288483813057001493e-6
0.0011611995834292949985
0.0027038121384134928217
0.0042295147754458777274
0.0057629035984912442618
0.0072461392242743241314
0.0087529723289302908169
0.010171570575927333677
0.011636597427565725703
0.012969708521392395211
0.01437811106391164152
0.01560594461122170189
0.016943719898177687444
0.018047588129356388941
0.019301886313855618408
0.020264276184400182512
0.021423714282017239922
0.022228342952060655314
0.02328331746043787069
0.023915143113736563389
0.024858164545884983177
0.025303321557454209992
0.02612940372099088482
0.026375016165800650785
0.027082176466005957318
0.027115970323449211172
0.027705947282883750886
0.027515508703652931083
0.027994913111945401615
0.027566272129061464731
0.027948652499274303424
0.027263446006870737622
0.027573459347862571554
0.026602697460465900501
0.02688580664519722358
0.025573996269586023138
0.025923868948757741097
0.024137673447035182015
0.024802716244895295267
0.022070748720911392134
0.024303285702723408708
0.010675804021166771628
-0.0018181040698457085261
0.00093271089049626995739
-0.00059546665645643020301
0.00041831193444776134648
-0.00030877785506656402692
0.00023399444597580376622
-0.00017943926120834147677
0.0001377424056862437812
-0.00010479187633340371766
0.000078138295559517116903
-0.000056263177958021471016
0.000038218634794619288591
-0.00002345076257957571315
0.000011742309695998103037
-3.3233586262467162774e-6
0.0011626205380103255055
0.0026988337680130247492
0.0042393046937724814932
0.005747310099178790386
0.0072683921564829420703
0.0087232885476392942368
0.010209400270484615776
0.011589945301905007285
0.013025833649530952655
0.014311878564504184819
0.015682910789913886075
0.016855394500009648064
0.018147904470791442298
0.019188934126478094058
0.020390529670148853317
0.021283465427600212028
0.022383318973702379279
0.023112834192370561638
0.024101974471793145946
0.024654068451929139797
0.025525693244018830728
0.025887628501086116395
0.026637468778648651718
0.026797589798466191272
0.027424378406894800244
0.027371736510746194857
0.027877882251181522281
0.027601521612299000453
0.027994194612487258731
0.027481794555498144907
0.027774880354024761265
0.027010044104481477379
0.027228099827992937466
0.026184409802004038516
0.026371877871341222403
0.024997774783658355251
0.025245037467643266376
0.023414959296120132003
0.023959671364063069773
0.021226532005928842834
0.023261153429606192949
0.01016457784618612947
-0.0017208967471892040363
0.00087691861298445445821
-0.00055547915003347757736
0.00038662200938284736345
-0.00028221826909067326348
0.00021095182160610091494
-0.00015899557715056567664
0.00011934260510525679526
-0.000088096867022261982765
0.000062957185958641746572
-0.000042527740913789322277
0.000025990982304169706739
-0.000012980080273107553452
3.6684729307174306851e-6
0.0011612690809539353822
0.002703568387181102896
0.0042299950479078882518
0.005762136441270272207
0.007247238103368750461
0.0087514996702633651157
0.010173457894035100899
0.011634254626005580946
0.012972548475566274813
0.01437473063654348484
0.015609911269706158411
0.016939117995098658545
0.018052878441062651982
0.019295849263303297
0.020271124654947345283
0.021415981947656660802
0.022237041068081904372
0.023273560065754047085
0.023926067487090679658
0.024845947979258919029
0.025316977278356716328
0.026114134661309460723
0.026392107156837164348
0.027063010981966302698
0.027137519755582720257
0.027681629779226590172
0.02754307798986338761
0.027963473049167683473
0.027602389638918685937
0.027906784117853983216
0.027312528699771541343
0.027515109368482097125
0.026673294988372690705
0.026798450465754534698
0.025685306122324807731
0.025776328473780798904
0.024344380521892590024
0.024488094827290201446
0.022619936461827557565
0.023042518383989878745
0.020316739259643006994
0.022147105154840313677
0.0096219335648119156217
-0.0016183531246649806891
0.00081838220958511146076
-0.00051372600809403413038
0.00035367605256115297523
-0.00025471771449311891593
0.00018718852885327104155
-0.00013800415523166295297
0.00010054974101728294165
-0.000071169639405244749997
0.000047739672323661164528
-0.000029032158564055068192
0.000014451934496769249312
-4.0773502108178835556e-6
0.0011625528464508243053
0.0026990711413323939744
0.0042388371436439424687
0.0057480565736077729303
0.0072673235840568020204
0.0087247194547935683917
0.010207568211154741734
0.011592216956299018085
0.013023083510399199014
0.014315147243080316537
0.01567908166777232932
0.016859828516982332266
0.01814281781138239187
0.019194725308809480771
0.020383976989480744343
0.021290842808718463318
0.022375046107619127023
0.023122082558943565101
0.02409165932661827974
0.024665555450910290378
0.025512912318994074929
0.025901846510466226451
0.02662164414964177459
0.02681522389661246438
0.02740468944904857775
0.027393780724597302053
0.027853110248512415135
0.027629490071448295544
0.02796243054509073962
0.027518134243420119454
0.027732928204282774511
0.027059020697886107805
0.027170120334158804116
0.026254260723148903774
0.026285819219765411042
0.02510694786743734386
0.025100982048538282854
0.023615848549306711226
0.023655367234617641418
0.021755073534009643711
0.022054083458415588765
0.019344188592865428368
0.02096458129617694571
0.009049548468078796509
-0.0015107871229787533344
0.00075727679336828944843
-0.00047032834070197980073
0.00031956715263895648884
-0.00022635410340251007759
0.00016277695128114218402
-0.00011654253916034595383
0.000081462036217951724866
-0.000054155467911274468929
0.000032728288189305193274
-0.000016225784961280074718
4.5678914089926040586e-6
0.0011613354028200972538
0.0027033358570632289207
0.0042304529158932967546
0.0057614057553763823313
0.0072482834521535599671
0.0087501008997695367055
0.010175247208589386632
0.011632038299851818492
0.012975228382247066951
0.014371549832576474073
0.015613631637497948732
0.016934817446630872952
0.018057802369795322528
0.019290255477727109431
0.020277438837560763904
0.021408891850952355812
0.022244968653590583659
0.023264726059658276234
0.023935885786195282584
0.024835056620368281244
0.025329043796807803762
0.026100774471329508655
0.026406899876500046767
0.027046621439987105251
0.027155702515154418764
0.027661416440768998892
0.027565612199948984725
0.027938258311001351354
0.02763073692677095925
0.027874726998825057571
0.027349046392248167666
0.027473134278009917589
0.02672208337573772218
0.026740951255078513468
0.025754263743128153309
0.025691764729182697904
0.024451146982464049975
0.02434790367217682594
0.022814450902745721773
0.022749410956545936065
0.02082305852555842374
0.020997410267507693081
0.018311894053700307365
0.019717232925032110118
0.0084491917789029403239
-0.0013985271920719625716
0.00069378357708586641557
-0.00042541006453545222064
0.00028439017337659086183
-0.00019720844103779217407
0.00013779763272581933696
-0.000094708445084459920858
0.000062223745317949197823
-0.000037301457014408044068
0.00001839736872429568624
-5.1650119842582027427e-6
0.0011624874441637407351
0.0026993004104465739411
0.0042383858278508065625
0.0057487764997075989562
0.0072662942002178712306
0.0087260959101498387773
0.01020580890763618418
0.011594393978716035552
0.013020454100717507826
0.014318264094206767369
0.015675441400081554731
0.016864029619330585773
0.018138016474679599368
0.01920016884188218684
0.020377846088006967509
0.021297710202243774587
0.022367388279973317733
0.023130590611372914529
0.024082234168439869778
0.024675973201541053968
0.02550141601248664631
0.025914520148887651
0.026607678641509974698
0.026830615340607243157
0.02738771360526576024
0.027412530207372186463
0.027832358641026632096
0.027652522963341368199
0.027936770854318065632
0.027546854533088729416
0.027700593894883509328
0.027095687941132904355
0.02712816670436471765
0.026302796048497418885
0.026228891832556602381
0.02517488504935360013
0.02501808925540824113
0.023719962481964408796
0.023519391449750961386
0.021942691498273543367
0.021773002673540253122
0.019826792074611546693
0.019875749394900619298
0.017223057175344350128
0.018408910034804298337
0.007822719186827611967
-0.0012819148555501101015
0.00062808854652794704836
-0.00037909676528227329004
0.00024824151405811580014
-0.00016736718582086215559
0.00011234798978843082974
-0.000072643234448848683648
0.000043083566668974935066
-0.000021105734740228668601
5.9043247560860126322e-6
0.0011614003645309928286
0.0027031081664078009038
0.0042309010036812718558
0.0057606912581943830544
0.0072493045470596577638
0.0087487364048766858659
0.010176989877256057713
0.011629883819686719933
0.012977827837456048674
0.014368472171482200004
0.015617221283887546718
0.016930681028211761981
0.018062521817536211417
0.019284914782932188303
0.020283441494812641343
0.021402183412073541099
0.022252430496227858248
0.023256458567019155916
0.023945016777998126328
0.024824997495495433501
0.02534010391705665849
0.026088630482004671569
0.026420222845998789747
0.027032009332166545012
0.027171732553330792453
0.027643816411956803045
0.027584963613504163052
0.02791693673388168847
0.027654295682607208358
0.027848600935089254084
0.027378153795526499485
0.027440517926845087744
0.026758893256358825401
0.02669904104142864876
0.025802504618701633744
0.025635476034070422049
0.024517962753435189422
0.024266829726604651024
0.022915697386203092381
0.022617966244304739966
0.02100330136783924881
0.020729128185435839821
0.018769380844846689173
0.018692546362215127763
0.01608105845487042681
0.017043648927288535424
0.0071720671184556854325
-0.0011613029550580021603
0.00056038071333414875673
-0.00033151436522885144381
0.00021121982704803491456
-0.00013692899418512123208
0.000086564473214174339715
-0.00005059281559221580473
0.000024560189270429129317
-6.8383502814797380705e-6
0.0011624223950695641433
0.0026995283759552264068
0.0042379373107650751774
0.0057494914231358253966
0.0072652729820628009509
0.0087274597608749471836
0.010204068304100683667
0.011596544102395637811
0.013017862412205199683
0.01432132917448237989
0.015671870880439079292
0.016868138254702998549
0.018133336015667520947
0.019205456281197473698
0.020371914613757228885
0.021304325162764683865
0.022360047417833520043
0.023138703412425083561
0.024073298993961634703
0.024685786507142771851
0.025490662375644347439
0.025926284127357232714
0.026594824811277451548
0.02684465014128353875
0.027372392446306963355
0.027429260776297845824
0.027814073563403578071
0.027672535428030569132
0.027914822741835542721
0.027570992175019477222
0.027673953196827173111
0.027125224443291267494
0.027095234514154818843
0.026339771724792014206
0.026187015717692200843
0.025222822673027577753
0.024962472049177690306
0.023785591709165849676
0.023440246164866125674
0.022040896784963712425
0.021646358873583401175
0.019999234966144438304
0.01962096881777386086
0.017654131766906775544
0.017451427833569403315
0.014889449179535933504
0.015625658548914025838
0.006499246764597988048
-0.0010370534036358472217
0.00049084970496262067234
-0.00028278780617930903242
0.0001734298027235203474
-0.00010602390302127112479
0.000060684044998593207458
-0.000029089866376715097278
8.0474940620392422604e-6
0.0011614661064193493691
0.0027028778020566574094
0.0042313541372349349134
0.0057599692150200637498
0.0072503354862605048911
0.0087473603186618124648
0.010178744949344658611
0.011627717486905173615
0.012980436749899168355
0.014365389838761517419
0.015620807804370197522
0.016926559257497262627
0.01806721055066359529
0.019279626366209771443
0.020289363704467513677
0.021395591498410621549
0.022259730289945557913
0.023248409922261724044
0.023953858656599928415
0.02481531385992092808
0.025350682844222114126
0.026077096663550877133
0.026432778508280384265
0.027018355930424839993
0.027186570517391611447
0.027627693633552813908
0.027602488077548066057
0.027897872977679658667
0.027675062451336112763
0.027825934192664473953
0.027402960302360128861
0.027413275914592345894
0.026788940761017681108
0.02666571775242785825
0.025839712310344572477
0.025593579967670081758
0.024565634831329783059
0.024211868363952362948
0.022980125570720293565
0.022540806163628883367
0.021098348422206964065
0.020607493424620168357
0.018933668925068065513
0.018451884264120568618
0.016484548338404126414
0.016156185008675867943
0.013651944398218282304
0.014159305404984201855
0.0058063378906413292343
-0.0009095340714710767612
0.00041968231718806133327
-0.00023304080132670545953
0.00013499598028964146333
-0.000074871890379504302856
0.000035241445162381031896
-9.6605816805111390748e-6
0.0011623552344411225687
0.0026997636848007769967
0.0042374745466484524761
0.0057502285913985221591
0.0072642208619929501499
0.0087288634290881380169
0.010202279112411784586
0.011598751015149157842
0.013015206762814307599
0.014324463852962807349
0.015668227222740443651
0.016872320836967631338
0.018128584251056486158
0.019210808112009507444
0.020365930883083176696
0.021310973922998571982
0.022352698821163734157
0.023146788759070393042
0.024064437383891753356
0.024695467069456876273
0.025480116316453047499
0.025937746898011964315
0.026582388459925398326
0.026858123800473983861
0.027357809409019525016
0.027445035456998793701
0.027797012445351608917
0.027690993279025478214
0.027894838528107474842
0.027592656719108958005
0.027650423393356774094
0.027150844298748725736
0.027067247782610014033
0.026370471135249599673
0.026153164738330067452
0.025260392327569641496
0.02492043578157444853
0.023833104715479234091
0.023385853524422823678
0.022104183833007050846
0.021571162822710187036
0.02009108850109880148
0.019504464005575899029
0.017810005977920785143
0.017225389282653436669
0.015264331448806820016
0.014810752126752385941
0.012372418692261811973
0.01264909621300465652
0.0050954824706006431587
-0.00077911402308899531955
0.0003470576043974232457
-0.0001824012102359282675
0.000096112469510875262593
-0.000043989507404684552721
0.000011896052212826776343
0.0011615356019146169685
0.0027026343374040291634
0.00423183285272541509
0.0057592068403258681687
0.0072514231994647265076
0.0087459098006543362455
0.010180592882551339307
0.011625439532181797114
0.012983175922011538186
0.014362159214569715559
0.015624559519026970711
0.016922257094650779285
0.018072092527832970097
0.01927413492162776854
0.020295494837093241284
0.021388789596073570871
0.022267235221477549752
0.023240168173406173279
0.02396287293637069674
0.024805488953459497942
0.025361359388761055396
0.026065523922970330281
0.026445296304288445992
0.027004839005612833531
0.027201146972767119076
0.027611989543043481172
0.027619397322856268693
0.027879669487277872569
0.027694663591228962604
0.027804814151847991949
0.027425742950054512969
0.027388658407254889128
0.026815602106141906843
0.026636755700896528706
0.02587129535781624984
0.025558970151079257341
0.024603794775299534139
0.024169469343573607001
0.023027692311823625472
0.022486784633400156873
0.021160669067513024134
0.020534120769481655962
0.01902241830968192073
0.018340499259985574772
0.016631889834506987523
0.015945118618213205639
0.013997390130682865202
0.013419175369825579447
0.01105490849795870531
0.011099656289461315938
0.0043688782278502366262
-0.00064615539765005948443
0.00027314103207572951434
-0.00013103274086797626882
0.000057245344568178391935
-0.000015152225122856000101
0.0011622821762121384455
0.0027000196080330578851
0.0042369714152405246558
0.0057510296623604441173
0.0072630782907280303419
0.0087303865185424133345
0.010200339620619126138
0.011601140536553170128
0.013012335237673206668
0.014327848152436543714
0.01566430022397398677
0.016876819916726519418
0.018123483982069891251
0.019216538658036485252
0.020359540744416288306
0.021318053450922127085
0.022344899359157824466
0.023155339738192291776
0.024055101944187448534
0.02470562163871419921
0.025469105802750080672
0.025949652807919326159
0.02656954448484777907
0.026871952420522846162
0.027342944815742226677
0.027460993121832295533
0.027779897582184070541
0.027709338061399050489
0.027875180543253245951
0.027613724253940838772
0.027627833679430572392
0.027175089292784548752
0.027041188402541694404
0.026398537429527338255
0.026122855468097123218
0.025293238212713628703
0.024884682145941335591
0.023872243668905662074
0.02334270205950539544
0.022152191181776942176
0.021517133627463045552
0.020152805907566620152
0.019432578209265837482
0.017895944304866790438
0.01711890161326475128
0.015403244403370731857
0.01461476679533327298
0.012687875230501130254
0.011985560469455409074
0.0097036304424260162011
0.0095156984151414700513
0.0036287723195053679519
-0.00051099804631936501952
0.00019808658695381378848
-0.000079305064960337395844
0.000020229428498818635758
0.001161613995870757422
0.0027023597439277601258
0.0042323726149248211804
0.00575834761777671965
0.0072526483915853568514
0.0087442771080719168054
0.010182671124394183156
0.01162288025013754072
0.012986249807059947163
0.014358538629476544698
0.015628757796853871772
0.016917450937093537672
0.018077536206218009497
0.019268024390175032425
0.020302301471033103261
0.021381257468719973739
0.022275522605311619237
0.023231095153422275743
0.023972762854701536023
0.024794749696406079063
0.025372981937878781166
0.026052982230419602972
0.026458795338561027911
0.026990341554813462199
0.027216687423069339523
0.027595357240943933654
0.027637175524711143986
0.027860685003445124998
0.027714922487181165832
0.027783203192127063407
0.027448795396506743299
0.027364060392166540835
0.026841868184271709286
0.026608675705873970353
0.025901365102248969883
0.02552669583969537571
0.02463853994146529831
0.024131917889671597709
0.023068480255021742383
0.022442197059300757687
0.02120981103728548523
0.020479384408417545746
0.019084230303927894571
0.018269414924401795908
0.01671567343405591046
0.015842927964151371035
0.014128372051979489314
0.013237967386764194971
0.011340271180739847229
0.010513966280539730765
0.0083230429473521957641
0.0079019664862839563014
0.0028774560850958455434
-0.00037392867240750067987
0.00012212499025546990693
-0.000028971801248977686965
0.0011621956186523368385
0.0027003227776361207187
0.0042363755484364979207
0.0057519780407219059061
0.007261726258825093703
0.0087321877556771693032
0.010198047578915492703
0.011603962035466979711
0.013008947896334252164
0.014331835946818741618
0.015659678761331434885
0.016882107174669169185
0.018117499628951109489
0.019223250810922519306
0.020352070467601542076
0.021326312002449685587
0.022335822348690232076
0.023165265638585402962
0.024044296249859248072
0.024717338749873193846
0.025456444660266102352
0.025963291895677641936
0.026554891885584905732
0.026887656159550878469
0.027326149765131618715
0.027478922771471329267
0.027760786243764733935
0.02772968281319340885
0.027853544999141964712
0.027636714884881287037
0.027603415174771255649
0.027201018943826601484
0.027013651296571250408
0.026427794639100427551
0.026091744824815281607
0.025326362092617637842
0.024849350896823381406
0.023910021610043496226
0.023302177581958658657
0.022195844725495717279
0.021469852877975400244
0.020204378083404047375
0.019375804037194285613
0.017959210752982316646
0.017047239296803174109
0.015486256354525392458
0.014515513319646797007
0.012812215271251904401
0.011818002621180572426
0.0099596574663813588265
0.0090081363443256263862
0.0069180449282434184507
0.0062630974620300477929
0.0021172657908269719154
-0.00023513460153801402591
0.000046628609741748736159
0.0011617139511073902388
0.00270200966548990995
0.0042330606194146859955
0.0057572527313649924917
0.007254209030219902986
0.0087421983857510927329
0.010185315602032232137
0.011619625857111459737
0.012990155534339770203
0.014353942336634582897
0.015634082119614553209
0.016911362551784907443
0.01808442353405973267
0.019260304150394732662
0.020310887899900632018
0.021371772061498954607
0.022285939490397747382
0.02321971438234537396
0.023985140032988228016
0.024781343260311735225
0.0253874510457394496
0.026037416215364405762
0.026475493607275758636
0.026972474245263834317
0.027235762381590448949
0.027575033760581461083
0.027658791188086271928
0.027837730083455565747
0.027739267901357128244
0.027757410968108876466
0.027476096947434122388
0.027335179400638084986
0.026872408079193934477
0.026576385867920128209
0.025935510368414914785
0.025490571468319598974
0.024676790255021311337
0.024091364935547208772
0.02311155162145022669
0.022396339501331244754
0.021258793174490819539
0.020426841203233825561
0.019140911104805246933
0.018207813584236573428
0.016783294427580891374
0.015767680710538707937
0.014213715652503385213
0.013138474235482486884
0.011461173405874051494
0.010356922805816280797
0.00855258521298016009
0.0074706155058540154647
0.0054947305140313250805
0.0046031315987614012491
0.0013506305615038344403
-0.000095183696014724539123
0.001162069571148211185
0.0027007642256032294726
0.0042355080290705986171
0.0057533584848646871602
0.0072597588171161106147
0.0087348079488625103818
0.010194714840608294102
0.011608062588928433908
0.013004027822064236747
0.014337624367942711637
0.015652975531457255276
0.016889769716915610303
0.018108834896249416508
0.019232959269836060155
0.020341277839200652774
0.021338228379254256168
0.022322743293669748982
0.023179545862052782353
0.024028776597392387484
0.024734136078078337953
0.0254383311961433144
0.02598276041357493578
0.026534028671100679248
0.026909954735547792325
0.027302373805568914203
0.027504219876199081494
0.027733922051232207822
0.02775816273229349819
0.027823397411598877814
0.02766858610819166544
0.027569759454853426683
0.027236525968402704934
0.026976218919669205377
0.026467235258340668232
0.026050202219798424237
0.025370113836055267134
0.024803266159716679858
0.023958584207862311137
0.023250965510067664075
0.022249912408047994748
0.021412678151524927651
0.020264971872553442688
0.019311396276674831159
0.018027943877092813389
0.016973500412753549997
0.015565936223846392156
0.014428554477016827945
0.012908466154358284356
0.011709226714773558082
0.010086627767465351825
0.0088517019742260481848
0.0071311891163026997684
0.0058984066176846986595
0.0040645981833723453469
0.0029225451325628721792
0.00058096384394330387528
0.0011619276878866077506
0.0027012611230076688807
0.0042345315816539438308
0.0057549121701916910869
0.0072575446390107359039
0.0087377564557004732525
0.010190964941201286317
0.011612675781282658469
0.012998493529195976096
0.014344134236911370865
0.015645438373655223934
0.016898383557805880648
0.018099096936157593018
0.019243867129623831243
0.02032915569237225894
0.021351608042333543256
0.022308063826346141607
0.023195566686500948381
0.02401137339680012906
0.02475296234152378946
0.02541804130889924028
0.026004554575870699922
0.026510689262005381984
0.026934880932857242854
0.027275818435444710531
0.027532447950881212898
0.027703976251622561609
0.027789873153257197923
0.027789873153257197923
0.027703976251622561609
0.027532447950881212898
0.027275818435444710531
0.026934880932857242854
0.026510689262005381984
0.026004554575870699922
0.02541804130889924028
0.02475296234152378946
0.02401137339680012906
0.023195566686500948381
0.022308063826346141607
0.021351608042333543256
0.02032915569237225894
0.019243867129623831243
0.018099096936157593018
0.016898383557805880648
0.015645438373655223934
0.014344134236911370865
0.012998493529195976096
0.011612675781282658469
0.010190964941201286317
0.0087377564557004732525
0.0072575446390107359039
0.0057549121701916910869
0.0042345315816539438308
0.0027012611230076688807
0.0011619276878866077506
0.00045282809926720782342
0.0023843869594651263918
0.005853142229919244455
0.010849145429871808312
0.017357049047254908187
0.025356760219018682177
0.034823559876251849726
0.045728189789672254577
0.058036945836086229605
0.071711783118625682299
0.086710433928559174164
0.10298653855306675098
0.1204897886474355489
0.13916608277490595824
0.15895769365276477225
0.17980344659649655287
0.20163890861466833995
0.22439658757223269062
0.2480061408078091429
0.27239459256077021053
0.29748655953645436094
0.32320448391252273952
0.34946887306638966547
0.37619854528283139801
0.40331088068236237088
0.43072207659481187899
0.45834740658878231278
0.48610148235636228145
0.51389851764363771855
0.54165259341121768722
0.56927792340518812101
0.59668911931763762912
0.62380145471716860199
0.65053112693361033453
0.67679551608747726048
0.70251344046354563906
0.72760540743922978947
0.7519938591921908571
0.77560341242776730938
0.79836109138533166005
0.82019655340350344713
0.84104230634723522775
0.86083391722509404176
0.8795102113525644511
0.89701346144693324902
0.91328956607144082584
0.9282882168813743177
0.94196305416391377039
0.95427181021032774542
0.96517644012374815027
0.97464323978098131782
0.98264295095274509181
0.98915085457012819169
0.99414685777008075554
0.99761561304053487361
0.99954717190073279218