0.0013182643198744848379
-0.00050129265209750379152
0.00038382634186348067887
-0.00032271946808936199348
0.00028257062499918320778
-0.00025302724354229657484
0.00022973278033471550403
-0.0002104790305382168434
0.00019400971603782172516
-0.00017955131469582049247
0.00016659941457801325616
-0.00015481057449205087567
0.00014394306789988727642
-0.00013382233635967141744
0.00012431981855197308488
-0.00011533943280989009485
0.00010680864530427710498
-0.000098672394981190938728
0.000090888859125658647334
-0.000083426440640991111726
0.000076261588458311895501
-0.00006937720084350149873
0.000062761447234945119977
-0.000056406899303184705423
0.000050309898560200138195
-0.000044470113480578455109
0.000038890258505612435647
-0.000033575964008404686766
0.000028535803628299182023
-0.00002378150768441068194
0.000019328426216516785074
-0.000015196368527248089831
0.000011411076583364268476
-8.0068948509928043352e-6
5.0320344000384542518e-6
-2.5607012377091670213e-6
7.3117706941615016225e-7
0.0028525097135681768642
0.0030596950250768891316
-0.0008325540178109499527
0.00058515233074807117208
-0.00047649746187258931334
0.00041119632926525483894
-0.00036541779469031275099
0.0003302801307168150224
-0.00030166909373676124216
0.0002773950739635973884
-0.00025617540923308832838
0.00023720460487479733685
-0.00021994984598105765563
0.00020404448958938011314
-0.00018922850495376957946
0.00017531320622174055703
-0.0001621593656912009199
0.00014966309020975062434
-0.00013774640404050857207
0.00012635079537634882469
-0.00011543269261717397339
0.00010496023618823654011
-0.00009491094598839787162
0.000085270027069421474895
-0.000076029146176393711462
0.000067185571326228832063
-0.000058741608725583431741
0.000050704304614112121156
-0.000043085410952596028037
0.000035901650918633791751
-0.000029175375003150161904
0.000022935795594060085146
-0.000017221185899168164603
0.000012082890393694972752
-7.5932549430466397036e-6
3.8639191489010414586e-6
-1.103273707955777989e-6
0.0025307241764271735155
0.0066520588696251527056
0.0047822611222709915109
-0.0011429236389851822297
0.00075924429821321173672
-0.00060042550725524001498
0.00050932468971730042257
-0.00044763784116231954591
0.00040146570612599661955
-0.00036454156656648883302
0.00033361601372561406643
-0.00030683110478672996652
0.00028304544161616962086
-0.00026151870491177473249
0.00024175025726832253579
-0.00022339046394612659144
0.00020618906873480102596
-0.00018996367218512335826
0.00017457970067374524012
-0.00015993724278034082595
0.00014596215161516710022
-0.00013259989003578989925
0.00011981119657639066619
-0.00010756899834511392701
0.000095856207060066544782
-0.000084664166210763267247
0.000073991604733401091444
-0.000063844015772982987051
0.000054233432014766053958
-0.000045178624379443975614
0.000036705825578614904401
-0.000028850205985602603391
0.000021658580865799384154
-0.00001519440998408625258
9.5477375395423915116e-6
-4.858171433839947773e-6
1.3871161018496571268e-6
0.0027022674873394663608
0.005842733151926366506
0.010409110280391082065
0.0064715092476397333807
-0.0014411792026129132945
0.00092096577493424445172
-0.00071125599950045191273
0.00059390789550476367719
-0.00051615017376042533844
0.00045899233536225731063
-0.00041395034623520362156
0.00037666827134232537524
-0.00034468085914136057032
0.00031648912051165615712
-0.00029113053193395321438
0.00026796043700520917445
-0.00024653270458074144355
0.00022653072646293334769
-0.00020772558384920773191
0.00018994965887910332155
-0.0001730794241818383368
0.00015702390101661310018
-0.00014171674195391638211
0.00012711070772385595633
-0.00011317377821290747557
0.00009988642054111288439
-0.000087239715412139287001
0.000075234162981306202465
-0.000063879080123554250807
0.000053192584081531970698
-0.000043202257038051201278
0.000033946742050679596331
-0.000025478821928731202418
0.000017871220728001664412
-0.00001122823646883352786
5.7127260753929076291e-6
-1.6310266108172836949e-6
0.0025906279675055743348
0.0062990404831450299891
0.0091171136100175391794
0.014092264754066683581
0.0081154099618803702668
-0.0017276342660574673897
0.0010731635098454124896
-0.00081302809677712139769
0.00066954839297575268874
-0.00057578344101051316936
0.0005077266152217636846
-0.0004546929420439142759
0.00041121921090604269651
-0.00037422752353301920622
0.00034185538815947887576
-0.0003129128172477643081
0.00028660679836440255714
-0.00026239124297178036028
0.00023988047104154668962
-0.00021879692443805479977
0.00019893829990062956301
-0.0001801561971073575703
0.00016234186354527265067
-0.00014541646866383962429
0.0001293243667662281484
-0.00011402840191455784232
0.000099506666491275354981
-0.000085750353387949581986
0.000072762500512143861554
-0.000060557555375366107294
0.000049161822718869161071
-0.000038615049666469318013
0.000028973754754337132696
-0.000020317695902641154193
0.00001276300146568019065
-6.4927806566903584015e-6
1.8536112386020338655e-6
0.0026709074290809525948
0.0059897174658576557436
0.0098604687500516380665
0.012328733561137246062
0.017675870574052742282
0.0097024006254836361222
-0.0020011016994253970068
0.0012162124328283268342
-0.00090687467806963034776
0.00073780529641753825283
-0.00062834056013903951868
0.00054960434140122113636
-0.00048876738898844682016
0.00043928292487201259066
-0.00039747055158794673079
0.00036110844726166580478
-0.00032878060877336216517
0.0002995458730823873111
-0.00027275785918052721782
0.00024796128135724562345
-0.00022482937845468089394
0.00020312465349902128333
-0.00018267342592102134164
0.00016334889226107004384
-0.00014505961746084792384
0.00012774161485796354508
-0.00011135288939425824616
0.000095869754170528552409
-0.000081284514122100306294
0.000067604319109425860269
-0.000054851179568325890721
0.000043063376881431254874
-0.000032298909397605858333
0.000022642505044699994647
-0.000014220111473450914451
7.232904760807893507e-6
-2.0647292556151434227e-6
0.0026095400184289998345
0.0062190276061274905787
0.0093474605202524936246
0.013353210085596067729
0.015454695063996432946
0.02113503029343370589
0.011221341165609291664
-0.002260019654649665978
0.0013497560628225724196
-0.00099299605126985529221
0.00079920362585017593403
-0.00067455074053555092463
0.00058548563510781747982
-0.00051711659390505084302
0.00046185209927013102715
-0.00041542914394159561536
0.00037527730467751718642
-0.0003397605599182495069
0.00030779303319516927539
-0.00027863006007317266427
0.00025174795030831858807
-0.00022677148883818229988
0.00020342849673535406847
-0.00018152042607711409883
0.00016090283538477870679
-0.00014147218000275741459
0.00012315679070562520745
-0.00010591075180412242499
0.000089709906800968209916
-0.000074549569570568934637
0.000060443801972052138049
-0.000047426427117577423501
0.000035554426155373423575
-0.000024915364555309497351
0.000015643125009285728582
-7.9551765189597242062e-6
2.2706710601269880333e-6
0.0026584427388155079899
0.0060395771896186732062
0.0097335945079668654945
0.012639463794069105103
0.016751928602688638696
0.018472833402148973506
0.024445628470235363943
0.012661574413706150401
-0.0025027515795001049255
0.0014731909316880612133
-0.0010712414261403594341
0.0008538552372305912251
-0.00071469599539353808142
0.00061576814981076978334
-0.00054021823038401582016
0.00047945971406637189375
-0.0004286737795463180126
0.00038495677802108646248
-0.00034646192894745389643
0.00031196444499431953196
-0.00028062515006219017558
0.00025185449917003512561
-0.00022523063426361217341
0.00020044807139853641725
-0.00017728454467706322132
0.00015557905078247204047
-0.00013521707115617453976
0.00011612058452571704931
-0.000098241443397103367419
0.000081557296223518246698
-0.00006606967874351534326
0.000051804314896467462168
-0.000038814240007022701782
0.000027187479893247125215
-0.000017063911000958837601
8.6757064420740916587e-6
-2.4760201242621753435e-6
0.0026182772916348216275
0.0061852585738788764175
0.009427512735556109919
0.01318138796205122512
0.015843061352308563305
0.020032708431994203921
0.021361823377795001226
0.027584533409442572517
0.014012996999568729452
-0.0027276953495937248127
0.0015858404991809453038
-0.0011413239801122765766
0.00090169588437256130352
-0.00074885712654811913618
0.00064063357340212728967
-0.00055832654039997145422
0.00049241301210941035638
-0.00043755055781246548686
0.00039052126550996064734
-0.00034927936435864903629
0.00031246878958068330072
-0.00027916101055422345733
0.00024870426364996118887
-0.00022063274460033925772
0.00019460979863640343026
-0.00017039127754225233579
0.0001478013602562009607
-0.00012671639575396499116
0.00010705415547955782538
-0.000088766974411013405024
0.000071837985134775889941
-0.000056280246166089343907
0.000042139274098592275823
-0.000029500759742046874434
0.000018508419966087537582
-9.407567670863597881e-6
2.6844886759976769303e-6
0.0026520332964777281954
0.0060637934859877828855
0.0096787183807271997032
0.012748445718025899555
0.016536903976438711126
0.018935888502482713462
0.023172582319088870662
0.024101299041697821947
0.030529784345864019321
0.015266129130806496533
-0.0029333338145550046457
0.0016870301382866862425
-0.0012029141625431324065
0.00094258996643272999388
-0.00077702454661054023959
0.00066016068901751786244
-0.00057158500109026131671
0.00050090401284331146144
-0.00044228841430380838793
0.0003922279437989370453
-0.0003484916574097156671
0.00030960134372876315388
-0.00027454542214863598773
0.00024261446910835408002
-0.00021330221420036614533
0.00018624367521558258023
-0.00016117534998079410993
0.00013790908054030529675
-0.00011631478145388042069
0.000096309248358738876625
-0.00007784951043692908696
0.000060930099232034908502
-0.000045584526775358439125
0.000031892733075960599068
-0.000019999749242567999608
0.0000101623474587749746
-2.899359423624334481e-6
0.0026231469893929759088
0.0061671483973616478834
0.0094673115862143556383
0.013106243817966541379
0.01597976190156163652
0.019776257789765542573
0.021896250586379313591
0.026149583977318358958
0.026671976605690739883
0.033260759340517908625
0.016412180718187812371
-0.0031182633710982195525
0.0017761245560641152564
-0.0012556854579965224239
0.00097638219503114632517
-0.00079915357261239502176
0.00067438249582959659328
-0.00058008393433669404506
0.00050506664730105296431
-0.00044305510497237459118
0.00039027113988687547234
-0.00034431419934973763426
0.00030359433905213927434
-0.00026702423339844300609
0.00023384218982375892376
-0.00020350569679261769339
0.00017562501297039587613
-0.00014992058323992288389
0.00012619529685699259567
-0.00010431648528888149562
0.000084204798198319792633
-0.000065828567346384610976
0.00004920354012565185138
-0.000034399610554218691216
0.000021560034023928121731
-0.000010951098520594784973
3.1237555239584826896e-6
0.0026482284583531200968
0.0060777820095430021856
0.0096486440680300759863
0.012803272096984239861
0.016442365859108251169
0.019099094262785970708
0.022876628040408467733
0.024703353972355665605
0.028942881346636288671
0.029055777538094956912
0.035758327540892608491
0.017443112888925086221
-0.0032812127951684434594
0.0018525488783925608385
-0.0012993391658792215693
0.0010029253831678000179
-0.00081519427879955811705
0.00068331727622737071238
-0.00058389210444575474595
0.00050500836299477314212
-0.00043998843164778258485
0.00038481290188106138345
-0.00033692871206648433488
0.00029464574128324297677
-0.00025680914172094739723
0.00022261114510441549889
-0.000191477994450278294
0.00016299957546237491707
-0.00013688453868049257874
0.00011293143266571092969
-0.000091010567171262395153
0.000071053849836923918886
-0.000053051725040559972511
0.000037058516926520800781
-0.000023211805891383713403
0.000011785015647885239675
-3.3608315370954708622e-6
0.002626188721958362693
0.0061560612935860612273
0.0094907635393099039583
0.013064566148018228728
0.016048972273950056904
0.019663208836663873686
0.022084680832971713371
0.025816246433276175727
0.027337476551792559784
0.031532920250981971753
0.031235948034519832893
0.0380049876875286057
0.018351694312122043181
-0.003421057004678834565
0.0019158017517241552635
-0.0013336189299497071637
0.0010220964448055072354
-0.00082510862603322517798
0.000686986468163742539
-0.00058307498989705467867
0.00050082851695881084219
-0.0004332145445053421564
0.00037600106010667354847
-0.00032650097288605960432
0.00028293659689880591745
-0.00024409467451664778755
0.00020912838965442264985
-0.00017743861087086756132
0.00014860025880974145971
-0.00012231576096741823163
0.000098385771888856937751
-0.000076691911888205614488
0.000057189283807722736172
-0.000039909402360270103665
0.000024979132964792043522
-0.000012675995815988306746
3.6139303042231005324e-6
0.002645749700968427503
0.0060867573649855976853
0.0096298933520331570222
0.012835961719035543233
0.016389563437592425973
0.019182022725264720152
0.022745989755267182606
0.024915623379702973061
0.028574497995379690643
0.029780113311442683656
0.03390156295026723146
0.033197172040892355897
0.039984993416502872797
0.019131551892632309471
-0.0035368277199663558195
0.0019654640880251354512
-0.0013583197835864018885
0.0010338060815667819236
-0.00082888073224584790304
0.00068542536539303321355
-0.00057770575246635161891
0.0004926294762236279711
-0.00042285907040065679712
0.00036398031825534547341
-0.00031319184562977946795
0.00026864202947508368508
-0.00022906923595458660153
0.00019359557631268529603
-0.0001616035126393386039
0.00013265981695263565049
-0.00010646823848735887529
0.000082840974079902621042
-0.000061684188770408050177
0.000042996936428651834978
-0.000026888725056621191412
0.000013637172722666320812
-3.886731362068833123e-6
0.0026282420140919392682
0.0061486652287753023777
0.0095060654380715429621
0.01303828235755321544
0.016090542510679528207
0.019599794248654857663
0.022180633308968367816
0.025669002030948239176
0.027572077907646014609
0.031132047301213886472
0.032014107785259638526
0.036032217224319494949
0.034925675872796535529
0.041684465260483637004
0.019777215459382345192
-0.0036277219112461650654
0.002001205153047955105
-0.0013732939914042290705
0.0010380048231546860644
-0.00082652318422522554585
0.00067868966619062756014
-0.00056787196356272962946
0.00048052346918669291013
-0.00040905405845707860566
0.00034889929425519838903
-0.00029716446039463672716
0.0002519386598065663432
-0.00021192295120618330984
0.00017621753211236431419
-0.00014419494199432776942
0.00011542274843304636892
-0.000089616799976487103537
0.000066615584956906508304
-0.000046372615395918122539
0.00002897113744737119659
-0.000014683490194180835609
4.1834087677020836857e-6
0.0026440245325036393192
0.0060929455216486036426
0.009617189534426796175
0.012857527709504918062
0.016356012008577018268
0.019232074379678044462
0.022672500723716254948
0.025023865248150642951
0.028411705294513722654
0.030035412434630276324
0.033470967229246964562
0.034023772315742479782
0.037909954319061371873
0.036409323033553162739
0.043091488976088847251
0.020284156127116257627
-0.0036931084556166600922
0.0020227868455012023857
-0.0013784548469325856019
0.001034686799038043324
-0.00081808091037712258075
0.00066685947458321690121
-0.00055367973438682528863
0.00046463684903378358973
-0.00039194240285398011778
0.00033091516583492598366
-0.00027858920174705922514
0.00023301014165021848662
-0.00019285408664664272747
0.00015721011328665251717
-0.00012545161982285398604
0.000097159416088572262485
-0.000072077999574507690066
0.000050097308518101292135
-0.000031262197695661238852
0.000015832372344380051353
-4.5088140670782885168e-6
0.0026297097494010718919
0.0061434184571577379479
0.009516768907550730872
0.013020283870613435005
0.016118177560409438854
0.019559287632467558406
0.022238742587285444595
0.025586005759145297745
0.027691825620032887178
0.030954843729260456703
0.032288345894805430858
0.035574862085788076853
0.035794997574505403095
0.039521614822171555389
0.037637698184863947239
0.044196199733973951294
0.020648818059109312723
-0.0037325332111143399948
0.0020300666111184872097
-0.0013737790463047175308
0.0010238919889236653314
-0.00080363345074767650468
0.00065004164983607330894
-0.00053525618514064953092
0.000445112733315351001
-0.00037168073548246577075
0.0003101969545463099769
-0.00025764761100592415472
0.00021205205054927293153
-0.00017207552556754628742
0.00013680926579263743168
-0.00010564210967917682022
0.000078186841309344843673
-0.000054244513703523899876
0.000033804797978947717862
-0.000017104554571644657349
4.868701479850265294e-6
0.0026427617376617915933
0.0060974469174051238866
0.0096080543451409745883
0.012872769765516553038
0.016332858780127590269
0.019265534217181303286
0.022625376006279410406
0.025089585064016717837
0.028319802970538351357
0.030165829778780422688
0.033280569450313967872
0.034315073156377234062
0.037428981610061521349
0.037315351010386790693
0.040855901772814632542
0.038602179459356593296
0.044990851708456936974
0.020868643406465696813
-0.0037457226119625912727
0.0020229992337772862606
-0.0013593079831808303744
0.0010057073747233246346
-0.00078329610498459605855
0.00062837102973739156836
-0.00051275081792423099287
0.00042211262677668035118
-0.00034844145396961292747
0.00028692820717278131133
-0.00023453612146406136365
0.0001892773266470357209
-0.00014982300967903702579
0.00011528395231435469039
-0.000085085872887321324353
0.000058904690165019067337
-0.000036651240008953574204
0.000018525157217825881989
-5.2700167370280953857e-6
0.0026308073608012167016
0.0061395151657543805126
0.0095246558460415687437
0.013007209701644916179
0.016137862232275738382
0.019531169058198715162
0.022277758458150870339
0.025532619488787359103
0.027764684203554514191
0.030854672689483898215
0.032428543970594574482
0.035372561944491109201
0.036101377769031676106
0.039020324031847375697
0.03857416367743286004
0.041903460417470463957
0.039295998478237028212
0.045469872651395393411
0.020942090248284726199
-0.0037325858384639997845
0.0020016376399815972331
-0.0013351481632379487023
0.0009802672413318303435
-0.0007572202465827567545
0.00060201085521241025591
-0.00048633616664093675805
0.00039581746578105026051
-0.00032241442787090514972
0.00026130979558294471333
-0.00020947066137505830126
0.00016492387306771298997
-0.00012636780723144291713
0.000092957691485002151439
-0.000064191206365449417123
0.000039866398500414278067
-0.000020125115600602249402
5.721278947752974242e-6
0.0026417986564859977712
0.0061008648929359523812
0.009601173484550936596
0.012884113805114447694
0.016315905796648061858
0.019289517298652917554
0.022592505340897620354
0.025133871500765265081
0.028260530120601520268
0.030245330054440211754
0.033172802890345237669
0.034464113151073492091
0.037216139442168317355
0.037634732755527227375
0.040337727023749286442
0.03956260487950919062
0.04265694410139945582
0.039714287579154107365
0.045629903108532043671
0.020868643406465696813
-0.0036932155902383115279
0.0019661327948759219591
-0.0013014708540499421583
0.00094775277487782824998
-0.00072559298581743498704
0.00057115262147293838007
-0.00045620801393834312984
0.000366428482832570377
-0.00029380897140089245242
0.00023356376339558296494
-0.00018269367506082707757
0.00013926703378596895818
-0.0001020388563668497358
0.000070248729762913723545
-0.000043532100598991566524
0.000021943132748654376514
-6.2330979128219174359e-6
0.0026316599382691194106
0.0061364946047254229205
0.0095307174465630353039
0.012997263008982990661
0.01615263308245139569
0.019510443360646449065
0.022305873065425945897
0.025495224352979847089
0.027813941948588185973
0.03078990587261891722
0.032514164481829314765
0.035257906513332638213
0.036258275890928735361
0.038798359970405268474
0.038904389268928617075
0.04137194570498019176
0.040273744129294960114
0.043111065859236111157
0.039854113885450965189
0.045469820024045733621
0.020648818059109312723
-0.0036278874797414360394
0.001916732733900743145
-0.0012585110369069364462
0.00090839104973868326731
-0.00068863630793790441066
0.00053601554157019388357
-0.00042258546764746363732
0.00033416837910457172627
-0.0002628569317329969434
0.00020393974393313873398
-0.00015448638150028616156
0.00011264236335130167947
-0.000077265375333968243478
0.000047753336991252149753
-0.000024028407003959684757
6.8188903478977840022e-6
0.0026410374538160479644
0.0061035576778093982118
0.0095957844422376442606
0.012892921186761365469
0.016302897923335248224
0.019307641834878699982
0.022568133951041437315
0.025165938714125648285
0.028218848085784101632
0.030299248119962774579
0.033102950638122683967
0.034555310612015246459
0.03709533102709806648
0.037798466936230835353
0.040108110653151515672
0.039901452779649298354
0.042115717028595748026
0.040702600013893350302
0.043262635343502038
0.03971449996743019124
0.044990744573835285538
0.020284156127116257627
-0.003537058057324156867
0.0018537807517114562038
-0.0012065656948172855105
0.00086245346210769266076
-0.00064660579287133982016
0.00049684582698271674123
-0.00038571129537626375
0.00029928357926165785049
-0.0002298183924976716192
0.00017272687128922778261
-0.00012519208481627773445
0.000085490785774548699319
-0.000052667289884813153208
0.000026444528505174620579
-7.4958927546696432924e-6
0.0026323452309812675922
0.0061340735403479590988
0.0095355511070946118252
0.012989391110675384884
0.016164204338803834025
0.019494418050943759348
0.02232725958278553696
0.025467343769406628571
0.02784977646702509459
0.030744181212819176375
0.032572422776569058399
0.03518339023824480917
0.036354489329988887973
0.038672157843721697549
0.039073907449577997473
0.041136184217795244884
0.040618946452027997885
0.042563809997156619172
0.040846175673414766334
0.043110580804335622697
0.039296430965170670341
0.04419603416547868032
0.019777215459382345192
-0.0034213614752190180613
0.0017777127514475508329
-0.0011459914464693225066
0.00081025365111598621609
-0.00059978903960089340624
0.00045391609149144429496
-0.00034585320353593837456
0.00026204902225021551253
-0.00019499299768758541816
0.00014027741308121232669
-0.000095263862273748678781
0.000058456806470440059621
-0.000029275178621524114574
8.2866256570304076269e-6
0.002640415371111038509
0.0061057528774311119423
0.0095914109695986042132
0.012900021558850814926
0.016292504112531148584
0.019321960276887369623
0.022549150569705942204
0.025190489010459665151
0.028187597511776797508
0.030338662685300307769
0.033053430672330211344
0.034617583748375088757
0.03701658046987386583
0.03789912346700927347
0.039977289989165347181
0.040075682778008887284
0.041875341870684977065
0.041051861447538360413
0.042713061228815300302
0.040703480731364611703
0.042655955901805027334
0.038602848166207379804
0.043091258638731046203
0.019131551892632309471
-0.0032816047922587864343
0.0016890537369578165452
-0.0010772015138916067175
0.00075214495017030940967
-0.00054850399624223173896
0.00040752544770932774082
-0.00030330742404859927708
0.00022277852570255209295
-0.00015874351383168543931
0.00010705677624392352841
-0.000065371107491174000456
0.000032632685168180577867
-9.2210612194578271354e-6
0.0026329147094447465753
0.0061320660459697665699
0.0095395431115771909782
0.012982927897639736865
0.016173630639953017797
0.019481493162855477859
0.022344296559329726391
0.025445464588379719034
0.027877393740327717445
0.030709696872483860627
0.032615233046721202092
0.03513032045236682023
0.036420452027345280445
0.038589604758150678547
0.039178429858658016835
0.041001526798737857411
0.040796807601259814603
0.042320361802828448305
0.04119719402840570986
0.042562395438964618804
0.04027553967341311821
0.041901931184182222419
0.03763862916704053512
0.041684160789943453508
0.018351694312122043181
-0.0031187619096784332574
0.0015884134018557918492
-0.0010006619893689786871
0.00068851744734489912045
-0.00049309760586387492463
0.00035800149824686995772
-0.00025840758569660144122
0.00018184764981068362922
-0.00012154765273876196636
0.000073758705232079063483
-0.000036671243432282964163
0.000010339917790606982871
0.0026398894712860651467
0.0061076050345058930235
0.0095877340504333667352
0.012905959978352945961
0.016283871648801300506
0.019333747401130348326
0.022533692898389845724
0.025210217394746589872
0.028162878537817951483
0.030369258686150618148
0.033015839430825903036
0.034663614632745756944
0.03696019776596503376
0.037968458043981375966
0.039891359630831174718
0.040183499352351453871
0.04173762454986640803
0.041232278449936620484
0.042468072601015207144
0.041053969536704022914
0.042112830397018183563
0.039565386871064715237
0.040853770084643911953
0.036410554906872058104
0.039984601419412529822
0.017443112888925086221
-0.0029339661045169837488
0.001476480723518036153
-0.00091688734749882976627
0.00061979485505663519698
-0.00043394570918988440382
0.00030570698818130153691
-0.00021154593534751063585
0.00013974639829522689995
-0.000084121823488092964594
0.000041608040610776077576
-0.000011699818604150420934
0.0026334048842250111932
0.0061303411486743730481
0.0095429622105180549
0.012977418105833685453
0.016181616383635088682
0.019470629818313656855
0.022358477533020263536
0.025427465312701182298
0.027899798702280466309
0.030682178844852915949
0.032648736423405228866
0.035089731474642790136
0.036469546434420327439
0.038530128018663061949
0.039250836579712551109
0.040912626453582252889
0.040907364978331749973
0.042180341917903768217
0.041379113849268399434
0.042317370747268087671
0.040623253622389028852
0.041367465826844910277
0.038578048723733544058
0.039518789243261141367
0.034927264068179971106
0.038004489148948391995
0.016412180718187812371
-0.0027285010789049155596
0.0013540173934467190213
-0.00082643514990605815577
0.00054643174483926973761
-0.00037145653879827032816
0.00025105802219910401326
-0.00016322532268707461801
0.00009721065832762738342
-0.000047758347207869620294
0.000013381650355993767097
0.0026394279991725940103
0.0061092277026950032886
0.0095845219937845510214
0.012911125762203506162
0.016276404450536098973
0.019343871151735237336
0.022520531841655512416
0.025226839579053561925
0.028142308780591339325
0.030394349181072687769
0.032985536786356418852
0.034699982102634589862
0.036916690838444452508
0.038020489316156264863
0.039828976340913326371
0.040258710910503752101
0.041646127775628341113
0.041345058869132456581
0.042326468910873260786
0.041236382800088082165
0.041869221119308886762
0.039908151565214997392
0.040331455465375230623
0.037320513818831888949
0.037906302786787218769
0.0331991956395634862
0.035757695250930629388
0.015266129130806496533
-0.0025037903467265604164
0.0012218497857144788548
-0.00072989998787028733337
0.00046891274848455878297
-0.00030608405267797059272
0.00019457277725356720658
-0.00011419613618521668146
0.00005559656416599537767
-0.000015504656728758519554
0.0026338441510729719989
0.006128797617824641861
0.0095460138245758954842
0.012972519255021513636
0.016188680649662148258
0.019461081497133361588
0.022370844346083807439
0.025411915801823314207
0.027918939843657901079
0.030658974657366958057
0.032676560076119423781
0.035056617055392424778
0.036508778825607682932
0.038483736529864958201
0.039305726655114729195
0.040847473264786738712
0.040985167328637942145
0.042086566177290042662
0.041493659231059491751
0.042174837370743859113
0.040805223106109215089
0.041126638794632486709
0.038913797345362563094
0.039011960911812738079
0.035801692739871525059
0.036027549757962449019
0.031238520937194679438
0.033259953611206717878
0.014012996999568729452
-0.0022613845820302717152
0.0010808589534235821027
-0.0006279071810269316768
0.0003877585714521772288
-0.00023836946677175835879
0.00013700950898587310277
-0.00006586852372509815432
0.000018251348114148048326
0.0026390046598732318512
0.0061107143437117041715
0.0095815861555429418594
0.012915831015386219636
0.016269634163767763235
0.019352996936070804782
0.022508752009962098672
0.025241591531188782555
0.028124235442534562272
0.030416137677087276016
0.032959578507531799282
0.034730646727067700402
0.036880673168921149584
0.038062655713866082526
0.039779661553028302557
0.040316457755062480129
0.041578261268280815621
0.041425322367937074094
0.042230642425516906295
0.041352330034910307164
0.041726309897764943458
0.040088852540166143361
0.040094649149148706204
0.03764733563545384916
0.037418084619637624444
0.034032370540619581217
0.033895602862515984176
0.029059067329924931852
0.03052874557863756383
0.012661574413706150401
-0.0020029461390167806148
0.00093196784881829873809
-0.00052110867892789816261
0.00030355470121036165815
-0.00016907226342488247271
0.000079812860535105056909
-0.000021914099066538314046
0.0026342579686888426878
0.0061273452266727379874
0.0095488791195326972932
0.012967933859834776259
0.01619526549760536711
0.019452227678084849668
0.022382238529246531191
0.025397698396982869737
0.027936284092336490694
0.03063816901341711549
0.032701204645669999535
0.035027697957852929857
0.036542485788859307656
0.038444624211341733042
0.039351002422029336315
0.040795083743070697555
0.041045888167910306858
0.04201591687300456629
0.041576387463374283123
0.042077047372849643133
0.040922358813541108259
0.04098374139817411087
0.039092578819494559356
0.038780220379169669786
0.036117902989136268882
0.035560776518385723367
0.032025157810525448808
0.031525254312882848358
0.026676237936314886485
0.02758316848206196678
0.011221341165609291664
-0.0017302290424664336451
0.00077612485976430758723
-0.00041019159031660096775
0.0002170617242894893972
-0.000099637555973712315563
0.000026988621319969841337
0.0026385933690045848193
0.0061121571453929703696
0.0095787423560154339362
0.012920375990234766767
0.016263118833158346392
0.01936173787408584099
0.022497533510786909219
0.025255544508302874942
0.028107278513259559211
0.030436388507442464513
0.032935714325769882988
0.034758484162992208897
0.036848448241704934286
0.038099754893003548899
0.039737104344685711725
0.040365187600733493972
0.04152246549667330634
0.041489325531574148003
0.042156938355749979616
0.041437740939849006315
0.041626416726991987611
0.04020720380697084945
0.039951901470352637114
0.037823820860392606352
0.037192156013232533182
0.034336621436448951306
0.033452701996514664261
0.029794452965195454813
0.028932868677207089252
0.024106936394583973968
0.024443784030643980336
0.0097024006254836361222
-0.0014450506502920017487
0.00061428493414222069926
-0.00029594650550965504473
0.00012967258429612251957
-0.000034378789331982918983
0.002634675028510367642
0.0061258828308104686216
0.0095517592430763028311
0.012963336191182107916
0.016201846169006403401
0.019443416300633741562
0.022393520508499714168
0.025383706382787666909
0.027953231498625315043
0.030618008615000942647
0.032724854769884349387
0.035000254179764730285
0.036574064257477858214
0.038408520253928458567
0.039392089055219417733
0.040748468451339872825
0.041098697818317995883
0.041956083737369448426
0.041644300025527905709
0.041999678055903173986
0.041011029319854222888
0.040881225071480279563
0.039212575530605211508
0.038637331308797638149
0.036292169413338043666
0.035340918719894086718
0.032316634821153861057
0.031108041702623506235
0.027356445606161706216
0.0261361769241894222
0.021369518821373170839
0.021132435517024739634
0.0081154099618803702668
-0.0011492462587872168193
0.0004474086345244438423
-0.00017965043299125172591
0.000045900672243395341035
0.0026381596663597869596
0.0061136773240783853555
0.0095757504810108165496
0.012925147274551465097
0.016256298745689471736
0.019370854508916592648
0.02248588458825663453
0.025269956243330768831
0.028089873079261013155
0.030457024098631686863
0.032911601151787764029
0.034786339357309059558
0.036816562402456993838
0.038135993077540762987
0.039696147660718606766
0.040411288353215902155
0.041470715542400463782
0.041547337154052290305
0.04209190608041866013
0.041510756086468460278
0.041544168822799366889
0.04030035181722730608
0.039845561450698643598
0.037946614664752962786
0.037048069483385446933
0.034509557506507847067
0.033238311782610828364
0.030073265926250735755
0.028542144172897884243
0.024729240931907537125
0.023153938330719035241
0.018483835476033027793
0.017671999126373653828
0.0064715092476397333807
-0.00084458803584909904331
0.00027665689822741175716
-0.000065738847590496684956
0.0026351415236471200187
0.0061242482215876182109
0.0095549745070024406302
0.012958212905263553014
0.016209161342894941149
0.019433651456952874848
0.022405976505639968424
0.025368327451791744778
0.02797176056712269285
0.030596102277385976053
0.032750369831642223651
0.03497088994406093571
0.036607532417184019818
0.03837067278360973287
0.039434619722188299717
0.040700912144268305154
0.041151673966603458345
0.041897224055711734452
0.041709600795895707158
0.041927250485116516984
0.04109144704948382442
0.040791702718178641846
0.039312680661496367848
0.038524622490176393675
0.036420343182627916741
0.035193056882636902409
0.032490745422650010676
0.030896799828179481899
0.027624528293011462285
0.025770786668574620348
0.021933357641501282906
0.020005226758222512259
0.015471575625547528797
0.014085942134264648991
0.0047822611222709915109
-0.00053266881947137444245
0.0001058044633217961604
0.0026376319134569254539
0.0061155261310048772217
0.0095721154994850296615
0.012930935604885771789
0.016248041109659908698
0.019381865455373212159
0.022471857706221733491
0.02528724717649366701
0.028069079410090054932
0.030481553956998880944
0.032883103045101208174
0.03481904020652394361
0.036779417770420480074
0.038177833758195197468
0.039649341864753088255
0.040463352018044278715
0.041413068810835799419
0.041610936017555044801
0.042021926900609960971
0.041587623722721643002
0.041459795483909826366
0.040392999048010774698
0.039743659423718459963
0.03805905929567523883
0.036923338470225144018
0.034649021172975375106
0.03308053684560871307
0.030254863187649395677
0.028327663092874220146
0.02499286869669548578
0.02280810012590889608
0.018993604921702017406
0.016707317385633329847
0.012357866164531395589
0.010397076262352932974
0.0030596950250768891316
-0.00021598107381920718839
0.0026357974626795535257
0.0061219507513914874302
0.0095594902101419445675
0.012951025390130459566
0.016219408847177376265
0.019419997619494520334
0.022423353905002066544
0.025346930335096711484
0.027997458195509159722
0.030565834225621397752
0.032785471177870012306
0.034930695891330750898
0.036653078725683886224
0.038319510684567803648
0.039491669471529745264
0.040637689455076016754
0.04122137452976031355
0.041820713253572384738
0.041793291637443793751
0.041835959207912584565
0.041190827472914348341
0.04068365168704240535
0.039430111100212717299
0.03839692612162429036
0.036559445556344199086
0.035041036352342223318
0.032657762021797611486
0.030711809576308813558
0.027831984283099637179
0.025533627857950517645
0.022212949550883867825
0.019657828494509568819
0.015948249298761557326
0.013265737963368828755
0.0091806959026785023429
0.0066206827022512820547
0.0013182643198744848379
0.0026365286397489696759
0.0061193900501537782632
0.0095645222445419830218
0.012943018495279466761
0.016230819923760740534
0.019404801250967272244
0.022442682331218583329
0.025323148827412300802
0.028025993999137458904
0.030532258261612993065
0.032824361436375624742
0.034886225777850172443
0.036703388624244086362
0.038263103785264618943
0.039554430918764690384
0.040568312254232515255
0.041297636118218625446
0.041737286812931393626
0.041884180496569452399
0.041737286812931393626
0.041297636118218625446
0.040568312254232515255
0.039554430918764690384
0.038263103785264618943
0.036703388624244086362
0.034886225777850172443
0.032824361436375624742
0.030532258261612993065
0.028025993999137458904
0.025323148827412300802
0.022442682331218583329
0.019404801250967272244
0.016230819923760740534
0.012943018495279466761
0.0095645222445419830218
0.0061193900501537782632
0.0026365286397489696759
0.0010277087610431755296
0.005407018392840406658
0.013253484971757127836
0.024513828368952589336
0.039109281293768128666
0.056937518922256960527
0.077873506329722016006
0.1017703997450488533
0.12846058300901736873
0.15775684543452032128
0.18945369579553775843
0.22332880406920910938
0.25914456109839722293
0.29664974534083694495
0.33558128505814650025
0.3756661036043171206
0.41662303488007401152
0.45816479552261504903
0.5
0.54183520447738495097
0.58337696511992598848
0.6243338963956828794
0.66441871494185349975
0.70335025465916305505
0.74085543890160277707
0.77667119593079089062
0.81054630420446224157
0.84224315456547967872
0.87153941699098263127
0.8982296002549511467
0.92212649367027798399
0.94306248107774303947
0.96089071870623187133
0.97548617163104741066
0.98674651502824287216
0.99459298160715959334
0.99897229123895682447