0.0036569988245680501712
-0.0013833915461385562388
0.0010492334519012956095
-0.00087003255720499387954
0.00074783654637583721951
-0.00065416015369607099056
0.00057713069371802418464
-0.00051082256948112865217
0.00045194418339988838407
-0.00039854031498788537984
0.0003494022395201357268
-0.00030377002169247646575
0.0002611703453134382539
-0.00022132321160962167471
0.00018408651946625599508
-0.00014942330771856855734
0.00011738424604282811431
-0.000088102652551606962412
0.000061803629800160441909
-0.000038836447894528401965
0.000019762104706921848795
-5.6427430370447831509e-6
0.0079131480265774047379
0.0084437253962035386983
-0.0022759276403928156493
0.0015776031092103351477
-0.0012611647523493613999
0.0010631977849198615991
-0.00091814008510759915464
0.00080174364746911113395
-0.00070292953037318275778
0.00061593406215876073926
-0.00053749984943613646619
0.00046569135156145050667
-0.00039933312179519809365
0.00033771935206422261929
-0.00028045434788700988393
0.00022736230762968890542
-0.00017843791661228910319
0.00013382538468339559582
-0.000093824181220092248818
0.000058933121757382177717
-0.000029980054305782304352
8.5590175299516385858e-6
0.0070204959637609132054
0.018357413108713485706
0.013073333788170821485
-0.0030815569626309150544
0.0020097426421698952607
-0.001552749500443226829
0.0012800520775369006273
-0.0010870176158810699342
0.00093591519421223178394
-0.00080993070105606370335
0.00070051907407049283822
-0.00060295217212409770545
0.00051447339062129605072
-0.00043343816060283099167
0.00035887819050176685987
-0.00029026774146485588922
0.00022739632571855631967
-0.0001703053880478346834
0.00011927390338082287279
-0.000074861171604934235669
0.00003806336661507270425
-0.000010863705203426948456
0.0074963397137622136248
0.016124039821104170084
0.028455450451412306032
0.017449117106130122024
-0.003815266578832038523
0.0023821922642891568347
-0.0017881445957381318728
0.0014428974095929461475
-0.0012040490612639087972
0.0010206371001172429588
-0.00087012985353731603391
0.00074116806951666037717
-0.00062751600626057969835
0.00052556661866785893888
-0.00043318684020095449331
0.00034913750855116609735
-0.00027276761894879801139
0.00020385539016179865793
-0.00014254368302112187273
0.000089363120301813253777
-0.000045402046242659232021
0.000012952850287985235697
0.0071867094826032138804
0.017383086343891299307
0.02492378904074408728
0.037996758256923653196
0.021485401554266931854
-0.0044695759740466679622
0.0026989394052393586673
-0.001976312093917178657
0.0015630797166519089402
-0.0012816486779557210619
0.001068659366409478027
-0.00089618465153503570119
0.00075018979836847730871
-0.00062299718942785130228
0.00051018552597642172123
-0.00040915997422687436691
0.00031843985836907743508
-0.00023729226026459853761
0.00016555876634023827086
-0.00010362660331247719648
0.00005259314313739154197
-0.000014995823839213646408
0.0074092935031781208254
0.016529837821145969453
0.026955303157368055929
0.033242405662626238755
0.046796185881548355063
0.025103536110720241233
-0.0050340985522850542326
0.0029579332595727534262
-0.0021188377513665589924
0.0016441628620833509082
-0.0013245275115161613524
0.0010853570869928950306
-0.0008938318064920283015
0.00073348648056518711783
-0.00059533624163865140058
0.00047423141556868444302
-0.00036718377430290058
0.00027254360492352249848
-0.00018959695975920018087
0.00011842268177720110811
-0.0000600186667527456509
0.000017100142701334875045
0.0072392425492470914981
0.017162040897202846193
0.025553939059994221987
0.036003375807237700575
0.040916907140604647378
0.054683158484738882952
0.028233074020134804598
-0.0054988729710051767717
0.0031559926247992203414
-0.0022154065476690722868
0.0016874275210435920869
-0.0013349552252092209823
0.0010736412530514412279
-0.0008664055273079955701
0.0006946742929952338161
-0.0005483432678676801569
0.00042166451506755213772
-0.00031137120739769625805
0.00021578030321838528327
-0.0001344085688084210316
0.000067997728115015914798
-0.00001935463564116941237
0.0073746237428309032102
0.016667748637444581287
0.026607865793975456749
0.034081137243466642646
0.044348849034565629581
0.047797233601972927247
0.061504593273869880813
0.030813094202628106071
-0.0058553704298287061404
0.0032902205284334086031
-0.0022654370231091305687
0.0016935781282079727218
-0.0013144495547133709403
0.0010355801941300281802
-0.00081636541852963173675
0.00063650831705004289227
-0.00048502252781616674072
0.00035574294553785426683
-0.00024530895384262424136
0.00015226430500200095854
-0.000076853025021007780085
0.000021847990366689718051
0.0072635984667662542454
0.017068442950449617473
0.025773557724585543045
0.035538899965778851268
0.041946712292995682963
0.051829055870974983449
0.053749033070212205519
0.067127972654704427175
0.032793376196765592683
-0.006096936608705360364
0.0033585388328770977304
-0.0022686930100081928319
0.0016633922951992698603
-0.00126443313002871677
0.00097304497971305814378
-0.00074592171410375185363
0.00056148852259406452374
-0.0004081722083668006624
0.00027965017755972337838
-0.00017279348476020855436
0.000086956873629112163789
-0.000024681164874565164169
0.0073566941620968785226
0.016735093358336528643
0.02645685882306021637
0.03437651102924153154
0.043777495193531849673
0.048997936470619300916
0.05829849169557438833
0.05865619389609611324
0.071443993987597583775
0.034135374586503792838
-0.0062190321310806423717
0.003359926411472135209
-0.0022255443618162191825
0.0015979976771908028213
-0.0011865186319062444651
0.00088799942393062963541
-0.00065733390369925672224
0.00047218257467823283922
-0.00032076988789046758605
0.00019703555159999409245
-0.00009877903092882704919
0.000027979761681036191859
0.0072772939825203905638
0.017017818909864132501
0.025883601249332928258
0.035334364725999281571
0.042311262230808211449
0.051162185385324757763
0.05509765610897248606
0.063631335566919245589
0.062423051247991289651
0.074368735132019546787
0.034812968213907998344
-0.0062193705616308745264
0.0032945293815213521707
-0.002137080150564370669
0.0014989926191681310519
-0.0010826393617261373775
0.00078264802526856078886
-0.00055309524274659743175
0.0003714916912816957734
-0.00022642697273172499797
0.00011295129641950046839
-0.000031910137780914394836
0.0073459077869170147373
0.016774499495987576928
0.026373094549073367968
0.034526742520978548274
0.043523898351280461139
0.049424424196171921677
0.057548787401995746574
0.060127195786088081091
0.067723832544095556035
0.064976219791486233506
0.075845306989446871214
0.034812968213907998344
-0.0060979859590119611106
0.0031637011455398957154
-0.0020051471616630334464
0.0013684919312971231367
-0.00095511316388427529672
0.00065954087772565225829
-0.0004361305137390375237
0.00026306632700871471178
-0.00013036811745705510447
0.000036703666615709778655
0.0072860178874550641506
0.016986229823335904446
0.025949632024741648878
0.035219004100150711634
0.042498620533855630868
0.050864406125139739188
0.055578148616338979561
0.062812707037162456608
0.063988754716340382545
0.070496293534823804859
0.066266010016343861479
0.075844968558896639059
0.034135374586503792838
-0.0058572415940663984085
0.0029699945091600989029
-0.0018323436553047791335
0.0012091357508211815499
-0.00080669208499798596608
0.00052172318301871250717
-0.00031019124671857339998
0.00015235743407054875408
-0.000042696512960778180138
0.0073386788140106655067
0.016800493918777965233
0.026319461061101851525
0.034618584034700520669
0.04337897531690066437
0.049645583698846417942
0.05721206975437336105
0.060653143425543153999
0.066851185523559902136
0.066607356877808315816
0.07189462943782418952
0.066267397594938898957
0.07436768578171294604
0.032793376196765592683
-0.0055017842494482150325
0.0027171149700574036776
-0.0016219836495345009829
0.0010240908155381807444
-0.00064066575351860722027
0.00037310985175609992489
-0.00018099215804254007647
0.000050399182369846097068
0.0072921496587694106244
0.016964303817428085177
0.025994403271339642012
0.035143543166102868289
0.04261506016299600944
0.050692094749256649207
0.055829639723219566304
0.06244255382378584388
0.064551172199401157186
0.069585198727720956617
0.067932358299608023966
0.071891373450925127256
0.064980528644574177073
0.071442122823359891507
0.030813094202628106071
-0.0050384452336002716161
0.0024098386194675552187
-0.0013780459260317658734
0.00081709696879360140161
-0.00046119821763381377932
0.0002197021549624961098
-0.000060626093694802867748
0.0073333522847772697549
0.016819453064292061482
0.026281076145150064002
0.034682453909041858764
0.043282174315931559965
0.049785407706372930328
0.057014491308137289354
0.060931514112260978327
0.066453157920839180937
0.067197107919956144448
0.07096089165302521767
0.067938508906772404601
0.070486155720676657963
0.062430759768731965025
0.067125061376261388915
0.028233074020134804598
-0.0044760862632984004863
0.0020538959679292163287
-0.0011051415949774565279
0.00059272851634742098319
-0.00027459010479576879612
0.000074755099889008844422
0.0072968975064347654675
0.016947469459159823048
0.026028244894564441862
0.035087831172019444228
0.042698259503610341209
0.050574255995743383046
0.055991916624700924754
0.062221524646894863543
0.064853265912965998249
0.069164580979499613978
0.068540579340823101657
0.07095046393933215804
0.066626586310924234768
0.067705590144897744359
0.058668255145683458717
0.061500246592554663429
0.025103536110720241233
-0.0038253827730144913555
0.0016558285496340052922
-0.00080863558102641295846
0.00035761297126110794337
-0.000095295854042020482899
0.0073289934729753139889
0.016834857649269685855
0.026250294179654120167
0.034732675445920005777
0.043208095368798462245
0.049888632363071405031
0.056875308014496483564
0.061116002879279790422
0.066209749582959036669
0.067520559374639108368
0.070522121079351032389
0.068557277061406518661
0.069552397850963306738
0.064023672676879276426
0.0636025004991733908
0.053767208635030250529
0.054676648195487150428
0.021485401554266931854
-0.0030985240446634091489
0.0012228785355975556898
-0.00049563555148422191002
0.00012728816653288646214
0.0073010447988481151068
0.016932852838649736629
0.026057304456039829716
0.03504077789528136592
0.042766947718372065049
0.050479839840389280477
0.056117010531718443099
0.062059375245457166636
0.065061185774863326428
0.068898265179268165375
0.068884768358299336311
0.070496066281353312722
0.067250112072890342717
0.066790801454795094164
0.060183290995663265995
0.058254292636007741069
0.047824879957151325631
0.04678606968736590223
0.017449117106130122024
-0.0023087828750706630618
0.00076341097130290731254
-0.00018234206462611328233
0.007324861354339527291
0.016849387425792004692
0.026221528747946577206
0.034778960308879421175
0.043141108496581698391
0.049979675895721926146
0.056756415781734465086
0.061267310214754445283
0.066020190554134016358
0.067756275782386289626
0.070228888599940094393
0.068925417353745503849
0.06908067987406364938
0.064650837199318953583
0.062713206021137282077
0.055186095962732708569
0.051759821721883709295
0.040961060466363968446
0.037979791174891159102
0.013073333788170821485
-0.0014699623163064083098
0.0002935016853751871371
0.0073054386316061487039
0.016917430846712859701
0.026087734454584260792
0.034992058393480336296
0.042836977723850468111
0.050385510138052771569
0.056238785732639920291
0.061906642753143222027
0.065249033041466962747
0.06867008229480278377
0.069160245076254546181
0.070163436277252133154
0.067654815110848824937
0.066289681923904368124
0.060824444757787101009
0.057384288125377208351
0.049143874436520620867
0.044231967860883225107
0.0333206311030499089
0.028422595216734458619
0.0084437253962035386983
-0.00059915037744130439545
0.0073196403921731451256
0.016867688687700155548
0.026185504024236171372
0.034836430582460083606
0.04305890576108547067
0.050089687975397654352
0.056615571347988177754
0.061442101885789956148
0.065808075605140807041
0.068009578827694147422
0.069929706449508473153
0.069276534188295860961
0.068669289487995471056
0.065134808210131296982
0.062137010974737340795
0.055889017346551585012
0.050861232375136553457
0.042222966562158026488
0.035768266769465237927
0.025097434124440347361
0.018270842338545633635
0.0036569988245680501712
0.0073139976491361003425
0.016887450792407077397
0.02614666757634164297
0.034898234212260244047
0.042970803108533863707
0.050207072221440482466
0.056466148040269609197
0.061626188405256212143
0.065586752393531185366
0.068270749173007585676
0.069625936427815996688
0.069625936427815996688
0.068270749173007585676
0.065586752393531185366
0.061626188405256212143
0.056466148040269609197
0.050207072221440482466
0.042970803108533863707
0.034898234212260244047
0.02614666757634164297
0.016887450792407077397
0.0073139976491361003425
0.0028527072588003539635
0.014969751082285636438
0.03652161390641299974
0.067093711139849931732
0.106091597010395919
0.15275636840665860997
0.20617979824654420352
0.2653220810066214868
0.32903208955395788742
0.39606978665588935726
0.46513036334013888939
0.53486963665986111061
0.60393021334411064274
0.67096791044604211258
0.7346779189933785132
0.79382020175345579648
0.84724363159334139003
0.893908402989604081
0.93290628886015006827
0.96347838609358700026
0.98503024891771436356
0.99714729274119964604