0.0021292259696866024136
-0.00080821268668035736213
0.00061680596263787884512
-0.00051614043388555568479
0.00044908279721218242617
-0.00039895301023082954337
0.00035875076960005785484
-0.00032494257199658305025
0.00029553051169615950124
-0.00026929526954417893776
0.00024545155597857000606
-0.00022347380923972545455
0.00020300075869597167643
-0.0001837798507010157419
0.00016563326072450004875
-0.00014843627399239476516
0.00013210310285366688511
-0.00011657737458037470023
0.00010182568187499053223
-0.000087833243563809562784
0.000074601119005929880661
-0.000062144686020229279793
0.000050493310162892021016
-0.000039691378221807263875
0.000029801260716041883185
-0.00002090959888696009567
0.000013140515554315677291
-6.6868652148421362765e-6
1.9093460606108452574e-6
0.004607298487848025407
0.004933021264030676496
-0.001337914260568167455
0.00093587116519185287782
-0.00075729922548011063848
0.00064835832406470114132
-0.00057065766599746742751
0.00050991976339940259163
-0.00045955519948196790343
0.00041607749121026053988
-0.00037746213891227741728
0.00034245388544941779539
-0.00031023727904369796731
0.00028026521792568759785
-0.00025216319856587314283
0.00022567275794795416373
-0.00020061654365004463805
0.00017687599034515726762
-0.00015437672310090440661
0.00013307894778838783273
-0.00011297126878656231178
0.000094067083586156584408
-0.000076403201863818326857
0.000060040802602502227872
-0.000045069491322566786385
0.000031616509166494612652
-0.000019866498580253350327
0.000010108606747713791791
-2.8862326572665913176e-6
0.0040875608208742407196
0.010724839381858397941
0.0076851230505234056611
-0.0018279743393670754222
0.0012067012887920477259
-0.00094676744424613403874
0.00079544009820266973188
-0.0006911669426301538079
0.00061165094630519925666
-0.00054686999551061508509
0.00049165380111109851107
-0.00044306943042236648386
0.00039933628888631472656
-0.00035931918574299346808
0.00032226916913600419645
-0.00028768132718202863157
0.00025521224037598152952
-0.00022462987005901818324
0.00019578209751636872744
-0.00016857656839599857045
0.00014296779530609035025
-0.00011894928746994150881
0.000096549594318043100113
-0.000075832008505486725466
0.000056898646924297770402
-0.000039901347092820654753
0.000025066102876024924876
-0.000012752152346025282381
3.6406869206100901223e-6
0.0043646282551389730015
0.0094200094487961559593
0.01672749324059652814
0.010350515629670709026
-0.0022905910590992709128
0.0014522758338314654842
-0.0011108934627802193435
0.0009171143355628755502
-0.00078649560969740620287
0.00068869468972057050361
-0.00061019244217238948981
0.00054407909088653360322
-0.00048647197637173987561
0.00043503588051305634278
-0.00038829535571442322329
0.0003452852389587149108
-0.00030536015375638357357
0.00026808473420129159526
-0.00023316754848183840425
0.00020042005902299409274
-0.00016973074746259485321
0.00014104904483715701743
-0.00011437623298580588646
0.00008976213893128569124
-0.000067307948998454134859
0.000047177704752462068571
-0.000029626230543620438417
0.00001506832293124130928
-4.301356817260504944e-6
0.0041843205729731840274
0.010155666384312451924
0.014651286589302187918
0.022539106894574774602
0.012898706725624480978
-0.0027244347825208271523
0.0016762833201750368821
-0.0012556369332850873591
0.0010204189195084985491
-0.00086413611001705256521
0.00074865022470344605244
-0.00065702826569337136519
0.00058064829433572150194
-0.00051468502290016896985
0.00045624833455242585779
-0.00040351984087733631906
0.0003553150649072288426
-0.0003108454643339116847
0.0002695817972563439059
-0.00023117231246731587036
0.00019539238311201472625
-0.00016211330242038689277
0.00013128371425608917562
-0.00010292050126342698899
0.000077108449441420536119
-0.000054010994507346598343
0.000033900538427843294723
-0.000017236515550166843434
4.9193783218546254619e-6
0.0043139694696775260175
0.0096570095942676724449
0.015845779230576406853
0.019718610041374578596
0.028094139637821825993
0.015300772664269784636
-0.0031259326063491641059
0.0018785404135458435145
-0.0013823690755858578712
0.0011075839267539247582
-0.00092681269857391854638
0.00079451909675257892649
-0.00069051906298986938748
0.00060455300876633504206
-0.0005308896923500451639
0.00046610311769029618848
-0.00040804229867717124291
0.00035530945522735084266
-0.00030697683826886609933
0.00026242456951038219421
-0.00022124402345781442446
0.0001831789669055925282
-0.0001480900248646124708
0.0001159351211346579584
-0.000086763027657503222603
0.000060721405535978916808
-0.000038088162560175881771
0.000019357359425335067705
-5.5233755272945569324e-6
0.0042148761281752916495
0.010026632908876367997
0.0150215161969994723
0.021356973020065082294
0.024563955137105839487
0.033330044698285684198
0.017529483313762819642
-0.003491119897443500218
0.0020578160420832959946
-0.0014910599356637477494
0.0011792623295659183974
-0.00097560455325773824434
0.00082765531345638869677
-0.00071219594292245147592
0.00061743496453423146778
-0.00053679164461363610388
0.00046633641570137584812
-0.00040360541021278465513
0.00034700051003342978321
-0.00029546420862977029769
0.00024829394296019944949
-0.00020503217803680766726
0.0001654005210997033064
-0.0001292617565356583537
0.000096602398241279514498
-0.000067534961869239513469
0.000042328430309735262517
-0.000021500840195234495895
6.133190885886530376e-6
0.0042938246876555804779
0.0097374382939021131043
0.015641811365644026003
0.020215713813943257758
0.026625452247538787223
0.029132029255762014429
0.038187741499329205556
0.019559581783940945957
-0.0038161545188032539578
0.0022126271185399751315
-0.0015812227040654716729
0.0012355315304321900563
-0.0010109500617154665768
0.00084874175757094937287
-0.00072291169959545306811
0.00062026589035523772858
-0.00053344533137940535148
0.00045805918757352807443
-0.00039135768819069294141
0.00033156103454676488815
-0.00027749631089850489821
0.00022839096423775504746
-0.00018375178893812277647
0.00014329446101958290277
-0.00010690678192106651549
0.000074640161495465548429
-0.000046736168547791807001
0.000023724174100534667333
-6.7649748759419401499e-6
0.0042290037296392579787
0.0099721352248449818254
0.015150263012677606337
0.021082003301110013104
0.025181443554788597154
0.031591401715415672569
0.033370818773049104579
0.042612338486190735917
0.021368064341543131886
-0.0040975192469705930607
0.0023415311879134076611
-0.0016522665724230892347
0.0012762775545539199019
-0.0010330419177220160602
0.00085818286223046167039
-0.00072322274965826363183
0.00061371374106899418165
-0.00052160174296557590787
0.00044208511974201688094
-0.00037216133559605725589
0.00030989276869895593727
-0.00025401045696070934637
0.00020369016399708541793
-0.00015842354516290835528
0.00011794746617656108706
-0.000082216186097482035525
0.000051419028023667986009
-0.00002608049387352187664
7.4336466521344992394e-6
0.0042834532256181609718
0.0097765474640602129094
0.015553497287437096664
0.020390217244597059716
0.026283417844716390625
0.029862617741978432668
0.03619862868498627449
0.037232129812881679956
0.046553795809046977833
0.022934439284814690837
-0.0043321257059753781075
0.0024432571774266037693
-0.0017036518849953409069
0.0013013655418770378885
-0.0010420050725911074977
0.00085628421107721781069
-0.00071356637905168589262
0.00059831498385872609608
-0.00050187417825093676676
0.00041908914431116320858
-0.00034674348326957287818
0.0002827710366513945164
-0.00022583220154935406377
0.0001750772552026516779
-0.00013001511938313011451
0.00009045134819539966065
-0.000056488482472559036674
0.000028624256781791632278
-8.1544100937187151982e-6
0.0042368924854934951367
0.0099428558585164092834
0.015214376853710015479
0.020961574026396726027
0.025399053803914040205
0.031186544902274686878
0.034206200871231484047
0.040395022967941498383
0.040672101840568953977
0.04996751492846563197
0.024240958523602151575
-0.0045173786200718022625
0.0025167730879748799371
-0.0017349669751062431245
0.0013107236420469932507
-0.0010379847856878763766
0.00084334227295176131771
-0.00069435033907912468207
0.00057456286436911079428
-0.00047482457669755481231
0.00038969182154610970181
-0.00031577929154438540943
0.0002509281819271193537
-0.00019376225618203285936
0.00014344550517632031078
-0.000099558949063151351824
0.000062068895049587542037
-0.000031415575295286365117
8.9439485661501290083e-6
0.0042772795283620652831
0.0097991986854213263157
0.015504977535960093955
0.020478202960733863411
0.026132746644487840237
0.030120524341279930428
0.035735655845144097277
0.038162939390767656649
0.044133113293756667633
0.043651684886781664714
0.052814856328378508122
0.02527281843997874153
-0.004651219853621779355
0.002561324736567367757
-0.0017459693587262995599
0.0013043871336826317106
-0.0010211928562325035262
0.00081969183810341860246
-0.00066600081864396560521
0.00054295561466924295383
-0.00044101213447244010387
0.00035450917999146220119
-0.00027994480791574735517
0.00021511289739253204089
-0.00015864888559841464224
0.00010979445122104554642
-0.000068306912279154969724
0.000034524563358113507485
-9.8216023679322324315e-6
0.0042418392463798245753
0.0099248628766511908066
0.015252292765409131257
0.020894557756810243444
0.025509554362159673743
0.031007623513052448829
0.034501345466213675024
0.039879157091556131158
0.041687960583772150576
0.047370600795614267295
0.046137070246680660535
0.055063584269051321732
0.026018327519432343478
-0.0047321595463163409863
0.0025764589130468300164
-0.0017366084989535086698
0.0012825221397630687411
-0.00099193238414313157715
0.00078573171332997488888
-0.0006289891148392694753
0.00050402450721158121904
-0.00040102376213782868684
0.00031418762068898655906
-0.00023996017594914508233
0.00017614909390357938943
-0.00012147725643677562581
0.000075382918822292058525
-0.000038036483129166184173
0.000010810739355253709045
0.0042732355827897244292
0.0098138096422590769254
0.015474572222610651682
0.020530913797989371377
0.026048226154462759904
0.030252075586570518369
0.035530628141342912117
0.038491976688819456772
0.043570088176424672769
0.044741293648167339955
0.050070839971151099576
0.048100066582335996395
0.056688236004837350714
0.026469038774330235352
-0.0047592973372274356048
0.0025620367118255269126
-0.0017070377615155948265
0.0012454377163471279354
-0.00095061049826984375444
0.0007419384744919896766
-0.00058384705163350075219
0.00045835217189518843937
-0.0003554976158162409644
0.00026943697890544442568
-0.00019664046472647630837
0.00013502115785189470654
-0.000083526508747868836058
0.000042058516864214123778
-0.000011940530675206594909
0.0042452035288551404159
0.0099127718159462952879
0.015277207310616864708
0.020852010992070629244
0.025576337281704144513
0.03090669445173569027
0.034652378394818989006
0.039650340600754275194
0.04204725516331089112
0.046766622402704223974
0.047288326441022149145
0.052203256069429781476
0.049518415328669857135
0.05767041253125447088
0.026619845429578561062
-0.0047323349825940001764
0.0025182397101948298214
-0.0016576191894722984147
0.0011935906061821540062
-0.0008977438330748423004
0.00068887351977537265304
-0.0005311770328723832799
0.00040658823270665027914
-0.00030514912319612099895
0.00022107616954481744297
-0.0001509797327292111918
0.000093038790429946614142
-0.000046729287884942295968
0.000013248410518064411277
0.004270392470048411422
0.0098239840111971388682
0.015453772609794680158
0.020566010101489523346
0.025994053915975438265
0.030332108349634124845
0.035414464243341880249
0.038660811395986703475
0.043319975734719764525
0.045126940095137391997
0.049432527545474146905
0.049300199163610355125
0.053743692800380281783
0.050376040836834943791
0.057998988196384557728
0.026469038774330235352
-0.0046515809659726637569
0.0024455702976214866661
-0.0015889229239467964246
0.0011275849214620417189
-0.00083395949333840899628
0.00062718687906243514158
-0.00047166151381727283229
0.0003494697419690509017
-0.00025081270321379794735
0.00017011746135204667507
-0.00010432612156384035981
0.000052232885802276066493
-0.000014783643416519602084
0.0042476412000179511181
0.0099040790111905191761
0.015294863182224519264
0.020822508515778193678
0.025621264357345382567
0.030841505504488714353
0.034744779006836652726
0.039520187330019720601
0.042232104175874682554
0.046497867684468651149
0.047696185333874328262
0.051537569264100614638
0.050754132899101618216
0.054674686047613979373
0.050663231946110292107
0.05767023709497681169
0.026018327519432343478
-0.0045179473890938386709
0.0023448468005236426157
-0.0015017222259848856206
0.0010481680993141131967
-0.00075999352367423924407
0.00055762116131196426081
-0.00040607818451287955792
0.00028785908908928821297
-0.00019352649746882539129
0.00011795333563768006519
-0.000058820348589837814642
0.000016612692993380251812
0.0042682735417411370596
0.0098315179647032394844
0.015438553013325966292
0.020591236808120372506
0.025956062336847376599
0.03038643243114703723
0.03533891143544138664
0.038764654387890429713
0.043177140817558703877
0.04532592295496013872
0.049147917865848268756
0.049725945041854064458
0.053057847895097190483
0.051633690414977838993
0.054985660217883421683
0.050376752812093102946
0.056687874892486466312
0.02527281843997874153
-0.0043329392811742049708
0.0022171936828477169598
-0.0013969846106704038608
0.00095622417711423526544
-0.00067668921761845799245
0.00048102098725963884323
-0.00033533319323887828083
0.00022282829860755464168
-0.00013473143491328263319
0.00006684384264002667619
-0.000018827588988860455992
0.0042495079908070546981
0.009897458103356639357
0.01530817720599722378
0.020800590208404569404
0.025653967946072641646
0.03079530758472160213
0.034808038445598519931
0.039434942859426277324
0.042346436861540154071
0.046343703146326936486
0.047907354182835192357
0.051239987219036607743
0.051193312765912925639
0.05397606233434834708
0.051928967217110128873
0.054673044523766713828
0.04951988195088980702
0.055063015500029285323
0.024240958523602151575
-0.0040986363588362502963
0.002064026842517309796
-0.0012758594000596064687
0.00085276575629415523777
-0.00058499957373511760655
0.0003983596473349217513
-0.00026054276705530797494
0.00015586924733679584326
-0.000076813330455056291502
0.00002155945387970969039
0.0042666063494669235423
0.0098374182712795613597
0.015426734583519370359
0.020610579911146018392
0.025927428570632092071
0.030426468073336917593
0.035284798829074993349
0.038836392531230497398
0.043082872166355836651
0.045449789425318218465
0.048983791225455239918
0.049947321896098756965
0.052750221417916372849
0.052081793337583252893
0.054281695931748229621
0.051636712006783432815
0.053740306923860027864
0.048102379702530879292
0.052814042753179681258
0.022934439284814690837
-0.0038176671259607140604
0.0018870337550002119586
-0.0011396620574606352048
0.00073892758656113660347
-0.0004860043934674286683
0.00031081401474435833673
-0.00018325118639028534181
0.000089495064001140082509
-0.000025001286244956144631
0.0042510182927210703279
0.0098921230219348748686
0.015318827073023143336
0.020783247445438900088
0.025679465985072400869
0.030759968873702477626
0.034855276463528553867
0.03937317402484260126
0.042426235914387307835
0.04624103990522543893
0.04803983192746228627
0.051067238622923058969
0.051422941297795692775
0.053661300298318734335
0.052381507996926660453
0.053971119466382486764
0.050760377484310767055
0.052197903452380572296
0.04614038585929089549
0.049966397816599974735
0.021368064341543131886
-0.0034931749183088440026
0.0016881478544765347055
-0.00098985638687610329821
0.00061596989646036480189
-0.000380972041768595052
0.0002199830883692049849
-0.00010609269678362883346
0.000029448209733946848401
0.0042652169142491467673
0.0098423183539608183246
0.015416982269594603129
0.020626391097845952504
0.025904320233170028472
0.030458250867519986368
0.035242718416463762061
0.038890772603644136867
0.043013624993984768671
0.045537317535082616786
0.048873274735394996092
0.050087577692383954986
0.052570100370244092308
0.052317811658305232975
0.053962602558752575191
0.05208933579108952133
0.053047605100580153533
0.049310105349525293005
0.050063139751269774824
0.043656251451089406543
0.04655228320188951773
0.019559581783940945957
-0.0031287748718035662714
0.0014695160727775548416
-0.00082803879628982526714
0.00048531744539816029405
-0.00027156526459721468099
0.00012860423415923988761
-0.000035372748282375650812
0.0042523187484873182968
0.0098875433682565874878
0.01532791767073707606
0.020768566221210657566
0.025700811053007682442
0.030730807085075227625
0.034893566106425935978
0.039324195745918699581
0.042487834740126064323
0.046164342778259151972
0.048134916537170873368
0.050949242290170267716
0.051570318623163311109
0.053474869193274106807
0.052622255894622890655
0.053650273491582922179
0.05120899972540829826
0.051521241433215221305
0.047302654717638384754
0.047359938505293129423
0.040678312641002967778
0.042610283465325392132
0.017529483313762819642
-0.0027284993697461149274
0.0012334583141431224697
-0.00065594176072366424119
0.00034872990404733902254
-0.00016059038081501500505
0.000043575811197913177648
0.0042639753149004993841
0.0098466851686360179242
0.015408334263606987204
0.020640309853805439136
0.025884176478906465179
0.030485610207404911313
0.035207056652390251756
0.038935984600976299386
0.042957372706544078197
0.04560645400011899948
0.04878889388547316925
0.050190327424730132218
0.0524446973375418582
0.052471974430970174515
0.053770580551507167287
0.052333524539894135661
0.052727174101854556344
0.049751117783204904134
0.049408729745778221697
0.044761294642875456916
0.044118497758672121644
0.0372406231543360484
0.038184899233874803391
0.015300772664269784636
-0.0022967261865728640371
0.00098242121796683945597
-0.00047553312952959553119
0.00020903293379368054701
-0.000055517530304321190403
0.0042535325610513502017
0.0098832790436115198354
0.015336345562618968027
0.020755042253848764651
0.02572030500180754142
0.03070446582980299626
0.034927682913269550109
0.039281276870302278807
0.042540736299974249046
0.046100050882096697544
0.048212335249947959245
0.050856482344291394746
0.051681339973957458114
0.053341597389537807022
0.052783442524604696265
0.053452762571560639673
0.051456006744528965455
0.051202665145650854426
0.047733266822500857099
0.046733014679646434239
0.041715709763577765224
0.040374800501166979273
0.033382683307350602403
0.033325980111060396423
0.012898706725624480978
-0.0018380756352333565498
0.00071895951174462340385
-0.00028962385625109893227
0.000074131366400020799699
0.0042627532961904653321
0.0098509742051301116827
0.015399872331590431761
0.020653853554588955984
0.025864721400247416091
0.03051178318960828358
0.035173342860511445171
0.038978114523044734897
0.042905859430548858626
0.045668458510606387581
0.048715084595686141555
0.050277552145756191466
0.05234201519262107053
0.052592792309701755792
0.053627986214871545347
0.052503041668147414361
0.052523127015236426832
0.050001557789070949458
0.049092109489376692641
0.04518018387990881117
0.043522624292783669976
0.038202049232319016364
0.036169860090305858628
0.029149269494708103787
0.028088004510348232869
0.010350515629670709026
-0.0013572471395497168181
0.00044603307926519703259
-0.0001061763157657681744
0.004254811252452594737
0.0098787946804073782743
0.015345179998170786397
0.020740932606434238707
0.025740514804324664186
0.030677377337045055997
0.034962417033207596185
0.039238112855351833423
0.042593160887780173422
0.046037455138025380244
0.048286134949687934424
0.050770266750016501244
0.051781442798488705427
0.053225758875842499335
0.052917421690021117927
0.053297396734403464171
0.05163731874997837223
0.050988706310379849545
0.04799026324609320464
0.046415748565139996759
0.042124477736781064516
0.039810330510512045722
0.034263526529322969553
0.03154831277278570331
0.02459071216245691423
0.022529005598708493475
0.0076851230505234056611
-0.00085879685379704494951
0.00017089111849896410753
0.0042613381720304714184
0.0098559339213136392001
0.015390112599627064673
0.02066941475017492344
0.025842482942571528743
0.030541504525937067043
0.035135369829389457612
0.03902509648429573533
0.042849099951872826084
0.045735799621840993841
0.048636293770305207558
0.050368760889612325793
0.052237271582514731595
0.05271240479071251654
0.053491854057722995266
0.052657812330734783105
0.052346892317908384924
0.050203182994508065266
0.048859379186116580568
0.045452801078419121134
0.043195683882568231676
0.038609243804482489322
0.035629624293523106712
0.02995318700447486813
0.026554712676729072595
0.019765160094149565175
0.016708160361614978777
0.004933021264030676496
-0.0003488465484748205799
0.0042565425933125939819
0.0098727293932761951282
0.015357105585492495645
0.020721940858228378148
0.025767612190532920073
0.030641236706761376535
0.035008473317362747264
0.039181308253902121194
0.042661527564080333892
0.045956711813193191237
0.048380091365329312619
0.050662214254537857761
0.051904551936011020072
0.053086513822652865468
0.053074057598432622075
0.053121857399361486445
0.05183365428016871528
0.050769110689197208515
0.048236465491225733145
0.046138173839173560612
0.042440598171390104271
0.039444106139878474964
0.03470021585792558143
0.031000498338770398814
0.02534833065403677953
0.021217171693226973737
0.014753440138408932477
0.010674255214741710354
0.0021292259696866024136
0.0042584519393732048271
0.0098660425280613529919
0.015370246101046811322
0.020701031259341418052
0.025797413451248961956
0.030601545328539569271
0.035058966627525639285
0.039119163567881891914
0.042736128683086263773
0.045868878569629381674
0.048481917047204303151
0.050545636879957483061
0.052036655038864686957
0.052938077548660470703
0.053239690859157122123
0.052938077548660470703
0.052036655038864686957
0.050545636879957483061
0.048481917047204303151
0.045868878569629381674
0.042736128683086263773
0.039119163567881891914
0.035058966627525639285
0.030601545328539569271
0.025797413451248961956
0.020701031259341418052
0.015370246101046811322
0.0098660425280613529919
0.0042584519393732048271
0.0016602788697017069184
0.0087272473692934125645
0.021357202110956137101
0.039409883523470607453
0.062681097539948604791
0.090907256192373777505
0.12376857413276143304
0.16089273119865674242
0.20185910143088608981
0.24620352243788617895
0.29342355591299566805
0.34298418106618003253
0.39432385691699946275
0.44686088493366038491
0.5
0.55313911506633961509
0.60567614308300053725
0.65701581893381996747
0.70657644408700433195
0.75379647756211382105
0.79814089856911391019
0.83910726880134325758
0.87623142586723856696
0.90909274380762622249
0.93731890246005139521
0.96059011647652939255
0.9786427978890438629
0.99127275263070658744
0.99833972113029829308