0.00603707571713698299
-0.0022715528410854539036
0.0017060735679747440042
-0.0013942881462754659336
0.0011750593129819088985
-0.0010019115913360521351
0.00085577571625685018871
-0.00072739537633315986172
0.00061186890835328591443
-0.00050651716997444872275
0.00040992155644561188619
-0.00032144970208970805025
0.00024101615794817112693
-0.00016897996636667406925
0.00010615725307139468615
-0.00005401314867767424307
0.000015422094761019386297
0.013063235665741875268
0.013864882343496800282
-0.0037008500080241475515
0.0025284363471276557494
-0.0019819329115968314744
0.0016287618470287473394
-0.001361868646678891364
0.0011421620606270361808
-0.00095222261899789988957
0.00078339750652616811115
-0.00063119819976933916736
0.00049337882629521911976
-0.00036905592649861475927
0.00025830995226747525514
-0.00016208238414349894509
0.000082403779011663721239
-0.000023518516797298487518
0.011589665929570606177
0.030143413515056424176
0.021259037079294795221
-0.004939392714677007782
0.0031590393348658779938
-0.0023796029619256008386
0.0018997236997152070676
-0.0015497394982320096549
0.0012691268548421020542
-0.0010315035844251871971
0.00082402402641495103899
-0.00064015329504427377782
0.00047671500243673541579
-0.00033259242830141310162
0.00020822410408103379941
-0.00010570813615503652713
0.000030146208989844873806
0.012375085780802864963
0.026476448025282936433
0.04627220795018154346
0.027970961798350992774
-0.0059984464138070821888
0.0036523294174892108873
-0.0026556360636879811242
0.0020591987061966914302
-0.0016350027640601764707
0.0013022566546549622239
-0.0010259812958370788403
0.00078927670788304881833
-0.00058365892975692370225
0.0004051721878013238232
-0.00025278339788692137228
0.00012804125657752533532
-0.000036471568585639911842
0.011864173258154752324
0.028543143555862473335
0.040530211524246083531
0.060908234809338470765
0.033784092117131368322
-0.006855385309025615117
0.0040112727358827034466
-0.0028237487098392589017
0.0021261078492320711873
-0.0016390384982026252264
0.0012638763021729597578
-0.00095806233459669324672
0.00070118579357227258275
-0.00048323043789058755711
0.00029997851882246154443
-0.00015145936085341155525
0.000043068577647191883607
0.012231211676542027927
0.027143378116749191567
0.043831659608730002935
0.053289226998042690935
0.073582058739074812966
0.03851144026920257202
-0.0074866248060210988469
0.0042312494902414511288
-0.0028873263543750921852
0.0021081398106292595054
-0.0015720499838520885913
0.0011657136830178387662
-0.00084045846999528030976
0.00057325377836309426016
-0.00035337662109360392733
0.00017762616327871246586
-0.000050390641772974560185
0.011951145323598914457
0.028179328675280421483
0.041556519147627968869
0.057710468386604020113
0.064341662836831584286
0.083887491588592946346
0.042001025539112511127
-0.0078735894653568064261
0.0043082856985011818886
-0.0028484120090062737917
0.0020106359162583197852
-0.0014414388286053226351
0.0010166159723292525204
-0.00068326149810217152311
0.00041708403799502547493
-0.00020836369262172537887
0.000058920644021995755434
0.012173636565159133577
0.027371003927072436563
0.043264459855108739002
0.054637055318284475347
0.069729405910846186416
0.073331239958502921997
0.091493980509903534358
0.044140676341748161581
-0.0080046656744131794962
0.0042414297913821361109
-0.0027103396561016348469
0.0018392899050210016092
-0.0012544761928450578025
0.00082521098809152745675
-0.00049679286241430685009
0.000246070408438692192
-0.000069275841708695140625
0.01199181158281055768
0.028024057565555435792
0.041916659936022601787
0.056961338462047509943
0.065967068909189350419
0.079501504859373625432
0.079968482353393701819
0.096157380694675373528
0.044861617589051631365
-0.0078760280111790503654
0.0040335687248313204365
-0.0024786243209684813911
0.0016011153250733862242
-0.0010194148653455243961
0.00060141422256698865453
-0.00029429287856183522728
0.000082339851463408299636
0.012143427275982661121
0.027483694278554908373
0.043014867021003897292
0.055116712608610458091
0.068822660427107794446
0.075183590633384142431
0.086712390734326657102
0.084039922892114187052
0.097727900852516442225
0.044140676341748161581
-0.0074919294316785121031
0.0036916405799022220432
-0.0021612216765834497728
0.0013048682784175102003
-0.00074638569651914855994
0.00035876075992116400155
-0.000099485130885167597161
0.012015230790251970225
0.027938128379615325944
0.042100990120594564967
0.056625185094804157071
0.066551568261933484123
0.078464319367010466676
0.08199141516196670247
0.091129764692502596954
0.08541494947960208084
0.096154942148853129589
0.042001025539112511127
-0.0068646110501878023055
0.0032265213974311523573
-0.0017685447899020345661
0.00096155501096162157257
-0.00044956398828682091814
0.00012300611067505152352
0.01212454207604694054
0.027552138523714888099
0.042871450779683194369
0.055368669818338891287
0.068408642704258016953
0.075857166855387305274
0.085574101062077110846
0.086173212872867063657
0.092610561532478354914
0.084050103193254872034
0.091488675884246121102
0.03851144026920257202
-0.0060138745048120763229
0.002652696598659294612
-0.0013135854501404124931
0.00058638657024440899736
-0.0001570602422680619472
0.012031082856626774096
0.02788122404784701212
0.042218095639767128897
0.056425154034592573105
0.06686699844069046406
0.077980942873001837287
0.082738174776052062497
0.089920391181698948389
0.087597127328871191542
0.091105101393335582064
0.079990778342342318808
0.083878265847430759158
0.033784092117131368322
-0.0049663112126364852175
0.0019878626343435069104
-0.00081337886886887277004
0.00020997817611921365604
0.012110623002859605892
0.027601723430416075229
0.042770857556476511814
0.055536751408900661724
0.068151843164019660345
0.076233603830522095222
0.085028032374062101095
0.086979096028841360939
0.0913582379421634392
0.086222153977299631732
0.086657687141913003379
0.073370551120915933153
0.073566630648069818832
0.027970961798350992774
-0.0037541337915919530183
0.001253316661710664132
-0.00030093434652889898308
0.012044005225284121106
0.027835472823148637092
0.042309850054508556642
0.056274516025003398649
0.067091469231826001227
0.077663033833449417819
0.083178027051810071216
0.08931285626792151036
0.088454108323261160675
0.089831092181728332818
0.082102327378509815187
0.079402483500330744879
0.064409144899396858649
0.060881316311378993329
0.021259037079294795221
-0.0024136488280628236113
0.00048448550470335980284
0.012097669951071264468
0.027647360907981936843
0.042680156542733089387
0.055683613644434510292
0.067937240160761351402
0.076529501712109924921
0.084633249277994361422
0.087497955176970155051
0.090675457797101162619
0.087139190622869286982
0.085363919724903913619
0.075394118691376396701
0.069550117145859568118
0.053413487249574329798
0.046218924166613737993
0.013864882343496800282
-0.00098908423146790928796
0.012058729339512946594
0.027783777835671274808
0.042411916905518195756
0.056110903563068659617
0.067327168076314565516
0.077344330240494852091
0.083592129521779410369
0.088787869853470771885
0.089111366269749976815
0.089008748059829483024
0.083146275361968172066
0.078024792129741196176
0.066393124921280827745
0.057336211742977451481
0.040812000590614846438
0.030001317528079054468
0.00603707571713698299
0.01207415143427396598
0.027729764686993600565
0.042518074158589590442
0.055941923596701985547
0.067568184234262736643
0.077022880538405144041
0.084002051078225022255
0.088281352683496323163
0.089723235178103262729
0.088281352683496323163
0.084002051078225022255
0.077022880538405144041
0.067568184234262736643
0.055941923596701985547
0.042518074158589590442
0.027729764686993600565
0.01207415143427396598
0.0047122623427913321623
0.024662239115616119389
0.059880423136507048939
0.10924299805159929654
0.17116442039165461707
0.24365473145676151606
0.32438411827306184235
0.41075790925207607207
0.5
0.58924209074792392793
0.67561588172693815765
0.75634526854323848394
0.82883557960834538293
0.89075700194840070346
0.94011957686349295106
0.97533776088438388061
0.99528773765720866784