0.0024497490128235900653
-0.00092921191718520088094
0.00070822984770117309834
-0.00059152011385416417014
0.0005133716112688628557
-0.00045461411783423951735
0.00040721228550002202676
-0.00036711821017245817475
0.00033205005429198797374
-0.00030062142978581809032
0.00027194521244169508845
-0.00024543318022697107345
0.00022068636119041466915
-0.00019743124121594279301
0.00017548082510144873235
-0.00015470996782428062968
0.00013503932977722654041
-0.00011642481306335467616
0.000098850690758226856735
-0.000082325435240663203511
0.000066879784867238542035
-0.000052567052911137696136
0.000039466284607196313728
-0.000027690018680628277648
0.0000174013598437717555
-8.855042231525680313e-6
2.5284355592468758017e-6
0.0053008579372177906619
0.005671557899045155799
-0.001536225740192757078
0.0010725561187002729982
-0.00086571891883383720571
0.00073882620471941396048
-0.0006477571461456143884
0.00057611958999967895515
-0.00051636148816636625118
0.00046449851327262323669
-0.00041822736238752406553
0.00037612940559425812674
-0.000337292083516872277
0.00030111197215363468118
-0.00026718492895572523372
0.00023524136942354072765
-0.00020510651649229286726
0.00017667530912865635316
-0.00014989645248162647458
0.00012476261386232293816
-0.00010130524301552300422
0.000079593550670247029479
-0.000059738283590676194146
0.000041902785213028807252
-0.000026328359318554053061
0.000013396083275137787878
-3.8248099290043980667e-6
0.004702882706739046828
0.012330483558740898683
0.0088242634393549277556
-0.0020949665341047011705
0.0013794791964229221131
-0.0010788975812069174227
0.00090293867988234536713
-0.00078093219382326507347
0.00068729884453072996877
-0.00061055835435609536114
0.00054480314972144356565
-0.00048669560050971408576
0.00043422203803706414885
-0.00038611077867138977872
0.00034153477404430131795
-0.00029994868471843974127
0.00026099459853366611132
-0.00022444521079189951274
0.00019016875118050901138
-0.00015810741697592966641
0.00012826500904302432187
-0.00010070185653604424477
0.000075537073060005429434
-0.000052960836557181899144
0.00003326528544854143855
-0.00001692184455827626416
4.8308807179247344124e-6
0.0050216555604196045493
0.010830311630111129597
0.019206947572373068966
0.011862353130153765676
-0.0026185987175282855606
0.0016549977281487659932
-0.0012610756510157190954
0.0010362859019319368649
-0.0008838388381733322841
0.00076898007569805250989
-0.0006762452643405113737
0.00059774838028701342619
-0.00052907461884035281048
0.00046758417251480974464
-0.00041162416737567987002
0.00036012844524342493845
-0.00031239978866086206808
0.00026798494250410948008
-0.00022660012524797659893
0.00018808586594749182659
-0.00015238025918049818311
0.00011950526416055228427
-0.000089564368552691115518
0.000062753809083838439419
-0.000039396936562377842461
0.000020034311056112143734
-5.7183929009417879679e-6
0.0048142110683115327909
0.011676088368665912936
0.016823015999816802432
0.025831242717577274472
0.014745884214958399778
-0.0031048086012850727467
0.0019029829300812090996
-0.0014188915751086903753
0.00114682276867326427
-0.00096499567560990736748
0.00082982599102293344431
-0.00072198639813015859211
0.00063165668091497950006
-0.0005533601571556273343
0.00048383489711197827041
-0.00042104667435407819869
0.00036368893960141059354
-0.00031091165615465125992
0.0002621664961538622825
-0.0002171154604113794041
0.00017557665290318263586
-0.00013749405244097591652
0.00010292562459660944814
-0.000072050217685386746057
0.000045203056147906178652
-0.000022976522074573675202
6.5565747259983332596e-6
0.004963366657474577768
0.011102808055471385488
0.018194513231830839725
0.0225988282069830696
0.032117369589735240809
0.017437205941561398246
-0.0035488089403169718738
0.0021229218074724081841
-0.0015537643936310093556
0.0012370309184352036549
-0.0010274970272009148917
0.00087327764046843705293
-0.00075140155929951414451
0.00065021633861843623986
-0.00056323486480041658232
0.00048660082274013752802
-0.00041791473190810616771
0.00035564010496727835975
-0.00029878223056856322605
0.00024670576480892391113
-0.00019902841302487915558
0.00015556002826148003372
-0.00011627272077504070478
0.000081298210799123081059
-0.000050961129545884670584
0.000025888289243687653854
-7.3851330544401348997e-6
0.0048493720510770198245
0.011527717180476050569
0.017248160971259061629
0.02447638515204736485
0.028081745815218502255
0.037983835418174757801
0.019901216943264442816
-0.0039454876747563432417
0.0023131737162371290092
-0.0016655610426100032064
0.0013076292248819402895
-0.0010725924867885053032
0.00090092736302282115525
-0.00076630505446762910146
0.00065538177677182443381
-0.00056073610469931803871
0.0004779618253744367193
-0.0004043224443427608776
0.00033807150220217112566
-0.00027808602677015993286
0.00022365995803809476262
-0.00017438629185495852983
0.00013009420488914009261
-0.00009082803577372197532
0.000056873116507076761542
-0.00002887052348996364543
8.2325963996801120109e-6
0.0049401818233205913533
0.011195304040841654266
0.017960262017787011611
0.023168617130945189543
0.030438253998842902444
0.033199835884509964578
0.043354444805634231825
0.022105789635939237549
-0.0042900156052747641395
0.0024718927005776587535
-0.0017536852496640102104
0.0013587251882523280232
-0.0011008384202331773889
0.00091363521808750413174
-0.00076776824817177670254
0.00064837300559263219047
-0.00054718863592190607743
0.0004593165537669931033
-0.00038172150063282514579
0.00031247567952631965365
-0.0002503529816752576436
0.00019460328261469218612
-0.00014482900150730381605
0.00010093016342798079087
-0.000063113850357251077266
0.000032009640904479441241
-9.123250380669705323e-6
0.0048656360185221470334
0.011465027042296721256
0.017396055804039544466
0.024161153227418769731
0.028787797580274399556
0.036002257384169987288
0.037886081231465985278
0.048159354837264125425
0.024022181842507126891
-0.0045780926467659512632
0.002597369673450309398
-0.0018174856163168622171
0.0013902568935106185954
-0.0011125507387633451842
0.0009119774709928186633
-0.00075655437302834323901
0.00063009125740574716979
-0.00052359821693603550272
0.00043175302677618766882
-0.00035126930800152508074
0.00028007590450237490024
-0.00021687985380595940904
0.00016092946188949168644
-0.00011189702595091297973
0.000069856234098626383701
-0.000035390058017406470194
0.000010080657272912506314
0.0049282369635424310184
0.011240310408122582262
0.01785877630998301871
0.023368734847472080108
0.030047065488712310901
0.034032655074546257831
0.041095942647829587498
0.042079198123442883556
0.052336032633680229345
0.025625409454436449668
-0.004806077841766981388
0.0026881866790775858278
-0.0018564352657475383601
0.0014021887246695238002
-0.0011080080900224400671
0.00089645087923914428114
-0.00073331960086525764191
0.0006013142310288079598
-0.00049083982841383841659
0.00039622996588333028183
-0.00031400507742923810026
0.00024200080636445483837
-0.00017891098641328113617
0.00012405390154643328536
-0.00007728905449299581601
0.000039102760361216325211
-0.000011130029800196863341
0.004874727319892277526
0.011431312061243581345
0.017469773834617577359
0.024022976866476880784
0.029036787468192214038
0.035540593803993456531
0.038834825499948624042
0.045653007602235988133
0.045724397861038005172
0.055830096656698866727
0.026894571447133296803
-0.0049710705650092103909
0.0027432967995455257631
-0.0018702201823831880262
0.0013946066786547190151
-0.0010875512719216096714
0.00086757373343514803132
-0.00069871405350610792738
0.00056279635436943145705
-0.00044975756169394257401
0.00035367813895354823287
-0.00027095673417286670568
0.00019940511058766227674
-0.00013778976244946094424
0.000085633827563935169938
-0.000043253096114364481591
0.000012300343415562451049
0.0049211155085405659554
0.0112664167603296872
0.017802940690287617438
0.023469765360569688597
0.02987454918345657867
0.034326917717880710979
0.040569909601870228466
0.043131668390668604063
0.049614125246886536066
0.048774078465266041398
0.058596039870828662958
0.027813122089211298168
-0.0050709651402987585802
0.0027620688489569712256
-0.001858785231305885619
0.0013677670064448747425
-0.0010516340197730692475
0.00082593823025727259778
-0.00065343569356712216925
0.00051532500455287145924
-0.0004012253939614666219
0.00030507034522184418281
-0.00022322936235651467644
0.00015359551423203391575
-0.000095164656587410912649
0.000047969625368085231523
-0.000013626682748374914436
0.0048804411485443268289
0.011410547351754141875
0.01751346120956561686
0.023945935447749263106
0.02916344145782930701
0.035336264742633606648
0.039170423727004589578
0.045069375751066016634
0.046867131423001099985
0.052927711598553108007
0.051188432021703864427
0.060597830853299542118
0.028369086527241287155
-0.0051044871470983380138
0.0027443121592932084319
-0.0018223576048629585844
0.0013221204328772568916
-0.001000848615918200397
0.00077223807059922424617
-0.00059826118711793843294
0.00045975731039749222646
-0.00034619522632713433694
0.00025149112098193926625
-0.0001721180280382703558
0.00010623510266971386334
-0.000053415706313615337076
0.000015153254146866835085
0.0049164356308105041309
0.011283309774082490538
0.017767844593798351092
0.0235304633448150764
0.029777523038293774596
0.034477358123569697665
0.040336501031478266647
0.043504295974229531612
0.048980301111121121397
0.049992496816716547022
0.05555059932411828644
0.052935956146903042275
0.061809387829022175899
0.028555216844739247261
-0.005071214774539601589
0.0026902880315195540609
-0.0017614564298516928339
0.0012583220921563523133
-0.00093593742610686761408
0.00070728329764894348565
-0.00053406714494938101585
0.00039705375955309882715
-0.00028575460837697504091
0.00019424291549245495195
-0.00011931771508849558074
0.000059806024007821060337
-0.000016937605163324000371
0.0048843447715003132955
0.011396531504403926935
0.017542291776040141648
0.023896824288345801708
0.029240277308934860289
0.035220607109449930829
0.039342676576131393405
0.04480984045899641353
0.047272125614415029537
0.052251667524791099733
0.052467022461389336714
0.057448601783285554921
0.053993860895189365878
0.062214920836576832536
0.028369086527241287155
-0.0049715866748769457819
0.0026007108725627291796
-0.0016768926896802086714
0.0011772322620131537974
-0.00085779647918754153663
0.00063201015952429605369
-0.00046185285951081015553
0.00032832697208749254514
-0.00022122918744173175354
0.00013506566914423865115
-0.000067431553663830276638
0.000019056877102853301702
0.004913124708395555045
0.011295146172722226366
0.017743691535297266424
0.023571110746075497436
0.029714997792273314232
0.034569341537900952309
0.040203659280490352253
0.043696254267325603638
0.048697799378581375952
0.050424880678615626738
0.054840776914039662854
0.054258477171977721594
0.058596958285788459929
0.054348364840521523297
0.06180913819478133289
0.027813122089211298168
-0.0048068969765620693515
0.0024767404436068579376
-0.0015697615618722822828
0.0010799108812098710341
-0.00076747571534134283438
0.00054749416524208551335
-0.00038278075353977911459
0.00025494089973784275554
-0.000154413811577761927
0.000076699037760624397532
-0.000021617482893385824857
0.0048871976822316176795
0.01138636889420467608
0.017562893051145920341
0.023862496022756992296
0.029292363319329137278
0.035145368617295663198
0.039448755747575337399
0.044661336833572417671
0.047481567330644822326
0.051949532962379007263
0.052921569160831445575
0.056713795450344206007
0.055343566375827855295
0.058980653871861682549
0.053994876254937048547
0.060597314743431806727
0.026894571447133296803
-0.004579277747825967391
0.0023199658239762486107
-0.0014414283303575130356
0.0009676083865802615893
-0.00066618192087066003877
0.00045498096172458551709
-0.00029827060616934943167
0.00017875304409227815276
-0.00008819626315326974705
0.000024770705754902604599
0.0049106280554473769939
0.011304013037729095273
0.017725815933202851327
0.023600652358761098067
0.029670679416330080691
0.034632411076758341654
0.040116438963958123732
0.043815349305995144815
0.048535203513428092199
0.050649504677844091376
0.054522462495131851248
0.054729793299183452055
0.057846181144505014377
0.055708244964808970722
0.05859460832023011267
0.052938057499345010508
0.058595220736033574994
0.025625409454436449668
-0.0042916689486659755624
0.0021323811484355915409
-0.0012935087613007018661
0.00084175680857653866165
-0.0005552970587955113459
0.00035597141283545124429
-0.00021024943127316319892
0.000102805389967729336
-0.000028738937895250887782
0.0048894173683742676243
0.011378505856107718068
0.017578670644611229128
0.023836603286258444332
0.029330838968027307869
0.035091291736928755901
0.039522357982026510731
0.044562848579880000178
0.047612610658238066114
0.051774417125808934838
0.053159051636860846436
0.056382798551450939575
0.055826195583489755647
0.058222984428241839707
0.055347916160971955715
0.057443729794739458553
0.051191773220816284208
0.055828911555638850599
0.024022181842507126891
-0.0039477755653856503278
0.0019163526550629003539
-0.0011278455010471907958
0.00070397084964239999949
-0.00043644696711123837914
0.00025247107467031104578
-0.00012191124420640965787
0.000033862007125033097136
0.0049086212760278498359
0.011311106157185832157
0.017711640729067106589
0.023623776096879550561
0.029636597431424103371
0.034679808600508104306
0.040052786868204143275
0.043899103592352155444
0.048426085185647078929
0.050791502355105906232
0.054336331530188499684
0.054977871172829964146
0.057505941302654351013
0.056196798471390990391
0.057839011474715751699
0.054267518990170268313
0.055542828143930603817
0.048778926208295240582
0.052334379290289017922
0.022105789635939237549
-0.0035520109191053461936
0.0016745759986128319141
-0.00094648556892610288899
0.00055608912936234180934
-0.0003117351390771560999
0.00014781175724865733227
-0.000040683797673411222775
0.0048912654292475000186
0.011371986321580275243
0.01759165376220277875
0.023815534296081253327
0.029361674225027659463
0.035048798174977755022
0.039578773928490790869
0.04448966529864863503
0.047706292182812082657
0.051655141353215660213
0.053311181068892156887
0.056186980283121914375
0.056082791277710749876
0.057876738743946123624
0.055837245691459753155
0.056698836665211101639
0.052481513669384653317
0.052916379951482902542
0.045731189968777124774
0.048157066946634818339
0.019901216943264442816
-0.0031094235350519613087
0.0014100226146982973003
-0.00075167889173983349798
0.00040036590745079388264
-0.00018460138238573897098
0.000050125974570160306049
0.0049068831587016202655
0.011317227508846623944
0.017699488008255740182
0.023643408049508408271
0.02960804115069184026
0.034718851854861316458
0.040001462299553764787
0.043964873507069551186
0.048343145915582817009
0.050895178803905620976
0.054207057626174699774
0.055139643355682458808
0.057301407919282990893
0.056460217350860058283
0.057489574613782088455
0.054752966537954159283
0.054816639921467508498
0.050013787990437695681
0.049598128078645263138
0.042088657464406066913
0.043351242826845857505
0.017437205941561398246
-0.002625601159818441254
0.0011258780533244617521
-0.00054598635312098421371
0.00024030774261892611025
-0.000063868631827397637461
0.0048929414509211817973
0.011366092320164885273
0.017603323822561949333
0.023796756477992918098
0.029388842805320190107
0.035011905935563772409
0.039626857233625702996
0.044428694732289854501
0.0477821971888603915
0.051561730565027550596
0.053425453954665183013
0.056047290852776674535
0.05625433815737059604
0.057663793846634121857
0.05610651637356759481
0.056348230576552754928
0.052959316903243660162
0.052215814584482806703
0.046897540916340989513
0.045630470846987165473
0.037899450956447676532
0.037979220484407869239
0.014745884214958399778
-0.00210653645726974312
0.0008255108788930530793
-0.00033297257057560133806
0.000085286957335647339637
0.0049052164185481219185
0.011323081487034199454
0.017687923815272233354
0.023661952451223692913
0.029581332798469490671
0.034754906618962244208
0.039954814145709383815
0.044023493405930983271
0.048270963810262230382
0.050982833966368789856
0.054101542682927455674
0.055266115733179171398
0.05714979722185825418
0.056642849516963684778
0.057267247673322927121
0.05502849579813558291
0.05446538815860710498
0.050481838833174846826
0.048928202523187586067
0.043175293369946538232
0.041063509537544604727
0.033219414154974030499
0.032110367147445085116
0.011862353130153765676
-0.0015584206936632134551
0.00051280416797918200108
-0.00012215753477242441873
0.0048946671449292553962
0.011360037642648587862
0.017615261593261314073
0.023777667096864713251
0.029416231356856794126
0.034975113739658840737
0.03967416887748586131
0.044369686688854404764
0.047854194933833744771
0.051475264119664798848
0.053528148295732927495
0.055926192863141036077
0.056396638280438272992
0.057496544468149884301
0.056303951016445510161
0.056112939778932310422
0.05324433974454515004
0.051861377263228994697
0.047357064840483523814
0.044992511465701740171
0.038899495206646540264
0.035953309464329713915
0.028112289233493877442
0.025819672794412232522
0.0088242634393549277556
-0.00098736776065058708473
0.00019661531890813330256
0.0049033228355761845286
0.01132971971481517381
0.017674855238028409564
0.023682803475094502545
0.029551506713507475749
0.034794818332452549463
0.039903739129544408636
0.044086816658016152159
0.048194260137495880257
0.051074143599744242982
0.053994249410758886473
0.055391002808999055608
0.057005357983438299544
0.056809321717324859841
0.057075465137999446587
0.055250114772828338209
0.054207370256654117672
0.050786320395600276099
0.048560725173180620034
0.043635459681878796142
0.04045019103267450002
0.034135585678403382532
0.030357487348750636761
0.022652150141607258354
0.019184752618902612589
0.005671557899045155799
-0.00040135991157061053132
0.0048969695900879332548
0.011351970840321837278
0.017631125518866083756
0.02375239627898815963
0.029452302145309603241
0.034926978936033934188
0.03973555410166164709
0.044293904707119138301
0.047945512994256026926
0.051367243721936254012
0.053654103564489367066
0.055780954146246876966
0.056562692229381125578
0.057307864930694437316
0.056517486693292159641
0.05587167735864956741
0.053517197681824898518
0.051551440338658717426
0.047712313630722265809
0.044578697482050933272
0.039395221601028863605
0.03532902600095703601
0.028978396818647936699
0.024316226374161695522
0.016940297031008682413
0.012272327715275512479
0.0024497490128235900653
0.0048994980256471801306
0.011343115798090311598
0.017648526878709855511
0.023724706260307531352
0.029491768429916799555
0.034874411883122796492
0.039802433886528885632
0.044211579271878475097
0.048044363685014253783
0.051250818908872899336
0.053789142894266593606
0.055626244178422596336
0.05673817305448257431
0.057110433689478494523
0.05673817305448257431
0.055626244178422596336
0.053789142894266593606
0.051250818908872899336
0.048044363685014253783
0.044211579271878475097
0.039802433886528885632
0.034874411883122796492
0.029491768429916799555
0.023724706260307531352
0.017648526878709855511
0.011343115798090311598
0.0048994980256471801306
0.0019103685555057165306
0.010038262019249388572
0.024549721092647496574
0.04525883966125444785
0.071896045990852754849
0.10411418046474588643
0.14149326313028815035
0.18354601402675242954
0.22972421771027155255
0.27942587412498655971
0.33200304818074555013
0.38677031728023157057
0.44301370719523501653
0.5
0.55698629280476498347
0.61322968271976842943
0.66799695181925444987
0.72057412587501344029
0.77027578228972844745
0.81645398597324757046
0.85850673686971184965
0.89588581953525411357
0.92810395400914724515
0.95474116033874555215
0.97545027890735250343
0.98996173798075061143
0.99808963144449428347