0.0017546525023675241501
-0.00066658847727129151918
0.00050949242131988002249
-0.0004272834781316590002
0.0003728611044108866125
-0.00033246328892534776896
0.00030030668884776264343
-0.00027346601362821458911
0.00025028210328463499744
-0.00022973779575859548976
0.00021117378747641780186
-0.00019414485465192492682
0.00017834109693010902343
-0.00016354204505606067171
0.00014958855866441956189
-0.00013636490671648957852
0.00012378695453296643366
-0.00011179416328484513382
0.00010034405728203595482
-0.000089408344957553944004
0.000078970189339074742359
-0.000069022313511076007375
0.000059565750117228019336
-0.000050609132987896996281
0.000042168505572886925599
-0.000034267706678739004877
0.000026939522197562967877
-0.00002022803356686539564
0.000014193142132530758211
-8.9197343842021695487e-6
4.5390479359341541678e-6
-1.2960676418743458501e-6
0.0037967826428366378759
0.0040685986827264176513
-0.0011051376296140673831
0.00077475071612602877176
-0.00062875906248424100582
0.00054029518140726919475
-0.00047768259668684871293
0.00042912843611993610104
-0.00038917998472368765925
0.0003549436713925309767
-0.00032473173296121400331
0.00029749079309463623894
-0.00027253004957837352624
0.00024937974898814861824
-0.00022771208684071413179
0.00020729441167406755338
-0.00018796023036847304543
0.00016959055381030554106
-0.00015210152920588534833
0.00013543605569167130508
-0.00011955802783784657337
0.00010444839161982000162
-0.000090102523067199687404
0.000076528653156745535774
-0.000063747224324152565438
0.00005179122130490438222
-0.000040707729718249307943
0.000030561352222375742097
-0.000021440947491731933894
0.000013473406283159206866
-6.8558779444256346722e-6
1.9575417582881221035e-6
0.0033684764205111213536
0.0088455070597318727119
0.0063480163273155148639
-0.0015132581287182611607
0.0010018682601888786005
-0.00078895049961407731712
0.00066582063197147807953
-0.0005816331895833474887
0.00051795396680892060842
-0.00046648431574681932822
0.00042293201295814831427
-0.00038485232862503946568
0.00035075193484240866997
-0.00031967014451054306475
0.00029096473211369372903
-0.00026419431439372468212
0.00023904994425138330821
-0.000215313418335336505
0.00019283087748095496989
-0.00017149557875856777656
0.00015123640960150282321
-0.00013201015702329888677
0.00011379636052600946045
-0.000096594070033466990814
0.00008042016199495322046
-0.000065309140380504993993
0.000051314660363678065393
-0.000038513515055474115384
0.000027013896212831194419
-0.000016972584955118109349
8.6354351074394739606e-6
-2.4655000004249488084e-6
0.0035968042196355284505
0.0077693193995438178138
0.013817142035610298588
0.0085684657282553582757
-0.0019017458726501958752
0.0012101643313433298072
-0.00092983212423407518199
0.00077172836712887708864
-0.00066596244529141759531
0.00058740207589235369353
-0.00052483436196074394715
0.00047251506050643140922
-0.00042720451082277638746
0.00038694313677800085389
-0.00035048223537165901679
0.00031699455657367443949
-0.00028591638337223680173
0.00025685632159377412869
-0.00022954012090542560635
0.00020377601797739652013
-0.00017943232906888784157
0.00015642268512230528178
-0.00013469626453361917037
0.00011423149216313481007
-0.000095032358922394615929
0.000077127007470738978562
-0.000060568695933578372637
0.000045439904710386709903
-0.000031861651734758389492
0.000020013460946452953121
-0.000010180890428679912698
2.9064751087443271752e-6
0.0034482121643747870886
0.0083760781557701806771
0.012102149825775831801
0.018658556550043165777
0.010708974505556670164
-0.0022701874489593566981
0.001403011395752103252
-0.0010565174654486548809
0.00086395653713470598188
-0.00073694906106785367706
0.00064382191804490125008
-0.00057049502592399739029
0.0005097838409327592341
-0.00045765366375836020423
0.00041167490828065997919
-0.00037030639105708619205
0.00033253170894423223183
-0.00029766133606717527044
0.00026521866302439005271
-0.00023487130352663415765
0.00020638814732674819498
-0.00017961177026360402594
0.00015444043959941714759
-0.00013081643725226877481
0.00010871885125724671518
-0.000088159902902574490137
0.000069184613243507512991
-0.000051874478522902795722
0.000036357380998910004959
-0.000022829863145869248475
0.00001161099761044136737
-3.3143388003826093783e-6
0.003555060278586308027
0.0079647794895452474816
0.013088853144307094546
0.016323625872051168332
0.023324796437495795488
0.012749514815594044049
-0.0026162437933967120817
0.001580540141349865323
-0.0011702946905589441444
0.00094443714163110926592
-0.00079689450658426636874
0.00068971982159377319795
-0.00060607307102044274323
0.00053737712722604489034
-0.0004788247811960953891
0.00042752740567578175854
-0.00038165672257330377579
0.00034000980005089755356
-0.00030177258115408868757
0.00026638392617273998563
-0.00023345384156392179182
0.00020271253389850950761
-0.00017397787999289958446
0.00014713446506261369873
-0.0001221203487992783985
0.000098919493933566460029
-0.000077559028937370970053
0.000058111721906101365696
-0.000040705925113104380946
0.000025549701814602033281
-0.000012990566143417216033
3.7075528535975017947e-6
0.0034733883634900291576
0.0082696692956430703573
0.012407938215931764502
0.017679990688903539939
0.020393834135854321802
0.027772616017408242687
0.014671023369633886786
-0.0029371622534072799837
0.0017419612936333143776
-0.001271253166588519455
0.0010137638496081877564
-0.00084670804528672329729
0.00072620808337745993362
-0.00063281067612683939146
0.000556617041668027347
-0.0004920847608157791705
0.00043588702423548222779
-0.00038592072533992946028
0.0003408039773701636243
-0.00029960315577287289767
0.00026167613642600901347
-0.0002265781927456830495
0.00019400358188660217572
-0.00016374853306587307791
0.00013568781679873170282
-0.00010976062562992225199
0.000085963706939998091874
-0.000064351485837731415913
0.000045045263959143539053
-0.000028258661922418610969
0.000014362849098452821551
-4.0984132980592612981e-6
0.0035384646292439634326
0.0080310963365738757316
0.012920407756427782988
0.016735089781383273053
0.022105511243133749739
0.024274451116588431879
0.031960686720877126704
0.016455555694090461709
-0.0032301881167414196092
0.0018862159536162000774
-0.0013590595967511168068
0.0010720178946322440711
-0.00088673735797358183721
0.00075381509458345052826
-0.00065136162454347262013
0.00056824469632895016439
-0.00049823477822944103833
0.00043759497301803543828
-0.0003839647214252052281
0.00033579453737633956081
-0.00029203913294535859729
0.00025198137243350705035
-0.00021512683212043225759
0.00018113867325915934925
-0.0001497968545816835449
0.00012097307245258750512
-0.000094616992901738044124
0.000070752238820192251213
-0.000049483683543681621171
0.00003102347382730174819
-0.000015761356087528233081
4.4964190331862625571e-6
0.0034850239460094807743
0.0082247445238022447293
0.012514240179831242116
0.01745243156037020101
0.020906400902806489535
0.02632399476867449124
0.027929035511030179441
0.035850026696924565223
0.018086448527212126556
-0.0034927208319202188602
0.0020122121406554096847
-0.0014332467515098408139
0.001119084325503094835
-0.00091709517182317384909
0.00077281124083597060914
-0.00066210954953220607881
0.00057272661808793922676
-0.00049780251089639304005
0.00043322406385844906209
-0.00037639471795590397323
0.00032561184083824703302
-0.00027972891289645969128
0.00023796200669822152995
-0.00019977425215254683418
0.00016480502082457239725
-0.00013282643918391171714
0.00010371815336647800658
-0.000077456328108558668519
0.000054117237235084934087
-0.000033902771612223386324
0.000017215340919799470577
-4.909833000450988587e-6
0.0035299260516420307609
0.0080633233966815531878
0.012847515070131144525
0.016879462020804614498
0.021821661788303016624
0.024883067722222085778
0.030296115326234133835
0.03132332853820834447
0.03940439817919067692
0.019548473946767576618
-0.0037223908829323055213
0.0021189289241284373011
-0.0014933398171782064086
0.0011547922614302592838
-0.00093780659118194260669
0.00078335834337128667945
-0.00066531605750950327454
0.00057039926801587598836
-0.00049118158784727190718
0.00042321221046280975335
-0.00036368349939066850028
0.00031075686687927289385
-0.00026319738261828711985
0.0002201648884357623792
-0.00018108991918708729487
0.00014559863298800663469
-0.0001134683742882085022
0.000084605004707827959466
-0.000059039919408705332055
0.000036953327230315060236
-0.000018752921975382773665
5.346565301373570995e-6
0.0034915146767325136366
0.0082006314110939574261
0.012567130130843955022
0.017352844138168205655
0.021086919686298806668
0.025986835832398138219
0.028627961533967417984
0.033984863127488012696
0.034425547121242705389
0.04259066439906036111
0.020827981056736688806
-0.0039171059265734095009
0.0022054697108406606733
-0.0015389189403356322374
0.0011789842289104759957
-0.0009488825104676771259
0.00078558491232910678535
-0.00066119614293266367431
0.00056154342364955965293
-0.00047870413780381380251
0.00040793265819940469685
-0.0003462383237872588747
0.00029166641257356628626
-0.0002429089296217897582
0.0001990828346087710283
-0.00015959943269422916552
0.00012408722896402480651
-0.000092349703190684722905
0.000064351048377712977379
-0.00004023446295023103851
0.000020403254035985513148
-5.8147822773361371716e-6
0.0035248508630647365179
0.0080819621459653890463
0.012807521098636327039
0.016952167854718323597
0.021696752014156748806
0.025097734338281533769
0.029908927601726331671
0.032106080974620978327
0.037355862239142629948
0.03720666436698908914
0.045379109170865514456
0.021913023251100952786
-0.0040750823628853258176
0.0022710928721881751074
-0.0015696532214566725139
0.0011915532956789099791
-0.00095035892095754957761
0.00077962665779687762092
-0.00064995911357713325307
0.00054642494106874825481
-0.00046068102008128985479
0.00038773352175284928876
-0.00032443982426525979592
0.00026875167938663413338
-0.00021930639884639336678
0.00017519521011728045178
-0.00013582896242429826496
0.00010086264148239679536
-0.000070161918989912000919
0.000043811900641627895256
-0.000022198380798322366163
6.3234195824294983287e-6
0.0034955762194083832778
0.0081858435530047729625
0.012598347701832347531
0.017297525138047756528
0.021178439088579033431
0.025838036272513164634
0.028874622695677412889
0.033551284042405970355
0.035284911971838881984
0.040377688163769380522
0.039640670803475393517
0.047743720109838233289
0.022793469673940971178
-0.0041948684620174925523
0.0023152307769973396467
-0.0015853203919079553347
0.00119246402121280694
-0.00094231893871455808748
0.0007656492410539879248
-0.00063183174847161612197
0.00052531811127948757268
-0.00043742531771537100665
0.00036296154067516004868
-0.00029866640707215100704
0.00024242407104369163608
-0.00019283965814932924535
0.00014900170364401775004
-0.00011034874626521511068
0.00007660298547157431061
-0.000047761782194416749975
0.000024175124088754941381
-6.8826983542425430922e-6
0.0035215362923307132591
0.0080939501976657334213
0.012782527802624291926
0.016995612036758830785
0.021626848059562374983
0.02520700164817631448
0.029737764770772955913
0.032382387398535757223
0.036879896930056783525
0.038134741234102636094
0.043022162967274573791
0.041704811291528639794
0.049662434870756459687
0.02346109977020114141
-0.0042753615885823752773
0.002337502016783964669
-0.0015858184845806044954
0.0011817644764128985971
-0.0009249053171864475216
0.00074386123957437877984
-0.00060707167641692266188
0.00049851950270308324393
-0.00040926685309782492327
0.00033397772519077103579
-0.00026931187880644795623
0.00021311631447100667257
-0.00016399290877450302753
0.00012106081677950548356
-0.000083832671038543918401
0.000052175455142748627588
-0.000026377283564249269056
7.5047185738183774185e-6
0.0034983271941341323167
0.0081759460687308826725
0.012618781563499751711
0.017262533096501512124
0.021233562766977046165
0.025754356496159637038
0.02900050550494430292
0.033359403355316568214
0.035588304926171392683
0.039863695407497329495
0.040628936190684600341
0.04526462064913464942
0.043379793854511856872
0.051117349149275102432
0.023909680019818714855
-0.0043158206477270466413
0.002337719055964603765
-0.0015711725103984612035
0.0011595928620968949477
-0.00089832729400672982015
0.00071452135977228512211
-0.00057597511670477381912
0.0004663565225808568359
-0.00037656210717088599488
0.00030116958671063355295
-0.00023680166257327831244
0.00018130564606480898157
-0.00013332038139327157453
0.000092049102574258435523
-0.000057165679086875340254
0.000028858433206279453145
-8.2042046650243882278e-6
0.0035192189390803104688
0.0081022523894019797734
0.012765521292860295031
0.017024391390064406351
0.021582258025620616524
0.025273184924534258346
0.029641171678423702962
0.03252367514725035745
0.036669072704197474905
0.038462456651524723884
0.042474826370059366328
0.042744193958876151496
0.047084139229604511111
0.044649967605564198084
0.052094885048891514303
0.024135022128681950142
-0.00431587427339359391
0.0023158924117132689115
-0.0015415376661271188957
0.0011261805503993619108
-0.00086286380931407474041
0.00067794210360404380814
-0.00053888136282810675687
0.00042919332922018284954
-0.00033970261548441024241
0.00026496386392284479464
-0.00020161315837936372808
0.00014754797299899759832
-0.00010150662879071169986
0.000062875142233586898137
-0.000031685686534893048831
8.9994982550109754948e-6
0.0035003055064800373247
0.0081688830519877283514
0.01263315751239744283
0.017238438085301428251
0.02127040103811434273
0.025700642789567451826
0.029077082875344928778
0.033250814003665333661
0.035743703725204070263
0.039635829256363259993
0.040978020009869333803
0.044688910311515980312
0.044460758797482580446
0.048463737206529401715
0.045503467627924160798
0.052585918530757494193
0.024135022128681950142
-0.0042755250092540845934
0.0022722319348380847359
-0.0014971998817225687549
0.0010818525433257540758
-0.00081886425658598871644
0.00063449124201042935183
-0.00049617564977322179222
0.00038743624093056596853
-0.00029912493915592938906
0.00022584470665382975193
-0.00016430901450727619544
0.00011254006644631020041
-0.000069488638229265303408
0.000034944976050855529157
-9.9139343452621685996e-6
0.0035175092094000726884
0.0081083389322465558494
0.012753198333717905068
0.017044882353936458116
0.021551269392506611903
0.025317723985123279117
0.029578848401841051885
0.032609941801470289866
0.036549459161595139108
0.0386305913709542964
0.04223193723017815143
0.043111525142429620449
0.046485266641888672177
0.045762606678305387872
0.049390532550035890913
0.045932325201399296518
0.052585864905090946925
0.023909680019818714855
-0.0041951496088728196124
0.0022071454933700854839
-0.0014385741469327438483
0.0010270259227887772705
-0.00076674751396217625913
0.00058459212825286042989
-0.00044829196713564479501
0.00034154123432347065295
-0.00025532686497154894016
0.0001843862441362941639
-0.00012560163999079557229
0.000077251091131278016381
-0.000038748703278047369875
0.000010977810600915983505
0.0035018002861612299228
0.0081635746490170845716
0.0126438571994882811
0.01722076412754926047
0.021296888194333834845
0.025663022539962591126
0.0291289304247967669
0.033180423266987371375
0.035838919329233482077
0.039506214746632978159
0.041157442610770294367
0.044433118178618828233
0.044843078108307563577
0.047847104857588730341
0.046637595563224531112
0.049855862741944504779
0.045932542240579935614
0.052094721628219804987
0.02346109977020114141
-0.0040754955228745173309
0.0021212352106732657779
-0.0013662008538011961795
0.00096220665943251714156
-0.00070699987563253041212
0.00052872398964516619555
-0.00039571803150518234053
0.00029202798301177361847
-0.0002088990484490346549
0.00014131941975188576617
-0.000086495147993262198417
0.00004324716778710188133
-0.000012231287595664958913
0.0035161877030892908433
0.0081130222413640803612
0.012743794436825446478
0.017060328471039142241
0.021528297757378555439
0.025350027927544070348
0.029534886397417102818
0.032668687317137231783
0.03647156346149640412
0.038733986352859993187
0.042093387431188748618
0.043300728390922417999
0.046218771096353558478
0.046156550299348294895
0.048761678978351987797
0.047077580236151093343
0.049855364649271855618
0.045504129262640090063
0.051117068002419775372
0.022793469673940971178
-0.003917673607636327718
0.0020152913099979840944
-0.0012807402702342272865
0.00088798508258537112832
-0.00064017265422504693646
0.00046742404359036068414
-0.00033900664132507653544
0.00023950992253430689783
-0.00016059368153703997688
0.000097684952798682197051
-0.000048646187551937659872
0.000013728785326665022381
0.0035029815851526188019
0.0081593957462511576687
0.012652220753989401833
0.017207093375500628552
0.021317086369630943533
0.025634858593612386363
0.029166851529150493121
0.033130417787027316786
0.035904145375037618979
0.039421387717800413032
0.041268228591720528322
0.044286727522283195426
0.045040514406813194102
0.047572158653979416073
0.047039733381840552089
0.049220403178321449861
0.047078490961684990304
0.049389013261094102223
0.044651106668214107712
0.049662021710767268174
0.021913023251100952786
-0.0037231470573921368445
0.0018902835265460640955
-0.0011829651847183768355
0.00080503041355994509136
-0.00056688086245855809864
0.00040129529290655432878
-0.00027880300304340847798
0.00018476360179239295438
-0.00011148844400529731133
0.000055235219487446256302
-0.000015545858329688217651
0.0035151197870123844374
0.0081167941114168497894
0.012736267117581260766
0.017072580408133003574
0.021510298714304025051
0.025374942402224063292
0.029501646171962002738
0.032712028553572152391
0.036415805984046042871
0.03880528148096158695
0.042002200437260636486
0.043418113844002500875
0.046065643485685756159
0.046360656116752723167
0.048480556182570093384
0.047484459345034793498
0.049218926767831577409
0.046640375810726953714
0.048461118480737915057
0.043381469637041281683
0.047743152428775315072
0.020827981056736688806
-0.003493716505525207874
0.001747349933181547724
-0.0010737517393070892775
0.00071408520530035558909
-0.00048780620121005012046
0.00033102932481453366016
-0.00021591268165748910381
0.00012890252378707470613
-0.000063434045641122123479
0.000017790328002534663594
0.0035039584394336747292
0.0081559502874282180762
0.012659079327400714668
0.017195971375919421883
0.021333344006405512369
0.0256124980054762966
0.029196448106279766938
0.033092201307368010714
0.035952732165988490733
0.039360145276153440356
0.041345205246594104717
0.044189730001592574072
0.045163727137419132603
0.047413381128249554727
0.047248960771621553721
0.048935360314873403558
0.047486685913992613604
0.048757166630819372316
0.045767407278972023536
0.047080279165060148765
0.04170711757807346827
0.045378352996405683132
0.019548473946767576618
-0.0032315011247664238068
0.0015877828499725789492
-0.00095406858696636026283
0.00061596190896600232017
-0.00040371277718967629584
0.00025746943570610205333
-0.000151482415500114797
0.000073873968771282114762
-0.000020621046906982460717
0.0035142148377354992888
0.008119982024533035832
0.012729935426243253114
0.017082814219275631617
0.021495405339221898997
0.025395311477821610092
0.02947487317845168529
0.032746306367356351022
0.036372671306576799947
0.038858985886836931706
0.041935691026369837302
0.043500434661363658538
0.04596333406583784633
0.046488975476543833758
0.04831716255053382275
0.047697317639275961057
0.048932153806896106362
0.0470465487988014591
0.047839294712225456669
0.044467855022378847521
0.045259293253711746385
0.039643749972817967926
0.042589668725455372096
0.018086448527212126556
-0.0029389153087436418042
0.0014130112282375941318
-0.00082496513748640314161
0.00051154810830685079357
-0.00031550010385948445904
0.00018179247479978761201
-0.000087547158349409426754
0.000024281058725567525916
0.0035048085857018620376
0.0081529587215403635357
0.01266500918080372798
0.017186415140054398173
0.021347196772293148077
0.025593646624089826142
0.029221073666815186068
0.033060908242762606964
0.035991758381165093763
0.039312074725655585493
0.041403980741039870561
0.044118085635147264169
0.045251144810505602796
0.047306164261827488048
0.047381765066619394271
0.048768279035593341322
0.047701799561034950119
0.04847072166418090233
0.046168384445818832291
0.046473676705855524194
0.0427540286075696615
0.043015021710224494418
0.037210731939918953158
0.039403085171165672722
0.016455555694090461709
-0.0026186399816093531316
0.0012245785145996562195
-0.00068756223202040941071
0.00040184167512744349826
-0.00022437510179675326053
0.00010610102887895957097
-0.000029159624508915132437
0.0035134034180331075615
0.008122834516354382481
0.012724291316553448339
0.017091886192551573012
0.021482300496951071744
0.025413065924248090006
0.029451807364897695825
0.032775423571382191716
0.036336645587490126191
0.03890294431164855106
0.041882540306219060661
0.043564370365775896558
0.045886542503654815254
0.046581395563032119195
0.04820528076497735917
0.047834157233128418056
0.048762129018179679454
0.047262742997969402363
0.047555010216529122211
0.044860731264504482423
0.044672754547488628869
0.040642198263865189855
0.040368201060123672691
0.034430935760790938735
0.035848273641588203403
0.014671023369633886786
-0.0022735863862201545885
0.001024114875259018526
-0.0005430592323928233873
0.00028809443869926522611
-0.00013247193019023505476
0.000035916641245019142583
0.0035055974518814507984
0.0081501879315962525186
0.012670482952816427695
0.017177637381623820932
0.021359837289207238963
0.025576588660125459068
0.029243127245334207113
0.033033231736980201817
0.036025762589361639414
0.03927092577352805282
0.041453249579574868103
0.044059500343765827363
0.045320555421709202371
0.047223972121556371507
0.047479350239586532156
0.048651700979937204059
0.047842516851688118525
0.048298184820833525099
0.046384822413176237929
0.0461930124189023851
0.043136326680608132373
0.04245285662005764398
0.03815251075190404397
0.037343191744983197257
0.031330571246831058096
0.031958290532664485654
0.012749514815594044049
-0.0019068474263824551597
0.00081330558445954821921
-0.00039282048967606481764
0.00017241787590758782098
-0.000045755273851259726826
0.0035126193435354309096
0.0081255863678423939352
0.012718862517776898976
0.017100574075511806546
0.021469823489636243124
0.025429845017944580585
0.029430206642170348063
0.032802392536923676704
0.036303713491676521888
0.038942507453935736088
0.041835573883736981637
0.043619658354875157376
0.045821810651408576514
0.046656980877377892767
0.04811702137570460498
0.047937512548419668052
0.048640350648420986475
0.04740768513135676973
0.047379853204160643024
0.045077155506949183122
0.044396541528125902962
0.041012140195428476361
0.039833896954603006913
0.035308940517289547131
0.0339676288536295783
0.027939035343515670321
0.027769217080147444796
0.010708974505556670164
-0.0015216250935324492254
0.00059388282885519792688
-0.00023888079031734537449
0.000061092840360261211555
0.003506398529626303973
0.0081473782558815152153
0.012676019193684576775
0.017168793108245474941
0.021372509106402953619
0.025559598327121666471
0.029264919731797034594
0.033006143747103318035
0.036058665562261118303
0.039231644158068772406
0.041499539428351072329
0.044005478831270793413
0.045383163329904545836
0.047151739661307708426
0.047562503718043655581
0.048555960640736137085
0.047953049700790225844
0.048169842275009088726
0.046535256403624281966
0.046014143858704718744
0.043353531441695474162
0.042180796475434121558
0.038509545817642799542
0.036838859499715670708
0.03213938302105204633
0.030271878863501848755
0.024288865299844758291
0.023319694883763536204
0.0085684657282553582757
-0.00112110938097926886
0.00036787796590901748883
-0.000087499214900480150303
0.003511770504735473249
0.0081285619303453958286
0.012713005239586147837
0.017109917560297885357
0.021456462526168814444
0.025447714970824410033
0.029407355879648278567
0.032830691226185970198
0.036269491124457720104
0.038983151533009143775
0.041787972270496676498
0.043674810092600402748
0.045758434926640510133
0.04672936866292132785
0.048034673457972766215
0.048030994313112516975
0.048534238571757624966
0.047528395307523735981
0.047241869684912825884
0.045236187413039533686
0.044210898830826945037
0.041233030100515229297
0.039563432209281972564
0.035654943087615332504
0.033492744577764270908
0.028676226107296295493
0.026287980130802165415
0.020416080750924461728
0.018650189585228977712
0.0063480163273155148639
-0.00070830969427903740928
0.00014082858422392694664
0.0035073474629767601781
0.0081440532433972609373
0.012682559248347870521
0.017158372404002448485
0.021387387658890964586
0.025539737360906337406
0.02929025551796286919
0.032974858612505075984
0.036096368401267507577
0.039187050416602352923
0.041551513721853557609
0.043945604530039752145
0.045451503292190271051
0.047074301069608168168
0.047649769485827124168
0.048458004487732373329
0.04806274984568983273
0.048047072126478143841
0.046672819791414134201
0.045859469397460315883
0.043528555709107269332
0.041980693846434591614
0.038742004222142622259
0.036562077039147940772
0.032481982952060987318
0.029819729335954622286
0.024958734449780818903
0.022046708073597581334
0.01636218074038468778
0.013801170284245097111
0.0040685986827264176513
-0.0002874776381015895757
0.0035106010723769226461
0.0081326583175169011484
0.012704952389015231897
0.017122738314378185793
0.021438177044680205724
0.02547209010899052513
0.029376314445946512578
0.032868942882608036493
0.036223506187412150109
0.039037382143417925217
0.041724984426984453618
0.043747076312862830829
0.0456763476928394963
0.046821855483120246865
0.047931154202922274843
0.04814625730283093385
0.048406409164080389862
0.047669771480973010148
0.047085741585458343491
0.045408598250951833333
0.044020191356853830498
0.041444788325996959809
0.039326685689293748726
0.035922614951139618115
0.033184577401809138008
0.029041740050420010929
0.025831492920113435867
0.021045087906702453716
0.017564214934642375552
0.012186540233311149705
0.0088037858427241268218
0.0017546525023675241501
0.0035093050047350483002
0.0081371973654528353026
0.012696032654631029728
0.017136931456510716551
0.021417949011113340328
0.025499029631188088098
0.029342046739267773573
0.032911111388180923419
0.036172897054424253113
0.039096947893535153236
0.041655962113473377611
0.043826046502201905571
0.045586939347881942356
0.04692219954040228282
0.04781936003963742971
0.048270044257363900283
0.048270044257363900283
0.04781936003963742971
0.04692219954040228282
0.045586939347881942356
0.043826046502201905571
0.041655962113473377611
0.039096947893535153236
0.036172897054424253113
0.032911111388180923419
0.029342046739267773573
0.025499029631188088098
0.021417949011113340328
0.017136931456510716551
0.012696032654631029728
0.0081371973654528353026
0.0035093050047350483002
0.0013680690752592182275
0.0071942442273658322999
0.017618872206246784613
0.032546962031130155415
0.051839422116973938017
0.075316193133715014933
0.10275810201602879652
0.13390894062985515981
0.16847786653489239951
0.20614212137961883548
0.24655004553388530499
0.28932436193468232732
0.33406569885893617511
0.38035631887393146273
0.42776401920860175326
0.47584616715613084188
0.52415383284386915812
0.57223598079139824674
0.61964368112606853727
0.66593430114106382489
0.71067563806531767268
0.75344995446611469501
0.79385787862038116452
0.83152213346510760049
0.86609105937014484019
0.89724189798397120348
0.92468380686628498507
0.94816057788302606198
0.96745303796886984459
0.98238112779375321539
0.9928057557726341677
0.99863193092474078177