0.00089566578882088973279
-0.00034091267907859251972
0.00026147128097352148251
-0.00022038694315302152934
0.00019359778610989785223
-0.00017406203142064043191
0.00015881295369277936678
-0.0001463442606689198678
0.00013579694437676579882
-0.00012664033706368093412
0.00011852683829922863978
-0.00011121836309806117203
0.00010454602596899683343
-0.000098386628068474526105
0.000092648241529563890381
-0.000087260999686856590726
0.000082171006319477451538
-0.000077336187349423383083
0.000072723393028172858913
-0.000068306328640162550553
0.00006406404819660748669
-0.000059979839392281696199
0.000056040386054868858962
-0.000052235131100977409738
0.000048555786932871808125
-0.000044995956116749865786
0.000041550835989945514356
-0.000038216988346211909011
0.000034992160681265134795
-0.000031875149385334180198
0.000028865698247474120657
-0.000025964428050396790463
0.000023172795176565661405
-0.000020493079295752216418
0.000017928402693564325618
-0.000015482787114477932945
0.000013161258954564380228
-0.000010970021802322003127
8.9167298886119955841e-6
-7.0109241345702493875e-6
5.2647518918507531077e-6
-3.6942316969043770784e-6
2.3217092816997475033e-6
-1.1814758761568783631e-6
3.3735646246624162899e-7
0.0019380752417632756188
0.0020807973240545604114
-0.00056715393075505143451
0.0003996024720724587494
-0.00032646112076264395765
0.00028286695119769069751
-0.0002526081283358314194
0.00022963716385725568325
-0.0002111485591487484162
0.00019564584812807573112
-0.00018224953769385805235
0.00017040479072357940904
-0.00015974231200118652267
0.00015000587076555950867
-0.00014101175710037889717
0.00013262476373357779589
-0.00012474327063895650464
0.00011728961027033570752
-0.00011020363276636964434
0.0001034382839302629326
-0.000096956490730273702549
0.000090728920500423535549
-0.000084732338756068790231
0.000078948386495793765737
-0.000073362657606463866544
0.000067963995194983404856
-0.000062743950715949467398
0.000057696366579997903753
-0.00005281705450073846191
0.000048103550033631663626
-0.000043554929784371904063
0.000039171682439568684996
-0.000034955628711218788081
0.000030909889019439410292
-0.000027038901837059618178
0.000023348500862306368809
-0.00001984606684351197079
0.000016540782316027224492
-0.00001344403956158392352
0.000010570094577197941449
-7.9371494535922620814e-6
5.5692570068622773027e-6
-3.5000218252603717815e-6
1.7810690757908647563e-6
-5.0855867140818906429e-7
0.0017194448477663225053
0.0045238455492274595877
0.0032577762478956960802
-0.00078050291599970500731
0.00052017402200902760321
-0.00041303423255529185801
0.00035208174742991184317
-0.00031122495471573165836
0.00028098937436603004349
-0.00025709807580904080829
0.00023732909059751619443
-0.00022040823574481210797
0.00020554944293946769401
-0.00019223986838976856409
0.00018012992875121444817
-0.0001689728642321001518
0.00015858954082346833559
-0.00014884694437255017704
0.00013964449948862815385
-0.0001309050620569512304
0.0001225688110271540891
-0.00011458899903309607734
0.00010692892985305227966
-0.000099559766804946800289
0.000092458917267885076299
-0.000085608825409724368103
0.000078996060186049054859
-0.000072610621372803619787
0.000066445410159746828048
-0.000060495827085553993063
0.000054759471581142526745
-0.00004923592588031590733
0.000043926612782779100322
-0.000038834722667963733363
0.000033965211160708812638
-0.00002932487603700940698
0.000024922532004796327254
-0.000020769317920755672095
0.000016879198914995181298
-0.000013269779388808955922
9.9636554708397991248e-6
-6.9908010344842276033e-6
4.3932098922274082178e-6
-2.2355237112550504797e-6
6.3831135626628339741e-7
0.0018359968643810814101
0.0039734481124204191231
0.0070909050716015159913
0.0044193838144843976543
-0.0009873732481647767149
0.00063352437689829463503
-0.00049165858433112816683
0.00041290571773979890851
-0.00036124035455027104931
0.00032369035725490948302
-0.00029445433179331881627
0.00027054863028228634973
-0.00025028025700844744451
0.00023261585909580729414
-0.00021688830820902484756
0.00020264743882417625306
-0.0001895785391571615267
0.00017745520436860741802
-0.00016611073388449290863
0.00015542006766239828064
-0.00014528798035749722148
0.00013564113411578103764
-0.00012642259003994451915
0.00011758793235663377488
-0.00010910247817835101307
0.00010093923549295390874
-0.000093077388338561066344
0.000085501161414070604941
-0.000078198963766772333127
0.000071162742653259352027
-0.000064387500166147929743
0.000057870940472562871219
-0.000051613226948890497339
0.000045616837850157748744
-0.000039886517864291538906
0.000034429332503050367329
-0.000029254844898334195673
0.00002437545385377444359
-0.000019806965180960322356
0.000015569531427983647121
-0.000011689227468884517033
8.2008410882282231521e-6
-5.1533124344766686994e-6
2.6221970218721878849e-6
-7.4870096959003885552e-7
0.0017601445088607100004
0.0042837716414443265389
0.0062107643321460374093
0.009623589798611905151
0.0055599618876446830985
-0.0011884075726978867022
0.00074180899460797586715
-0.00056522279624941120604
0.00046857306738570521249
-0.0004060229139309474815
0.00036112498515898589399
-0.00032655191632234756044
0.00029855150059235097509
-0.00027500479065457779947
0.00025462507113871500388
-0.00023658609039581760249
0.00022033335232188128139
-0.00020548132128057912629
0.0001917541285212370037
-0.00017894971106598380227
0.0001669172396698522213
-0.00015554241924822899562
0.00014473763112078906969
-0.00013443515200998455447
0.00012458238540849021611
-0.00011513844364703065816
0.00010607165825935615386
-0.000097357742698602495296
0.000088978423606083393267
-0.000080920416363549257118
0.000073174660191543112523
-0.000065735755174386769942
0.000058601563044967054678
-0.000051772948519546474097
0.000045253650816414063556
-0.000039050287928619498289
0.000033172511960893210666
-0.000027633356715513453707
0.000022449857048194969014
-0.000017644091529626213777
0.000013244950321462397177
-9.2912835957763327162e-6
5.8380544311371843151e-6
-2.9704518983046933847e-6
8.4810979849330292388e-7
0.0018146909059518500096
0.0040734040461263133656
0.0067171650711207095978
0.0084192643419864605696
0.012109951922233848169
0.0066740534918944162014
-0.0013832030505087696617
0.00084548612672660721903
-0.00063462428296899194688
0.00052023204606249869173
-0.00044686392832604054121
0.0003946608991551465957
-0.00035479211748062360397
0.00032274479827809552486
-0.00029597640505145054984
0.00027294698917533669455
-0.00025267045796156119145
0.00023448700740744896975
-0.00021793928870376461964
0.00020270106566910543998
-0.00018853412629126789088
0.00017526120441404007888
-0.00016274837681254207116
0.00015089328168815694651
-0.00013961703206831009456
0.00012885854287885736079
-0.00011857047605688624927
0.00010871629644472318985
-0.000099268107658819647246
0.000090205048145229499939
-0.000081512099420491668275
0.000073179206317384526383
-0.000065200642128777394136
0.000057574575723340988733
-0.000050302817051184016747
0.000043390735287232438621
-0.00003684736373345279857
0.000030685732677231056269
-0.000024923515152788945451
0.000019584151342270090987
-0.000014698784863798044173
0.000010309736845157671748
-6.4773187928715485833e-6
3.2954822040232227469e-6
-9.4087422328568552217e-7
0.0017729926109418509933
0.004229361928096557708
0.0063676730833406827779
0.0091189032269341945719
0.010588174554319408106
0.014538303223960875306
0.0077563437336288667906
-0.0015710713435174446766
0.00094449741280705581869
-0.00070011088330321621469
0.0005683135216291098492
-0.00048431028292003541356
0.00042491908239274013459
-0.00037984205935665012168
0.0003438224890179186403
-0.00031390229865494182115
0.00028829230980456378958
-0.00026584857210684301237
0.00024580691327749730292
-0.00022763856205984106597
0.00021096701716985004757
-0.00019551787234970611463
0.00018108730935912277204
-0.00016752163494953846239
0.00015470359996379770274
-0.00014254302107769432858
0.00013097021191000415246
-0.00011993129672370128806
0.00010938481634665022527
-0.000099299241830334747852
0.000089651141014701560402
-0.000080423827200252961189
0.000071606375438185553005
-0.000063192931438823807475
0.000055182267865160445319
-0.000047577568064066514475
0.000040386442979301413552
-0.000033621219360303842662
0.000027299587196797143469
-0.00002144578412823003677
0.000016092678955144398304
-0.000011285546945949793608
7.0895070148020927751e-6
-3.6066376768399697908e-6
1.0296616787056653812e-6
0.0018062236949609347831
0.0041073062880074219159
0.0066307466480189606327
0.0086314446762258580983
0.011476971485103020153
0.012706999366621649664
0.016897170769533827869
0.0088016730504022540619
-0.0017512377507429434562
0.0010385948329806059051
-0.00076167512203405493882
0.00061295325427783423128
-0.00051859175530037933389
0.00045219343932010287193
-0.00040203984534427110503
0.00036215287801952030158
-0.00032917082731287790336
0.00030106191848929934834
-0.00027652818991754161058
0.00025470339365722915395
-0.00023498872826764588855
0.00021695828279291266478
-0.00020030198574617313809
0.00018478979532895440964
-0.00017024845395620973637
0.0001565459573057542895
-0.00014358091687136670834
0.00013127511749857942747
-0.00011956821619224852417
0.00010841391147964048237
-0.000097777147167002987856
0.000087632062271787994328
-0.000077960495196104361853
0.000068750915359146635669
-0.000059997702235893699316
0.000051700728699985553889
-0.00004386523982736455186
0.000036502057789758829158
-0.000029628200526073413203
0.000023268101434016892441
-0.00001745581882968527083
0.000012239092001623360346
-7.6873783222543098595e-6
3.910394692448326148e-6
-1.1163188151495870037e-6
0.0017789268919542185323
0.004206403898995302914
0.0064221924769787769701
0.0090015876330454475993
0.010854219270319375869
0.013780079533166712883
0.014765537811857376857
0.019175373543876534506
0.009805059182325611891
-0.0019229109849007021984
0.0011274567679724446703
-0.00081919925198168408636
0.00065415261524244147995
-0.00054978845288088640167
0.00047661923216409579654
-0.00042156046258310882425
0.00037793987509863895372
-0.00034200693186133599451
0.00031149585520640063141
-0.00028495990135677969208
0.00026143404809751290309
-0.00024025161079758329084
0.00022093870050433552649
-0.00020315055727886150676
0.00018663159799751204557
-0.00017118949058074125823
0.00015667784029932405016
-0.00014298433918302036509
0.00013002248299736760912
-0.00011772568038406858156
0.00010604300667312742628
-0.000094936117225291103177
0.000084377001092083838734
-0.000074346364491318781452
0.000064832508339520622448
-0.000055830619670067204858
0.000047342444075881787658
-0.000039376355823930078329
0.000031947908533864211162
-0.000025081059891575841744
0.000018810483321963770124
-0.000013185885534684181883
8.2806264901491656061e-6
-4.2116668561701575199e-6
1.2022456126185204184e-6
0.0018018714741940084572
0.0041237661829064739133
0.0065933809461647597541
0.0087058416745497608388
0.011329692463731023663
0.013025476730779157588
0.016017281581683137165
0.016753911995370135092
0.021362092556386906772
0.010761720177291242788
-0.0020853135083798369489
0.0012107370210202805568
-0.00087251758770939842832
0.00069184924011339820787
-0.00057790602644112255683
0.00049825020638666325803
-0.00043849301573690506501
0.00039129913771043881275
-0.0003525464122038168471
0.00031974523011592739932
-0.00029130639335475535799
0.00026617020376295309757
-0.00024360483711491113978
0.00022309031633237055321
-0.00020424852960986602699
0.00018679932326075883201
-0.00017053201695694819083
0.00015528638869898132832
-0.00014093966797809436117
0.00012739745402951507787
-0.00011458726821668761406
0.00010245392061197774272
-0.000090956160131934046265
0.000080064261366008216432
-0.000069758322971206523059
0.000060027138432930947071
-0.00005086756773383316701
0.000042284402770948035758
-0.000034290797924083234318
0.000026909460902979092106
-0.000020175037912881779377
0.000014138672284803879506
-8.877194635430586013e-6
4.5144732732868083675e-6
-1.2885860722616606645e-6
0.0017822324474329225392
0.0041940983936965656429
0.0064492836476838430243
0.0089503040905140384257
0.010947829451716261449
0.013603731307409671546
0.015134869827717633999
0.018177954800400068874
0.018662600708614342656
0.023446931741903246171
0.011667096929593341317
-0.0022376973400579969628
0.0012880885383166765614
-0.0009214466562387231957
0.00072595163770369202864
-0.00060291306892799068032
0.00051709750258769196859
-0.00045288021556927915086
0.00040229746624280744972
-0.00036087475898070103581
0.00032591016755748529631
-0.00029567928801976435603
0.00026903250592404269278
-0.00024517609406763229958
0.00022354625623622442242
-0.00020373316503973000757
0.0001854333103058644645
-0.00016841859283801769
0.00015251570148036638208
-0.00013759201644005334708
0.00012354577878979168937
-0.00011029912668101031173
0.00009779311109881295955
-0.00008598411953474183962
0.000074841337886324802531
-0.000064345017135243676906
0.000054485411841845000775
-0.000045262344355454922985
0.000036685444557996421767
-0.000028775255217176152713
0.000021565653849831583734
-0.00001510862835282340165
9.4840266470620414895e-6
-4.8223199762075371249e-6
1.3763369789188470652e-6
0.0017992899925362133057
0.0041332666638526253207
0.0065729183100364748673
0.0087432439254965731484
0.011264977252033682572
0.013137672031597412561
0.015812800481507214271
0.017172326839091987061
0.020251835827680307064
0.020482476597508653301
0.025419972630878156196
0.01251687480948800745
-0.0023793536776009023877
0.0013591762770343227564
-0.00096580125044983772598
0.00075635766866925888182
-0.00062476125882335646241
0.0005331508302284646496
-0.00046474008625707697821
0.00041097466807741932401
-0.00036704889426250441914
0.00033006121856875845622
-0.00029816007975847494227
0.0002701112760817682897
-0.00024506283635192321014
0.00022240973914247757431
-0.00020171233629390543909
0.00018264518797572197112
-0.00016496388702252055991
0.00014848293254666162383
-0.00013306061893285237721
0.00011858851493172344078
-0.00010498403296625666333
0.000092185140625977089535
-0.000080146607862302956333
0.000068837404714582631654
-0.000058239018518868607372
0.000048344581863868574946
-0.000039158824006422148928
0.000030699020642072002893
-0.000022997403502148082493
0.000016106122169579533884
-0.000010107541940533622182
5.1384403325436637764e-6
-1.4664163628836155637e-6
0.0017842948098215271898
0.0041865733263137583693
0.006465230568798909567
0.0089218881046004455351
0.010995182327703740346
0.013526050985161112674
0.01526501200125975887
0.017946359074579782004
0.019128116178538789647
0.022229068007485634638
0.022204844711626917851
0.027271824523054101342
0.013307004182817237986
-0.0025096195399367691847
0.0014236849150505298115
-0.0010054037000009657485
0.00078296514125078905512
-0.00064339694011522415457
0.0005463907132911140627
-0.00047407860950534478517
0.00041735638627103648993
-0.00037111001811799311976
0.00033225209791273184909
-0.00029881266703218740035
0.00026947876798019478583
-0.00024334421636734023908
0.00021976564624857730133
-0.00019827571387865221386
0.0001785286696470119764
-0.00016026507875436846851
0.00014328830660899404773
-0.00012744847851897714008
0.00011263133629007663934
-0.000098750400885167016303
0.00008574144041448607603
-0.000073558610961038701676
0.000062171881662389455917
-0.000051565534972146808829
0.000041737693457330942161
-0.000032701017245881589674
0.000024485034543473312338
-0.000017141248071881617163
0.000010753966393054273162
-5.4659619613608553651e-6
1.5597109301133108245e-6
0.0017976108491952440567
0.00413935308839597839
0.0065601789021166823056
0.0087655141519582177701
0.011228876796209009013
0.013194618379517951761
0.015722623652528001282
0.017319739266952492116
0.019994243773833942905
0.020992897626676517819
0.024100249309295772788
0.023821480906223257914
0.028993670953532830124
0.014033719689946619161
-0.0026278827936099608542
0.0014813238809598199887
-0.0010400896117141118171
0.00080567826290649008215
-0.00065876814851042857748
0.0005567959344569558502
-0.00048089744314500261104
0.00042146197095978641015
-0.00037309153383688686363
0.000332527584657784157
-0.00029769116752832145246
0.00026719685154865368039
-0.00024008860370328206695
0.0002156878535794249087
-0.00019350189868730950025
0.00017316648158654513708
-0.0001544085861318295349
0.00013702166115723541945
-0.00012084874674820961277
0.00010577078836103841996
-0.000091698468450864244166
0.000078566513301699698801
-0.000066329830472602375635
0.00005496110638445439749
-0.000044449715536644413962
0.000034802030270454966
-0.000026043579428692610428
0.000018224241562744740649
-0.000011429587694483605191
5.8080347762225805391e-6
-1.6571123297910431253e-6
0.0017856840782874685088
0.0041815637313799016259
0.0064756150622410106305
0.0089040011596852304817
0.011023575043834724701
0.013482544288592216525
0.015331192598856336763
0.017844174307878330499
0.019292068800233488837
0.02194670494912552075
0.022757767916627620608
0.025856478409026365094
0.025324669126773235604
0.030577312757907304048
0.014693558179710434644
-0.0027335861906211315549
0.0015318308715580705802
-0.0010697116385955172625
0.00082441177023289381205
-0.00067082906774040605675
0.00056434824691477280738
-0.00048519881345340225446
0.00042330948398357794739
-0.00037302410680962835557
0.00033092858792172292131
-0.00029484495346237777327
0.00026332198967629423586
-0.00023535848372685514803
0.00021024404061362743611
-0.00018746313660632314008
0.00016663498751856573279
-0.00014747461363628521453
0.00012976694086443932327
-0.00011334920302390125075
0.000098098810291776636754
-0.00008392494869833580211
0.000070762843389255540796
-0.000058570052987804289645
0.000047324484465733531769
-0.000037024123436635015347
0.000027688890385184294103
-0.000019365838594650958903
0.000012140973866404978989
-6.1679397349683581919e-6
1.759547828679791344e-6
0.0017964454148050593761
0.0041435380833955909005
0.0065515704418374005066
0.0087801695248843538143
0.01120599178237978607
0.013228914542234299369
0.015671993516742580607
0.01739478279700168108
0.019880570750224761225
0.021172599704103262224
0.023794448555526718204
0.02441430305555471575
0.027489398196706211308
0.026707236948636445143
0.032015207810760308983
0.015283375207766630625
-0.0028262307243196817811
0.0015749744424070160959
-0.0010941420726280647016
0.00083909367999819588534
-0.0006795429557804223278
0.00056903545115521412342
-0.00048698870637435864064
0.00042291896789416394708
-0.00037093897852423514942
0.00032749547853949913491
-0.00029032197962927365295
0.00025790854755809535888
-0.00022921373948104853829
0.0002034989426896511647
-0.00018022854682493468023
0.00015900740701863586783
-0.00013954038583441677447
0.00012160548653465963314
-0.00010503565938291757554
0.000089706346466469651217
-0.000075526985875394305048
0.000062435410371534582446
-0.000050394565444772852987
0.000039391384977202845784
-0.000029438159097542650289
0.000020577619066520992946
-0.000012895179624718682142
6.549190661539231229e-6
-1.8680088939706788018e-6
0.0017866735977535124805
0.0041780224676927365984
0.0064828539219199152875
0.008891793023741203875
0.011042391045651827385
0.013454834688112484563
0.015371165739398732965
0.017786712428935914556
0.019375584288315331308
0.021822100583181414196
0.02295236542757533909
0.02552867875055125611
0.025954598048562274303
0.028991236435540869421
0.027962588943183174648
0.033300507401642711217
0.015800360018454984437
-0.0029053784597961063402
0.0016105559808879662433
-0.0011132746881459869057
0.00084966717396558193182
-0.00068488411300643303606
0.00057085344684167657719
-0.00048627898926407378761
0.00042031461998839959028
-0.0003668701760777663722
0.00032227032016055424321
-0.00028417102626381759033
0.00025101104238292670774
-0.00022171390899779560775
0.00019551662361398613682
-0.00017186642598512685636
0.00015035617865483851678
-0.00013068261226552228191
0.00011261866630747536786
-0.000095994854983620815449
0.000080686651401173399103
-0.000066606099159434957892
0.000053696639433121413922
-0.000041930731944099064954
0.00003131046656498291688
-0.000021872364577558445932
0.00001369995865583303555
-6.9556380703486677171e-6
1.9835801945351699331e-6
0.0017955962721709299141
0.0041465684708006829954
0.0065454077216812597491
0.0087904829168002932651
0.011190263934916173795
0.013251753448800960719
0.015639642687887029442
0.017440198668812591698
0.019816582353310084561
0.021264171844691123645
0.023659509796407123078
0.024622878907888430028
0.027141139259413668794
0.027371304123479755589
0.030354843415134377788
0.029084737558762096915
0.034427089162552898577
0.016242048937680857713
-0.0029706549210117073237
0.0016384112323145560477
-0.0011270260749639919107
0.00085609190829152634091
-0.00068683922019392080448
0.00056980761289663679437
-0.00048308883210171755621
0.00041552624882688318813
-0.00036085599774753250516
0.00031529837953633152509
-0.00027644323317888340021
0.00024268570527920834307
-0.00021291978536685587407
0.00018636213259015700416
-0.00016244599213176821429
0.00014075483710332587824
-0.00012097956698235611428
0.00010289026150164619178
-0.000086317305976262852254
0.000071138848818209325122
-0.000057272845647618680681
0.000044672835348342200731
-0.000033327404747287892785
0.00002326445698586320916
-0.000014563997347925932022
7.3915825305026287629e-6
-2.1074711167787039703e-6
0.0017874092283156637694
0.0041754033178120433702
0.0064881575001037533422
0.0088829740715918595327
0.011055722642965211982
0.013435696345665806871
0.01539787810872363678
0.017749911276519714314
0.019426198498719071291
0.02175190770484472997
0.023051552148290500398
0.025384043211068976267
0.026176174094417516435
0.028624152607756322074
0.028657663366390536851
0.031573726470116098916
0.03006833127739169802
0.035389586441400182113
0.016606337112460632021
-0.0030217510786067711791
0.0016584114764933669246
-0.0011353366002607698335
0.0008583449184824501841
-0.0006854082411028694024
0.00056591372749099926235
-0.00047744565133595910718
0.00040859024368922322526
-0.00035294000929760848514
0.00030662915291408335582
-0.00026719316341027269837
0.00023299159526290221238
-0.00020289460236203113993
0.00017610279461778476561
-0.00015203882974443886384
0.00013027968724605219211
-0.00011051310324073203312
0.000092508991374209341697
-0.000076100604126029276857
0.000061172429269664672401
-0.000047653235894461970438
0.000035513814593030693483
-0.000024770345244241816584
0.00001549718561104873307
-7.8619049984475243779e-6
2.24105183708314831e-6
0.0017949534989173856218
0.0041488524848660349063
0.0065407994952411918619
0.0087981044908557702822
0.011178826433330584308
0.013268017076267432828
0.015617216024944625367
0.017470627424746422044
0.019775529997298473661
0.021319727775540148416
0.023583453170009189407
0.024729210533640834241
0.026987484393185033751
0.027604844384209477139
0.029970656756800097707
0.029807540620918359035
0.032642081242557781228
0.030908679856348088839
0.036183414012582766721
0.016891488540901884068
-0.0030584249619622026892
0.0016704644119890694116
-0.0011381710825441799873
0.00085642122360533881411
-0.00068060500891680921259
0.00055919855882255602661
-0.00046938571575646022717
0.00039955020257657184975
-0.00034317170141792482764
0.00029631706319110500808
-0.00025647955579539164425
0.00022199143122231159033
-0.00019170498190396214058
0.00016480932716594303861
-0.0001407202555615891317
0.000119011538939973321
-0.000099370939539868394156
0.000081571634745572945774
-0.000065453832895266559776
0.000050913737174707637633
-0.000037898694181397190247
0.000026409112642962583232
-0.000016510942617917948307
8.3722224356567983417e-6
-2.3858962122533639744e-6
0.0017879752667036952452
0.0041733953677564255445
0.0064921962493040590236
0.0088763248311008261572
0.01106563940144195496
0.013421707604990184193
0.015416973915205387915
0.017724326242001477698
0.019460179509305127239
0.021706812571612090711
0.023111779644696312471
0.025302483022591538977
0.026289153646004872256
0.028462193880127325808
0.028902078117318853464
0.031174238849978215144
0.030815452495067593189
0.033554819571117474654
0.031601776498825925158
0.036804790021415903006
0.017096144344667418633
-0.0030805029080955993109
0.0016745147826027747788
-0.0011355192289758686014
0.00085033419431149738442
-0.00067245757155674941164
0.00054970020993160570601
-0.00045895450424707019422
0.00038845731428959824834
-0.00033160690935204316629
0.00028442193525781494047
-0.00024436588244930812995
0.00020975227047678788716
-0.00017942179132523824758
0.00015255696180228278777
-0.00012857083316392198697
0.00010703781079319183442
-0.000087649659411446136365
0.000070187422026727882293
-0.000054504192384997481218
0.000040516346889591125995
-0.000028203185259835352121
0.000017618619643640406563
-8.9290788937843751374e-6
2.5438342311735851195e-6
0.0017944514372716231568
0.0041506308938123110803
0.0065372319302235571505
0.008803954993460126629
0.011170146981469867332
0.01328017735443393115
0.015600757321924339292
0.017492447711929153916
0.019746922837640981551
0.021357089551263099134
0.023534533771643991045
0.024793825351680173177
0.026900800173450285803
0.027723948697040981077
0.029801145088008903545
0.03006169111948974735
0.032229165860949921652
0.031676593327869936123
0.034307593896438670424
0.032144316825496215075
0.037250754069921635364
0.017219329244415330721
-0.003087880454069398405
0.001670544767312025528
-0.0011273958682805857066
0.00084011572572761620217
-0.00066100834416093518526
0.0005374682719846284136
-0.00044620687546669042986
0.00037537056043598430752
-0.00031830806752356157278
0.00027100933178194698403
-0.00023092080728787439068
0.00019634615142997363643
-0.00016612106161068336716
0.00013942677583745085182
-0.00011567832920598178352
0.00009445544239556884977
-0.000075459117195841378699
0.000058484846840411635983
-0.000043407865133750910046
0.000030179236232685111839
-0.000018836009169659320075
9.5401852782477947621e-6
-2.7170175584448602471e-6
0.0017884235747489932595
0.0041718093737007806304
0.0064953704957501250829
0.0088711369905602445409
0.011073300690529947122
0.013411036454454040299
0.015431312131616682993
0.017705486656576012289
0.019484610845725164703
0.02167532551099887904
0.023152343027080736667
0.025249968260401243465
0.026357857542992686602
0.028370783737752230623
0.029026759573005084068
0.030997957507169283743
0.031078156214173027232
0.033130411975795802066
0.032386857983224706848
0.034896818081570677717
0.032533714542347021741
0.037519181365364087348
0.017260456207308005028
-0.0030805228765334259071
0.0016585741469878155246
-0.0011138409997669095814
0.00082581624169655719302
-0.00064631410043408663914
0.00052256382273694164334
-0.00043120709163602249238
0.00036035678641578521929
-0.00030334435785899230143
0.0002561508226417893707
-0.00021621864142522856555
0.00018185083210594596649
-0.0001518851564163934639
0.00012550751892605907911
-0.00010214055577150416467
0.00008137533564105058778
-0.000062929470665207896392
0.000046623084759419075348
-0.000032369361591449232392
0.000020182000041267077442
-0.000010214725591659807506
2.9080028927862060547e-6
0.0017940485952002243258
0.0041520544628308730281
0.0065343885049610514804
0.0088085883927361101967
0.011163331640423117107
0.013289622136948420767
0.01558814658445357496
0.017508890658408939274
0.019725796693857205566
0.021384013578745034724
0.023500314920797366001
0.024837403467546041263
0.026844929172922350364
0.027796430048111291338
0.02970542442694443086
0.030191379855097276943
0.032046926912376659305
0.031946629603377087013
0.033873682569082199227
0.032942861356076151933
0.035319684557615422972
0.032768113721518635913
0.03760879286868540846
0.017219329244415330721
-0.0030584653805867980986
0.0016386602563075530601
-0.0010949196715174063826
0.00080750454749177930436
-0.00062844582403995277691
0.0005050592960435139006
-0.000414028728588034258
0.00034349068285225724533
-0.00028679180781580982992
0.00023992426729584172238
-0.00020033991245730841126
0.00016635080331938644174
-0.00013680447298975776935
0.00011089838887535420746
-0.000088069854666605710862
0.000067929629354901252778
-0.000050223206180501134987
0.000034812635508668679587
-0.000021679434432164990188
0.000010963754296809742614
-3.1198596298436912173e-6
0.0017887877434106058805
0.004170523727002905198
0.0064979338761477517538
0.0088669708142286306607
0.011079407428399775071
0.013402611176173829884
0.015442500045231005699
0.01769099576021595426
0.019503080553858031948
0.021652011187746407563
0.023181636897384399846
0.025213171410301253147
0.026404256095157688086
0.028311805262342546452
0.029102694424163054347
0.030898357324885304417
0.031212262722620370627
0.032943052379608785621
0.032662974014989658335
0.034455434653360517547
0.033341954495023339881
0.035574177717806530042
0.032846397632013235277
0.037519161396926260752
0.017096144344667418633
-0.0030218129396121348706
0.0016108977260953388832
-0.0010707216957557592269
0.00078526754184237568553
-0.00060748843444495389326
0.0004850382421020158231
-0.000394754500234087486
0.00032485471962960371674
-0.00026873340361552407768
0.00022241421449037016323
-0.00018337221702960513485
0.00014993885534609654269
-0.0001209801411969695741
0.000095713552052345666366
-0.000073600621201351790661
0.000054284373847411236741
-0.00003755720213203084866
0.00002335624648733313672
-0.000011800719647304721651
3.3563109380842203797e-6
0.0017937174738540328295
0.0041532224256734640245
0.0065320634384093101086
0.0088123585163258327253
0.011157822469470763387
0.013297193246614124765
0.015578141300153000141
0.017521774466058935178
0.019709489304191092176
0.021404428815642512255
0.023474914114748271766
0.024868940291810071861
0.026805713347538438114
0.027845447948670926732
0.029643595915216260931
0.030270433352342156243
0.031943891738327893703
0.032084547672785143577
0.033682059940677724269
0.033223778522981212109
0.034872893698251646478
0.033582237265225322627
0.035659083497160190043
0.032768194076841592029
0.037250713651297039955
0.016891488540901884068
-0.0029707397876615026794
0.0015754180190136265881
-0.0010413612056478123526
0.00075920979461490221593
-0.00058354039737922841976
0.00046259499568376118271
-0.00037347602755055777795
0.00030453908533518065833
-0.00024925931082250677292
0.00020371257904233715954
-0.00016541163264724987902
0.00013271867605808608015
-0.00010452855768689178616
0.000080089907521399574544
-0.000058902658041218110913
0.000040663138113025026372
-0.000025246999449799701551
0.000012742163243085916576
-3.6219212756061562625e-6
0.0017890905258046963173
0.0041694565531075683472
0.0065000553101803434272
0.0088635379742130371251
0.011084409960696335503
0.013395760219683294373
0.015451515037988068909
0.017679446704930537401
0.01951760937327701444
0.021633953457823217609
0.023203914171940630442
0.025185788448720453763
0.026437905571016691207
0.028270333982255269462
0.029154124764157967075
0.030833943578943533949
0.031294090883995885519
0.032837037884659323912
0.032804083981232040816
0.034260422733139727243
0.033626374961843838003
0.035124066729933530843
0.033662567496133559871
0.035573995089091431274
0.032533877212841470341
0.036804728160410539315
0.016606337112460632021
-0.0029054885660384666861
0.0015323887595182708552
-0.0010069760545828376653
0.00072945299303033243656
-0.00055671322786308375182
0.00043783427121695953784
-0.00035029359209296136717
0.00028264171089618223637
-0.00022846735026224439461
0.00018391986593215249135
-0.0001465651757152061897
0.00011480935853409680157
-0.00008758936187697446826
0.000064201132324154215273
-0.000044206442623064224161
0.00002739499568763881811
-0.00001380866970292254737
3.9223493261156962145e-6
0.0017934390487585581695
0.0041542030655786181941
0.0065301164931393180923
0.0088155031719829320994
0.01115325118003665409
0.013303434148440490202
0.015569960312905352262
0.017532207251986298799
0.019696435670627486634
0.021420550093080839384
0.023455173426169038748
0.024892994781872689021
0.026776454357766244187
0.027881077247303081318
0.029600036144787725161
0.030324064710254052908
0.031877163270088852275
0.032168799495825383902
0.033573530222668796547
0.033367450832976884947
0.034675377521436554822
0.033868850875934024647
0.03520775163480993086
0.0335825665805391351
0.035319314764298829177
0.032144565849489212088
0.036183329145932971365
0.016242048937680857713
-0.0028263691256429297024
0.0014820128567711643363
-0.00096772705571350850075
0.00069613525641348273288
-0.00052713089377919282103
0.00041087071108758487121
-0.00032531593722044044387
0.0002592685098913619313
-0.00020646398865886077883
0.00016314743199191642601
-0.00012695522062929586053
0.000096353534987871683623
-0.000070340159626807598386
0.000048284712168502043402
-0.000029855225889867588777
0.000015026177308437827511
-4.2646945291504485114e-6
0.0017893479974472442956
0.0041685502861794694906
0.0065018525371355591248
0.0088606399935463537545
0.01108861330872438328
0.013390037715732931468
0.015458990827824612167
0.017669952199963943082
0.019529431713250050383
0.021619435209566106391
0.023221575192879207266
0.025164432231241537181
0.026463652186979637456
0.028239305805878365178
0.02919159973580688315
0.030788464324531056859
0.031349708994527042167
0.032768268901625533017
0.032890403904760709798
0.034149847257881534508
0.033771974069346437676
0.034924937478094735229
0.033950058967774333478
0.035123542601837094477
0.033342621515369255334
0.034896251769949755041
0.031602118244033297798
0.035389476335157821767
0.015800360018454984437
-0.0027337569861094499663
0.0014245274162376946392
-0.00092379705564763109933
0.0006594103170722016703
-0.00049492913157524121051
0.00038182843161134354343
-0.00029866022859892862056
0.00023453407633589247444
-0.0001833663281314064319
0.00014152172785900061635
-0.00010672770432365215998
0.000077532729637538812413
-0.000053025394772408566491
0.000032698573871476872805
-0.00001642781958361577549
4.6579798882669850847e-6
0.0017931995865357501444
0.0041550454574475815916
0.0065284476754161108425
0.0088181900099022743156
0.011149361934386908847
0.013308715598811629557
0.015563082032702506434
0.017540910690432973541
0.019685645350526618087
0.021433734008116015925
0.023439229518569600209
0.024912144132441355266
0.026753548751468892747
0.027908431972874602454
0.029567344906245803967
0.030363251472843610086
0.031829933776391017413
0.032226189327803620068
0.033502996204550537694
0.033455481603264269001
0.034563227667859072415
0.034015739520936497494
0.035007901120990368696
0.033869623037675447318
0.034871831645115259594
0.03294388340180557225
0.034306816297549328743
0.030909123432954699331
0.034426950761229650656
0.015283375207766630625
-0.0026280914513394396957
0.001360202431256793179
-0.00087538983107173533528
0.00061944656342129914976
-0.00046025469634003557033
0.00035084065047922335154
-0.0002704523855735374431
0.00020856330380282704411
-0.00015930604948484702596
0.00011919244155453303402
-0.000086068007090419873229
0.000058598104084441494237
-0.000036017946046008346296
0.000018056564713529922358
-5.1138371632799105767e-6
0.0017895720298130996742
0.0041677625878440891811
0.0065034115219249871813
0.0088581334675634462674
0.011092234884904181903
0.013385131107225467418
0.015465362982792000049
0.017661916153792312413
0.019539355521261968241
0.021607365303280821378
0.023236095048894905997
0.02514709882199991615
0.02648424142477003665
0.028214913993529523536
0.029220481371902303554
0.030754213552139584391
0.031390475996296341439
0.032719456359088570575
0.032949352235244969806
0.034077822035266145909
0.033861360101413114345
0.034811682595640289797
0.034097602930632432108
0.034923857302284063695
0.033627940442420064458
0.034453806149544174192
0.032388262454688370229
0.033553809513957232689
0.030068889165351898295
0.033300336606154392806
0.014693558179710434644
-0.0025098733780140657265
0.0012893392388612403692
-0.00082272879005035019441
0.00057642594255906202589
-0.00042326459454303517433
0.0003180495644177349455
-0.0002408282070738223751
0.00018149486840139681823
-0.00013443730480338412182
0.000096348731454641495578
-0.000065233530716435173113
0.000039937433550381529841
-0.000019969083270780802994
5.6474993543109568012e-6
0.0017929886899715705087
0.0041557866133328982423
0.0065269820834858757655
0.0088205433874060505679
0.011145967354718058807
0.013313304953518377437
0.015557137182794377995
0.017548384994420053726
0.019676448195123826158
0.021444873841280785877
0.023425892327637546878
0.02492797883061497648
0.026734857112382685586
0.027930417718736002903
0.029541524945552698822
0.030393583933946716114
0.031794221935597278375
0.032268410021782290518
0.033452762828624546108
0.033515780230255114455
0.034489979856863158718
0.034106130904172877284
0.034894003948452896919
0.034017196517870875031
0.034673186132479839877
0.033226181147346812285
0.033871442373431692619
0.031678419612455225345
0.032640809648624080692
0.029085426534573441262
0.032014999153030830141
0.014033719689946619161
-0.0023796625878983541506
0.0012122687127527569854
-0.00076605545010909015403
0.00053054272790596775694
-0.00038412540918271912266
0.00028360683385201600743
-0.00020993618527026770119
0.00015348860427088064159
-0.00010895302091964281576
0.000073253477010577538446
-0.000044626406325290145332
0.000022241559713142432884
-6.2792715534645911109e-6
0.0017897718667116661547
0.0041670606100704816782
0.0065047985293983378872
0.0088559088770406769257
0.011095438740745892885
0.013380808001034713993
0.015470949773800402639
0.017654911635776654933
0.019547946482988834326
0.021596998965543524278
0.023248452418772196558
0.025132500019861181916
0.026501377029344399334
0.028194887858412215462
0.029243828052811875239
0.030727015494287629719
0.031422191367262956899
0.032682373589240367641
0.03299290857867268674
0.034026321298171108375
0.03392280992135464248
0.034737471155862848841
0.034188660316703278206
0.034809768506948654561
0.033774932303063800776
0.034257055691309112921
0.032666283511630149979
0.033127494815476939581
0.03081775489565917982
0.031572154115534226999
0.027963431444370339476
0.030577058919830007507
0.013307004182817237986
-0.0022380749040780864425
0.0011293491475597647832
-0.00070562765290314906216
0.00048200218611243413549
-0.00034301297377527387974
0.0002476754659979747114
-0.00017794400137228027134
0.00012474144758562585099
-0.000083120475631650226591
0.000050321926992482593359
-0.000024978678204637546479
7.0367678202522757529e-6
0.0017927979940046630811
0.0041564562077765771591
0.0065256600377319257825
0.0088226615067992157747
0.011142921178791514279
0.0133174079631467604
0.01555184629126415573
0.017555001518940639549
0.019668357383170092389
0.021454602949867902944
0.02341434046704898559
0.02494156447835003781
0.026718992398600732636
0.027948850864961514881
0.029520176978353721664
0.030418267482986599627
0.031765683923932489435
0.032301452687385993456
0.033414386561215169481
0.033560567342661290561
0.034437351525686760476
0.034168547212748893151
0.034819072494374484998
0.034108597270261902985
0.034559337583597341685
0.033372002413726348811
0.03367741431117834102
0.031950947045133250777
0.032225481295733325337
0.029810392746864002369
0.030352917609870707013
0.026708263102858915566
0.028993362043235378361
0.01251687480948800745
-0.0020857787716914735625
0.0010409637570738322746
-0.00064171746302908328159
0.00043101926171252106285
-0.00030011301424948068973
0.00021043495219141984195
-0.00014505347674431637486
0.000095523703472222160169
-0.000057365814245082706961
0.000028327984256495502205
-7.9584148944338401049e-6
0.0017899552406628606185
0.00416641696808532836
0.0065060684691443301188
0.0088538762573216187102
0.011098358121439534613
0.013376882239006008556
0.015476002022699737159
0.017648608445159963047
0.019555632952809378781
0.021587785371717729253
0.023259352521300357831
0.025119733738510756739
0.026516215254535663013
0.028177738506574248634
0.029263570580631077598
0.030704342431973314598
0.031448204335429602493
0.032652516468199733117
0.033027240914615399577
0.033986710246843498143
0.033968742433098612843
0.034683834582898293741
0.034251879908691967363
0.034734337776850425797
0.03386637852177735197
0.034143851840784469171
0.032810376758678456592
0.032936978090930994578
0.031083622534322276906
0.031169663484461251931
0.028661164721717177259
0.028988886036131961518
0.025325919827317799412
0.027271446959034011862
0.011667096929593341317
-0.0019234913873207605954
0.00094751765603688112585
-0.00057460869959556074983
0.00037781763954009958271
-0.00025562432362083914292
0.00017209432357310474762
-0.00011153646154524311714
0.000066268848107549135966
-0.000032503745587444820063
9.0991302088569263618e-6
0.0017926201637140411262
0.0041570801748358340145
0.0065244296904268227463
0.008824628956683991429
0.011140098813202247976
0.013321197522885853311
0.015546978265181816816
0.017561061698033560088
0.019660985932385056949
0.021463413216149554629
0.023403952182157889157
0.024953685357610006683
0.026704964525766410019
0.027964985459281260579
0.029501703627637556901
0.030439352961503746173
0.031741659704888063236
0.032328811486662734099
0.033383206241878212232
0.033596177758543009303
0.034396537218944703293
0.034215568172498290888
0.034764517251730921195
0.034172488285067708343
0.034483595082689592624
0.033463231851687840736
0.033565220637125080889
0.032092798737651276614
0.03203921305264687394
0.030068500209146597993
0.029965022385861991844
0.027375590139779840114
0.027486525953343874401
0.023823012597955734343
0.025419507367566519583
0.010761720177291242788
-0.0017519741917356829898
0.00084943410543437303138
-0.00050459411442540358417
0.0003226302530096748151
-0.00020976868844165746603
0.00013292595441903446971
-0.000077828450373367593737
0.000037828465202646909603
-0.000010539896552228991638
0.0017901293320291609452
0.0041658063149652909804
0.0065072718693012429947
0.0088519535145034794904
0.011101113291967402427
0.013373188043680408245
0.01548073955872386937
0.017642722456628438202
0.019562775920575341994
0.021579270974252552781
0.023269361350847162011
0.025108095983467333681
0.026529631364542392134
0.028162375497118529425
0.029281073352747741861
0.030684476095917329833
0.031470697553912601266
0.032627082214544735792
0.033055996384621939991
0.033954166572384509394
0.03400565709133732522
0.034641809046109522948
0.034299973714111674529
0.034678910099628244732
0.033930854641237324363
0.034067936983160547828
0.03290117836971486341
0.032826104807223051421
0.031222780161811329921
0.030988310878116370075
0.028910497127256773491
0.028617227832774124724
0.025959855750392034493
0.025852948870957698986
0.022206737091214237964
0.023446351339483187774
0.009805059182325611891
-0.0015720274430720263822
0.00074714965540035672393
-0.00043197254937788048016
0.00026570450496999032807
-0.00016282000407665229078
0.000093360018812615190219
-0.000044809250886182091148
0.000012404685687560933307
0.0017924478964569290526
0.0041576842534166724967
0.0065232398741136464702
0.0088265285369671719482
0.011137379594119051468
0.01332483888235481551
0.015542315667783806994
0.017566844043014749295
0.019653983604478588334
0.021471739625882500022
0.023394191561422576333
0.024964998703616868264
0.026691968860830580335
0.027979807317621450328
0.029484893506587872275
0.030458336504053620769
0.031720288253102217399
0.032352822757863135999
0.03335625514179263075
0.033626431124498013846
0.034362537143291047002
0.034253868693501707031
0.034721214400362183193
0.034221700206037748776
0.034427277417602483154
0.033528273688146538982
0.033489202414838805652
0.032183035956872416079
0.031929890864222846778
0.030204597537513740949
0.029789156204765140392
0.02761524594057313545
0.027132600120934855307
0.024420796364698180668
0.024095868981220737573
0.020484845521601879671
0.021361356115394167238
0.0088016730504022540619
-0.0013844833022760942881
0.00064110761716718273913
-0.00035704770981365395569
0.00020732295274293721023
-0.00011519415222756847236
0.000054288360101698906944
-0.000014892117319155317505
0.0017903019159630738002
0.0041652012857859607927
0.0065084629887765900675
0.0088500531759147451022
0.011103831096334221799
0.01336955276791706244
0.015485387880060936438
0.017636967320164811967
0.019569731921671922369
0.02157101792264655209
0.023279011591321522189
0.025096942550414838707
0.02654240199019629042
0.028147863207093491283
0.029297465218406167727
0.030666049657363595999
0.03149133522056331865
0.032604029172085416715
0.033081704013011259889
0.033925520102881462464
0.034037585089371039563
0.034606180123780199903
0.034339825105256887283
0.034634176361180367556
0.033981321672164987218
0.034010615643863609201
0.032966867311643766739
0.032749946447468558439
0.031312427727105405085
0.030880652714188203072
0.029043293870402950647
0.028447281439249888444
0.026189089283241735838
0.025518059901896050313
0.022765880337557572785
0.022223551237885701791
0.018665620951844167963
0.0191744174443219528
0.0077563437336288667906
-0.0011901962401720429033
0.0005317492209699580913
-0.00028013559796539926338
0.0001478794124507093824
-0.000067767279987436885082
0.00001833896669992847227
0.0017922724518650651511
0.0041582991659050976001
0.0065220298145842637089
0.0088284578921236376368
0.011134622560153164241
0.013328522832446562312
0.015537610982410522527
0.017572660368127277068
0.019646965728384676581
0.021480049619295253137
0.023384496676237866651
0.024976175043252673911
0.026679209007763253367
0.027994260173575853796
0.029468628458841360955
0.030476545367388031751
0.031699988144568788522
0.032375381578916992237
0.033331244700978150291
0.033654118538924910775
0.03433190572140314736
0.034287765207142504494
0.034683660791428552127
0.034263397284416621362
0.034380822815626105157
0.033580276016134662695
0.033430613513625028661
0.032249610867954266457
0.031853390494871530066
0.030293803426357924556
0.029683092764472319837
0.027744694581615142797
0.026968800483115099577
0.024639088719820868304
0.023781057787512723175
0.021003208308519986884
0.020244742647620215729
0.016757859974077900905
0.016895890517766503243
0.0066740534918944162014
-0.00099002814694448197249
0.00041950328698233473897
-0.00020161257532931743751
0.000088190601982807457298
-0.000023359328310070544005
0.0017904834678432861626
0.0041645651000074255163
0.006509714441360254976
0.0088480589125645716413
0.0111066788249679038
0.013365751075318458617
0.015490237610209538612
0.017630979457520021578
0.019576945852690330571
0.021562490642511105074
0.02328894020837026857
0.025085522567495561374
0.026555406802589508918
0.028133175135067625092
0.029313941699229326175
0.030647670831896810508
0.031511741613303885482
0.032581455618060317922
0.033106602566661907888
0.033898115525450798794
0.03406770630392634705
0.034573093640840645995
0.034376174783495220986
0.034594200908078890437
0.034025371449664985045
0.033961926792869751938
0.033020920096400027038
0.032689579196642294553
0.031380386684588087594
0.030803336505929078853
0.029132491288282154283
0.028342444170547816121
0.026315456865042124998
0.02536030153529836246
0.02297306887402769674
0.021929463268513433057
0.01914154529726551857
0.01816856889705391933
0.014770878472649757714
0.014536514556486719105
0.0055599618876446830985
-0.00078482216964310984241
0.00030478816364535475099
-0.00012217699333520571607
0.000031187068781069465124
0.0017920802786113695044
0.004158972451087248635
0.006520705808225868829
0.0088305667878805670854
0.011131613002758250714
0.013332537452360848756
0.015532494432438693904
0.01757897064695073368
0.019639373209549557978
0.021489011022079435209
0.023374080377050974173
0.024988132781125857151
0.02666562159258336647
0.028009568439420675451
0.029451503859587017217
0.030495587672880001899
0.031678919000676741208
0.032398596713947644822
0.033305751613259825108
0.033682037846310814227
0.034301391167513188279
0.034321070556474027666
0.034647335004655954575
0.034303017354714880403
0.034337576669692334487
0.033627557014141369855
0.03337878495880575695
0.032306642670993108009
0.031790298576067130402
0.030364102976709084998
0.029604004667629894135
0.027834823520797431028
0.026864288622642923417
0.02476320098869372855
0.02362864819098000145
0.021199749997327576093
0.019971358719201494831
0.017190440383064709215
0.016004346051588861748
0.012714582606890537768
0.012107297023454142912
0.0044193838144843976543
-0.00057535257581012383101
0.00018814653568870169976
-0.000044665286739301944551
0.0017906932662855131822
0.0041638301718203758733
0.0065111592858991647521
0.0088457584300032795361
0.011109960119818526398
0.013361376763177641359
0.0154958082683427384
0.017624115418725263796
0.019585195832646427455
0.021552765230619494983
0.023300228648025973821
0.025072584341643978633
0.026570081752851696873
0.028116675305773554229
0.02933235688783972676
0.030627246242618815244
0.031534274626750222047
0.032556708496734519047
0.033133678164735214987
0.033868585907213492504
0.03409982977206695219
0.034538218255635608241
0.034413983484762957776
0.034553247487863757518
0.034069719878307683177
0.033913882143860719366
0.033073029725432635888
0.032632944819734265604
0.031442130496086500539
0.030735723279765361403
0.029206986430669654839
0.028259679248283006886
0.026408458922695008279
0.025254157854720827008
0.023096864768589166439
0.021780538430391526384
0.019329128990285193739
0.017914571055520239782
0.015160605719827821738
0.013761141216344124261
0.010599749753280338594
0.0096192705449685003159
0.0032577762478956960802
-0.0003622509011183387648
0.000071886729875456960312
0.0017918401363131876546
0.0041598135790333299581
0.0065190525176166525321
0.0088331983719619330312
0.011127860924742958459
0.013337536889211634461
0.015526131506819317505
0.017586805318488480899
0.019629964431494735753
0.021500091853720179207
0.023361232761023742252
0.025002839729956575489
0.026648963994345694761
0.028028267697453669637
0.029430671289205241191
0.030518646865499629587
0.031653537091410707337
0.032426401508781717523
0.033275418175637213509
0.033715013086608784731
0.034265651346941301132
0.034359710102334867675
0.034605644753372078846
0.034347929568330237905
0.034289245180065110968
0.033679538797873505203
0.033322877857687633686
0.032366808265091379719
0.03172546330754892538
0.030434125651799683455
0.029528128116521248184
0.027917433509127678813
0.026773750677635662496
0.024863344828252435491
0.023516443396880540686
0.021327794506454409845
0.019821266923799972198
0.017373708936947252441
0.015765295595593565001
0.013065240032591141705
0.011446384896052010155
0.0084391651568963365591
0.0070827064265464435948
0.0020807973240545604114
-0.0001467436641214961532
0.0017909942211793132239
0.0041627761239852777012
0.0065132307865096924128
0.0088424618606656996856
0.011114659023397515444
0.013355117907923402652
0.015503770737369121586
0.017614316122606830127
0.019596957105696659402
0.021538923141696963509
0.023316265456493118308
0.025054242698271767116
0.026590835570457910312
0.028093403807943635112
0.029358250661173395167
0.030598625564918595431
0.03156572787622870374
0.032522314863707927336
0.033171123388931318527
0.033827973037920518001
0.034143732902401965458
0.034490893619931638851
0.034464872028561141196
0.034498638328222943137
0.034128224641138229779
0.033851283410443930686
0.033139950831893091183
0.03256143406271113881
0.031518549030590491423
0.030654011415220117842
0.029294468117891305397
0.028165826007961712848
0.02650946233966547914
0.025144967982074076072
0.023215667020887453994
0.02165008069164616651
0.019474321420274457983
0.017749690361473427992
0.015353874513564954214
0.013522169015209472835
0.010926325989179468345
0.0090591545721218168379
0.0062540812148178706778
0.0045025073271877133426
0.00089566578882088973279
0.0017913315776417794656
0.0041615946481091208229
0.0065155524957913921603
0.0088387676289687953085
0.011119923775289366197
0.013348106983788832403
0.015512687467257733581
0.017603346100804508124
0.019610118364651223782
0.021523440354582485576
0.023334193859186682634
0.0250337496189760149
0.026614008365634475973
0.028067439379893238322
0.029387116359420869287
0.030566750415533261251
0.031600720036909968875
0.032484097875361715427
0.033212674224921264041
0.033782977081803768135
0.034192288689334837266
0.034438658488830661441
0.034520912414616010055
0.034438658488830661441
0.034192288689334837266
0.033782977081803768135
0.033212674224921264041
0.032484097875361715427
0.031600720036909968875
0.030566750415533261251
0.029387116359420869287
0.028067439379893238322
0.026614008365634475973
0.0250337496189760149
0.023334193859186682634
0.021523440354582485576
0.019610118364651223782
0.017603346100804508124
0.015512687467257733581
0.013348106983788832403
0.011119923775289366197
0.0088387676289687953085
0.0065155524957913921603
0.0041615946481091208229
0.0017913315776417794656
0.00069817740903168092173
0.0036750007763981291257
0.0090156424827297158803
0.016695844801552697632
0.026679154502185469108
0.038918031640499805951
0.053354164123379130768
0.06991876201966788733
0.088532889748956831482
0.10910784370304685434
0.13154557552725482369
0.15573915961439973738
0.18157330277338832036
0.20892489371532340666
0.23766358976854196645
0.26765243804018245071
0.29874852807072904296
0.33080367287469891918
0.3636651151238112197
0.39717625510836812714
0.43117739700837348562
0.46550650991842791375
0.5
0.53449349008157208625
0.56882260299162651438
0.60282374489163187286
0.6363348848761887803
0.66919632712530108082
0.70125147192927095704
0.73234756195981754929
0.76233641023145803355
0.79107510628467659334
0.81842669722661167964
0.84426084038560026262
0.86845442447274517631
0.89089215629695314566
0.91146711025104316852
0.93008123798033211267
0.94664583587662086923
0.96108196835950019405
0.97332084549781453089
0.98330415519844730237
0.99098435751727028412
0.99632499922360187087
0.99930182259096831908