0.0054040033816208275783
-0.002036252074901137257
0.0015333586419372279174
-0.0012580394223851605582
0.0010659079643458452817
-0.00091521791632402970341
0.00078875800179388488542
-0.00067810033446573086426
0.00057871152024308490473
-0.00048804095446988661679
0.00040465538626349133626
-0.00032780735753729178575
0.00025720848130640266297
-0.00019291341050931325714
0.00013527794719763285327
-0.000084991751268372986755
0.000043245456393459060373
-0.000012347769706406816068
0.011693374394503542541
0.012428637223742449113
-0.0033261512046112946539
0.0022812978075810059823
-0.0017977471611112330271
0.0014877211626661730566
-0.0012550884139369386084
0.0010646083643054532967
-0.00090045283190154910642
0.00075463864117696164628
-0.00062289725219296013077
0.00050294213456411510507
-0.00039366079354329980869
0.00029472025047012338841
-0.00020639321362108800276
0.00012954916011924094606
-0.000065876289403777673903
0.000018803235494198345304
0.010374316420545258599
0.027020918892127057416
0.019106432563722264132
-0.0044564391266549394158
0.0028652582821787028762
-0.0021732900191360397856
0.0017504674242233585919
-0.0014441593004359816741
0.0011997347139994531322
-0.00099321082592870100144
0.00081274045622723165675
-0.00065210872566492018961
0.00050805649741424932792
-0.00037906513016857240515
0.00026479741938401314895
-0.00016591506048382793235
0.000084271069881445708198
-0.000024038800007921788559
0.011077406867151707818
0.023733721894105316335
0.041586945943882545718
0.025235511026571791391
-0.0054402127978150318509
0.0033352040081130166435
-0.0024464421271237032261
0.0019182833109625827817
-0.0015449081384714518463
0.0012531590358318447926
-0.0010111423696067896857
0.00080321646642150269771
-0.00062125112993092851296
0.00046106310698804199923
-0.00032083822241585436403
0.00020048470709315504232
-0.0001016498685062435362
0.000028968800486939962152
0.01062000429811972164
0.025586531013077119582
0.036426082970568064605
0.054951828825208698846
0.030638801677869615046
-0.0062593451966380503445
0.0036944032887666395805
-0.002629516932227375616
0.0020078519300551441956
-0.0015760598636619319392
0.0012443577395508754406
-0.00097372712274323757003
0.00074512216399633107557
-0.00054875062418926225793
0.00037975255176987726627
-0.00023638595343811186896
0.00011955334004558784755
-0.000034025636306309465387
0.010948670535073088103
0.02433139380389437522
0.039393836647816427934
0.048077283905162321416
0.066731950958310336363
0.035160728667662662801
-0.0068937988270169850456
0.0039386910270479868395
-0.0027250926731970653668
0.002025385742539119125
-0.0015459447655822419033
0.0011829214751809694933
-0.00089131174908252086228
0.00064929400139153162913
-0.00044588352783657800431
0.00027607923880525141344
-0.0001391514731792243908
0.000039531476036777931646
0.010697783797573070127
0.025260650892315296585
0.037348004073339052329
0.052067488341080779126
0.058350562533105844875
0.076589460027856764038
0.038671168781566311231
-0.0073268558538196713964
0.0040638139748315942295
-0.0027340805032044393931
0.0019746346835173734808
-0.0014600718848915644289
0.0010755397970752693415
-0.00077147480001467621052
0.00052415219487149094856
-0.00032219019449628875583
0.00016164200700372167872
-0.000045808599131250823509
0.010897233326094087327
0.02453509489156534996
0.038884725923485029401
0.049292305330163738452
0.063239302217513374062
0.066949404480284716861
0.084241391472751143234
0.041069120936458180747
-0.0075468105534923144418
0.0040675639577178569149
-0.002658111798362896665
0.0018593393135046871106
-0.001323538054830308732
0.00092832836761734143842
-0.0006213109469064433784
0.00037810818358494086576
-0.00018850571423601464942
0.000053245821334776697968
0.010734048741423835135
0.025121936713411103621
0.037670773902151053417
0.051393003774825535357
0.05982277752188794255
0.072587388378697135167
0.073625884398301801114
0.089467945283171646767
0.04228559574078589796
-0.0075477141930793188159
0.0039505480097840146469
-0.0025003807265704040783
0.0016841204976114849485
-0.0011419629958911083948
0.00074786953128533231242
-0.00044877493942604973634
0.00022180436959434667374
-0.000062370528831899265382
0.010870377292073554422
0.024635470077890551553
0.038661640066870578001
0.049723152521858250469
0.062419566351630338487
0.068637336837713840654
0.079842718289703026541
0.078187693863132346846
0.092118905674651114736
0.04228559574078589796
-0.0073297034102552852739
0.0037164531648308213485
-0.0022659310433718095641
0.0014548258338512875419
-0.00092198172168195257575
0.00054209122529347484731
-0.0002646622659262053941
0.000073958021817820022043
0.010754760941906878459
0.025045780161720912876
0.037834756943859587399
0.05109233300005002616
0.060349274988121888654
0.071644995390155634334
0.075482998249627935352
0.084796353671279258158
0.080503627523853939005
0.092118002035064110362
0.041069120936458180747
-0.0068990539096185207717
0.0033720528550406087413
-0.0019616988617741439697
0.0011787167229798443289
-0.00067186079604050113671
0.0003221795559195482667
-0.000089226562852432170072
0.01085381536237290598
0.024695632440481176548
0.03853505532194081702
0.049946869858272091833
0.062049078155753906303
0.069245917538250056261
0.078802409448024186892
0.080163607189398988012
0.087305271984776235313
0.080507377506740201691
0.089465097726736032889
0.038671168781566311231
-0.006268002692531438436
0.0029270408226333852176
-0.001596466287937196345
0.00086486105410547593588
-0.00040337644483039835827
0.00011022296566858502995
0.010768475287204877225
0.024996425920664122617
0.037936785888639276851
0.050916905580980160786
0.060628309354347698463
0.071212769084407846465
0.076159416087951652969
0.083684186638498603396
0.082545805739032676795
0.087296284154768861287
0.078199550845868374654
0.084236136390149607508
0.035160728667662662801
-0.0054543476025711062707
0.0023937381479812613655
-0.0011809715203718996698
0.00052588064359052300671
-0.00014066377183143294618
0.010842032399547964622
0.024737721107439310379
0.038449251080882640134
0.050091269501373705515
0.06182635397992849235
0.069576335171328994527
0.078316064685875860033
0.080893884133365486052
0.08614725134523372786
0.082563339551516651725
0.084767758805143737109
0.073647934274365982882
0.076580802531963375947
0.030638801677869615046
-0.0044808067720651160646
0.0017867821568764636597
-0.00072925656559222135493
0.00018800246512193351678
0.010779037962754715195
0.024958924315991141763
0.038012380420351373222
0.050791860275559437145
0.060816540248751188093
0.070942708465256254115
0.076539121096711119765
0.083149384242523151179
0.083318032445739951128
0.086116099620043247767
0.080219958561953778711
0.079788779690256325689
0.066986253327212308959
0.066717816153554261943
0.025235511026571791391
-0.0033740808164380174536
0.0011235525533795818919
-0.0002694001039100526614
0.010832045563249576945
0.024773003377603452518
0.038378780187928356197
0.050206224633759569632
0.061656668485907802497
0.069813400837911076274
0.077994446288797542652
0.081325501416689129836
0.085564402307500496922
0.083371456767572342788
0.083582401173352343167
0.075591870138909263871
0.072494747354461365388
0.058412345073560527216
0.054927461179798522197
0.019106432563722264132
-0.0021636444446421591893
0.00043369034269639655748
0.010789203527747456811
0.024923150736888675901
0.038083315967325287319
0.050677415266764670784
0.060982883105269106704
0.070715118128868625411
0.076839395428568507358
0.082761139125109321624
0.083816552840394834274
0.085471644313473345027
0.081073633508610908196
0.078597425977069561071
0.068833736172659152546
0.063075350516850463119
0.048189724245562576799
0.041539016332055822918
0.012428637223742449113
-0.00088536763126188738457
0.010820354532948061973
0.024814028991091439166
0.038297856878712901251
0.050335744105945949928
0.061470516766248543349
0.070064248854018922939
0.077670144920669914248
0.081733586486652870157
0.085059232436041682537
0.083992479961328711016
0.082816342207382092357
0.076553579561338737577
0.071236675251649355306
0.060211695391393384811
0.05172906147552874334
0.036679506485507300347
0.026893526522386035484
0.0054040033816208275783
0.010808006763241655157
0.024857274447484898227
0.038212865127444528265
0.050471022053143582781
0.061277603355739230092
0.070321457335325325602
0.077342337563132622463
0.082138241872916361493
0.08457119148157179592
0.08457119148157179592
0.082138241872916361493
0.077342337563132622463
0.070321457335325325602
0.061277603355739230092
0.050471022053143582781
0.038212865127444528265
0.024857274447484898227
0.010808006763241655157
0.004217415789534526635
0.022088025214301122409
0.053698766751222130397
0.098147520513738442159
0.15415647846982339606
0.2201145844630262327
0.29412441926857867698
0.37405688715424724521
0.45761249347913234938
0.54238750652086765062
0.62594311284575275479
0.70587558073142132302
0.7798854155369737673
0.84584352153017660394
0.90185247948626155784
0.9463012332487778696
0.97791197478569887759
0.99578258421046547337