0.00093635120077819437879
-0.00035636631726579620445
0.00027327920245324632805
-0.00023028493195483822225
0.00020222951468824142288
-0.00018175206814668074058
0.00016575174837248790139
-0.00015265440148031367968
0.00014156250545220593334
-0.00013192175605085288537
0.00012336920674647655277
-0.00011565638379087568237
0.00010860714456257017061
-0.00010209310074660843722
0.000096018550906352462526
-0.000090310854748686615275
0.000084914067640331455073
-0.000079784605531780026735
0.000074888217012928829856
-0.000070197821460401224197
0.000065691935774957473633
-0.000061353510262736114038
0.000057169054806160338442
-0.000053127974934937262568
0.000049222062430777693454
-0.000045445101754770511315
0.000041792564922164744119
-0.000038261375347756296253
0.000034849726841928398276
-0.000031556948139705922227
0.000028383406639193406574
-0.000025330447826684576063
0.000022400369541542845037
-0.000019596433189320101783
0.000016922917804167548674
-0.000014385228409702362544
0.000011990079142505067098
-9.7457875885221857971e-6
7.6627475783625868661e-6
-5.7542126564312891425e-6
4.0376757347003011368e-6
-2.5375511734368462201e-6
1.2913135079400270451e-6
-3.6871926371114761011e-7
0.0020261118578810607518
0.0021751203418812110306
-0.00059276641377207782137
0.00041754947700424688852
-0.00034101683466657653601
0.00029536417879578230356
-0.00026364524248047993172
0.00023953907937783214574
-0.00022011371046582560183
0.00020380550846225202398
-0.00018969576373466408932
0.00017720512043147590504
-0.00016594816128601872549
0.00015565764922679351339
-0.00014614214968547460808
0.00013726092678706457761
-0.00012890835450107843123
0.00012100384747886766556
-0.00011348513673722228124
0.00010630364930118829663
-0.000099421254698928516807
0.000092807924938188308896
-0.000086440020531610273053
0.000080299015460434194599
-0.000074370536446056944524
0.000068643631877412415827
-0.000063110211981448500801
0.00005776461948646462186
-0.000052603302249056849837
0.000047624568064137480773
-0.000042828408447545759344
0.00003821638348629677603
-0.000033791564627344392777
0.000029558537246414455883
-0.000025523470918750870915
0.000021694273936597196239
-0.000018080862396525919316
0.000014695598418505070573
-0.000011553998591053347874
8.6759117678525507984e-6
-6.0875965244681316684e-6
3.8257629602486242163e-6
-1.9468266283922669725e-6
5.5588784236876035282e-7
0.0017975502507732623888
0.0047289124621998626978
0.0034048966888949963801
-0.00081555726312137167373
0.00054336706288240347741
-0.00043128280520357797278
0.00036746571971065390173
-0.00032464563919151308055
0.00029292074190928684838
-0.00026782166098588971194
0.00024702683782015817102
-0.00022920530735759965955
0.00021353625870707297237
-0.00019948443934420443772
0.00018668522660312500048
-0.00017488146378787566829
0.00016388667535968097225
-0.00015356259226791616442
0.00014380485545816194744
-0.00013453360409166327184
0.0001256870941130333
-0.00011721725985581310063
0.00010908655829301062052
-0.00010126568231300663204
0.000093731876906220859574
-0.000086467683012457493745
0.000079459991322230673093
-0.000072699325741511538682
0.000066179301222963035193
-0.000059896217883254992623
0.000053848765673611435294
-0.000048037823272831745304
0.000042466342729583423446
-0.000037139318904048249454
0.000032063851288696188441
-0.000027249317248245832807
0.000022707693472380058041
-0.000018454093197437175879
0.000014507645419054286537
-0.000010892965578119777281
7.6427575865706685471e-6
-4.8028835926277701324e-6
2.4439786573239808738e-6
-6.9783000936066927421e-7
0.0019193965597466933555
0.004153565533579172436
0.0074111286175659598926
0.004617870434203687293
-0.0010313980453232678883
0.00066151544332339253286
-0.00051314231063709273373
0.00043071233604962450673
-0.0003765807962522843206
0.00033719319561202438108
-0.0003064882460986845304
0.00028134908617693369218
-0.00026000751717393012553
0.00024138462574544078607
-0.00022478417814220905053
0.00020973665239144884847
-0.00019591406882211500215
0.00018308072733090622101
-0.00017106332219476150114
0.00015973206952620324535
-0.00014898837402961169237
0.00013875652809499026242
-0.00012897798052215432401
0.00011960729108016266124
-0.00011060922034486037241
0.00010195660258545275522
-0.000093628771111237743466
0.000085610382201723216589
-0.000077890533447124813436
0.00007046210546351693615
-0.000063321278812547350707
0.000056467194512832818682
-0.000049901739455617426949
0.000043629449389343703281
-0.000037657533891581399564
0.000031996042417837087234
-0.000026658212218910919954
0.000021661075643546469626
-0.000017026473642640223432
0.00001278276726937859613
-8.9678799638566087383e-6
5.6352382275162284398e-6
-2.8673942290499402169e-6
8.1870692918034455442e-7
0.0018400987390419164564
0.0044779557657594498032
0.0064912413850990591704
0.010055811246953449122
0.0058078704755048026572
-0.0012409165065670949459
0.00077422502175660749793
-0.00058960000812563116543
0.00048847370797414652849
-0.00042296281013880554794
0.00037588649949631558427
-0.00033959126931780427859
0.00031015840829739349553
-0.0002853753772444932894
0.00026389901586272492087
-0.00024486717943797941729
0.00022770160969134199366
-0.00021200055444290348206
0.00019747683076161111013
-0.00018392036664820419015
0.0001711746251545603369
-0.00015912125269614395879
0.00014766978581303019788
-0.000136750572755290702
0.00012630979827058951222
-0.00011630592073424878477
0.00010670708080649131106
-0.000097489193939050524229
0.000088634535520561577901
-0.000080130689942715717996
0.00007196977662331321365
-0.000064147895052877164629
0.00005666475235721757783
-0.000049523454284521247175
0.000042730456951086400352
-0.000036295695457575033506
0.00003023293159569207273
-0.000024560405567374571042
0.000019301955963851058634
-0.000014488937143784165618
0.000010163650048590207641
-6.3860622556262325215e-6
3.2492377800457814816e-6
-9.2770042877277073025e-7
0.0018971227047771675542
0.0042580527602618440451
0.0070205100998752203983
0.0087973972886661605265
0.012649912064662498437
0.0069689457053202525203
-0.0014436495841701713273
0.00088195341063806127312
-0.00066158035423129242282
0.0005419404614015676811
-0.00046513413798940788222
0.00041042432698079313133
-0.00036859044204537271896
0.00033492109000871423579
-0.00030676232098431594544
0.00028250713753829468577
-0.00026112690623146723055
0.00024193372350946447456
-0.00022445110643805987525
0.00020833949735847466058
-0.00019335127310030718279
0.00017930247311839929034
-0.00016605442283660164725
0.00015350143679704685265
-0.00014156238131444319365
0.0001301747590976985054
-0.00011929048549823035998
0.00010887282733565098768
-0.000098894159742504183305
0.00008933431273981307282
-0.000080179354728441443217
0.00007142071079938886029
-0.000063054549532801980069
0.000055081399199201518139
-0.000047505977823303660403
0.000040337246043139545975
-0.000033588723195491349888
0.000027279156235564298111
-0.000021433720429197586703
0.000016086114729859671164
-0.000011282344928167788963
7.0881645430656429396e-6
-3.6061892900501651095e-6
1.0295707843989131352e-6
0.0018535305686061131398
0.0044210792846747685814
0.0066552367917602823935
0.009528456769666883252
0.011060283404350039895
0.015180675307713105909
0.0080953057030174552202
-0.001638838344442610026
0.00098461980750557121432
-0.00072933009266255533701
0.00059155454966723276285
-0.00050366034930387950109
0.0004414512282694993384
-0.00039417957992215323429
0.00035635971497032217329
-0.0003249052472535449671
0.00029794986149386657306
-0.00027430072087075613773
0.00025316139917076331852
-0.00023398118755437601621
0.00021636832906290066025
-0.00020003765241345885429
0.00018477769155701014432
-0.00017042933354685076104
0.00015687154662802842526
-0.00014401160094966973479
0.00013177822380766413891
-0.00012011672279441733916
0.00010898546161745317627
-0.00009835328862501785854
0.000088197653961802525923
-0.000078503239848128284608
0.000069260988601119608273
-0.000060467456423518316673
0.000052124455729622961755
-0.000044238981595100397014
0.000036823456523711779081
-0.000029896384437935253472
0.000023483604655193599007
-0.00001762053955640110828
0.000012356301844178443236
-7.7618169257144398941e-6
3.9485470010469363105e-6
-1.1272557511497716838e-6
0.0018882707368494773087
0.004293492268267845002
0.0069301881381120996129
0.0090191086096879620364
0.011988706293302449405
0.013268458901571372251
0.017635596756572725149
0.0091813369534522184107
-0.0018256365705705494573
0.0010819469877458291593
-0.00079283048983734689741
0.00063745066028525810738
-0.00053877666989258618829
0.00046927097057111218228
-0.00041670971207501673887
0.00037485765005129885931
-0.00034020904546975700667
0.00031064558861541383138
-0.00028481450820048042805
0.00026181341750605599293
-0.00024101895213403405503
0.00022198813290437362188
-0.00020439885554646804792
0.00018801254065022556327
-0.00017264989225676705765
0.00015817470615657791754
-0.00014448278555065615736
0.000131494192937546026
-0.00011914774004435691972
0.00010739701757402598797
-0.000096207511842573183672
0.000085554510653464440287
-0.000075421602671558212616
0.000065799644910135315396
-0.000056686125692206523645
0.000048084895984007701885
-0.000040006290559150536142
0.000032467726553607598303
-0.000025494978503364475394
0.000019124551434369714755
-0.000013408087586650282473
8.4211428802291977824e-6
-4.2834776456658732947e-6
1.2227984943182850183e-6
0.0018597345826376006426
0.0043970799744827524518
0.0067122194045770008397
0.0094058704516697021007
0.011338192990443107445
0.014388946519802040245
0.01541081407017979901
0.020002509007704818982
0.010221628077586554727
-0.0020031840917661175585
0.0011735828236006622295
-0.00085194906204268227588
0.00067962426395099647652
-0.00057056299296683161708
0.00049402253126800581349
-0.00043636236250107496335
0.00039062740902231425807
-0.00035290878623830756195
0.00032084561212365738489
-0.00029293092823247723226
0.00026816002704315281296
-0.00024583926497219854806
0.00022547603348160405721
-0.00020671238970929090009
0.00018928341277237162822
-0.00017299018563925663176
0.00015768175832005701413
-0.00014324281018035129904
0.00012958503629840779731
-0.00011664103401979517805
0.00010435991265677746653
-0.000092704123813259097092
0.000081647184401619157002
-0.000071172080335722872623
0.000061270221135526485945
-0.000051940881189742136822
0.000043191126604277261664
-0.000035036305105620580054
0.000027501301695097144928
-0.00002062300608434349455
0.000014454994563619779535
-9.0769405195486480093e-6
4.6164521134658123746e-6
-1.3177573858736736615e-6
0.0018837206103275981487
0.0043106990135635048836
0.0068911336159845607219
0.0090968491512231754045
0.011834857362499848229
0.013601012007229761932
0.016717250613445320291
0.017476604565508782695
0.022269659689662255652
0.011210996020492507862
-0.0021706388549485861343
0.0012591517088304659356
-0.00090650484025097759325
0.00071800552785603486771
-0.00059902251987302781567
0.00051576070047425070218
-0.00045323022957924003336
0.0004037901551822479523
-0.00036314723288640307307
0.00032870912560993873305
-0.00029882161357224688562
0.00027238216235747986783
-0.00024862986508088308403
0.00022702456841906608912
-0.00020717397243251382394
0.00018878789849459975863
-0.00017164862781093846501
0.00015559110965163512873
-0.00014048943414549984016
0.00012624740109451928886
-0.00011279184227350026882
0.00010006784651065768091
-0.000088035339960553320247
0.000076666668231651963333
-0.000065944958517717990904
0.00005586313754228963274
-0.000046423566613934896197
0.000037638351040656283134
-0.000029530523382899852932
0.000022136566534981361892
-0.000015511343690167290683
9.7381268253547297821e-6
-4.9519793503904618274e-6
1.413415398385526366e-6
0.0018631905406791561832
0.0043842157934784248474
0.0067405356843538178403
0.0093522810023623144181
0.011435980729084125915
0.01420480165428609621
0.015796292138819542401
0.018962059382967704719
0.019455490856389935528
0.024425779788244708576
0.012144511612088009382
-0.0023271937794755678266
0.0013382795176750990194
-0.00095629998352970546701
0.00075249554950614442835
-0.00062412088069423313128
0.00053449675800461073813
-0.0004673584424062397748
0.00041441683753882540592
-0.00037101536615579521134
0.00033434279766060222154
-0.00030260556613204643115
0.00027460851477153461967
-0.00024952701948930137044
0.00022677587540022248651
-0.00020593023144377019001
0.00018667600028212781329
-0.00016877770462834999515
0.00015205703412089724186
-0.00013637820340263079252
0.00012163776123707887091
-0.00010775739759152674451
0.000094678830784158065841
-0.000082360188270901557867
0.000070773509870414112369
-0.00005990315279337877598
0.000049744998451493227471
-0.000040306482505648242484
0.000031607634185160022212
-0.000023683604345010888769
0.000016589810346518885401
-0.000010412567256993852239
5.2940272688228376418e-6
-1.5109000949470676217e-6
0.0018810215714422690442
0.0043206311772650895363
0.0068697449008849066233
0.0091359343595460495079
0.011767252260175350633
0.013718170298865761875
0.016503826460673769166
0.017913076172882818951
0.02111222411236006561
0.021337581152091446922
0.026460145154018024322
0.01301752402292611547
-0.0024720871161428741789
0.0014106072013456683867
-0.0010011366442965052431
0.00078298572260693732716
-0.00064580721623280599153
0.00055022061312904239735
-0.00047876724151047062794
0.00042255101994262794464
-0.00037657506982155223606
0.0003378231005421604268
-0.00030437097563317181832
0.00027493673313213744364
-0.00024863603339458094853
0.0002248414651411676982
-0.00020309771418852914449
0.00018306836824749922534
-0.00016450143844208985901
0.00014720638109474089991
-0.00013103842688160329622
0.00011588769888549359679
-0.0001016715655823158412
0.000088329252003074984982
-0.000075818092920147792644
0.000064111051461526784411
-0.000053195303997703887079
0.000043071852606670842816
-0.000033756321969801796308
0.000025281423843556600986
-0.000017702273246554948607
0.000011107604602440869355
-5.64629029879129623e-6
1.6112597819031489129e-6
0.0018653469295937357675
0.0043763484137060921861
0.0067572051003516804381
0.0093225851095819975519
0.011485450118636280835
0.014123682348606253225
0.015932129968588040653
0.018720463813571344128
0.019940795190969601895
0.023157060355636451966
0.023113475506548492816
0.028362632972212547645
0.013825683890932013137
-0.002604609658393203663
0.0014757989732821080429
-0.001040826730498075528
0.00080936885372928447523
-0.00066402630311463422635
0.00056291360999044648932
-0.00048746518791393084376
0.00042822227186953785755
-0.00037987253014763764894
0.00033920958613441487807
-0.00030418827296411707576
0.00027344618209798095501
-0.00024604366214521516283
0.00022131425303365059911
-0.00019877451933626912289
0.00017806752400778481818
-0.00015892620807221468908
0.00014114900645818401412
-0.00012458324616882105195
0.00010911365514388637988
-0.000094654338741030043632
0.000081143199704286875692
-0.000068538170144275666553
0.000056814895841237285703
-0.00004596573524038957168
0.000036000176173763809382
-0.000026947141905055575942
0.000018860418775686415531
-0.000011830432888073335592
6.012377671147065117e-6
-1.7155169629129009822e-6
0.0018792657539349287649
0.0043269948936136674238
0.00685642746914800235
0.0091592090724955304903
0.011729536159677569791
0.013777640637862042413
0.016409699073465704899
0.018066858921263262094
0.020843674743284707782
0.021869326302866330001
0.025086402159107669719
0.024774309474286158918
0.03012377398894185062
0.014564964969398873834
-0.0027241102292595964686
0.0015335476731344163777
-0.0010751979631372487054
0.00083154593663648093014
-0.00067872591127017718461
0.0005725563091523051606
-0.00049345722137411692764
0.00043145437801685433289
-0.00038094649475294899701
0.00033855311333038164709
-0.00030211826396404286059
0.00027020593603917587926
-0.00024182593259649551736
0.00021627618720122588855
-0.00019304772162929253233
0.00017176508292352994551
-0.00015214778004115007805
0.00013398463703208721704
-0.00011711637298418575524
0.00010142360156140227763
-0.000086818533208214027463
0.000073239325712640082749
-0.000060646461253821008862
0.000049020850555413849217
-0.000038363674129261052788
0.00002869839657406796371
-0.000020076221391454477417
0.000012588391687064203562
-6.3959606233435834975e-6
1.824709976620108664e-6
0.0018667997656821886952
0.0043711101266242108691
0.0067680616885948091608
0.0093038898792696661985
0.01151511574862914693
0.014078244239307458065
0.016001214041980717415
0.018613857704722296975
0.020111729154059985912
0.022862891353835279794
0.023689044204535688575
0.026890654042359001809
0.026311796277084099096
0.031734800785979029668
0.01523168417539049201
-0.0028300000982536258929
0.0015835785286535712489
-0.0011040978582787241569
0.00084943048843585004471
-0.00068986146639658768199
0.00057913340652841333573
-0.00049674975997378427115
0.00043227054909680086537
-0.00037983353549488950961
0.00033590111503933854943
-0.00029821736333637667425
0.0002652799527241296064
-0.00023605323892396615555
0.00020980325804538756416
-0.00018599829630637715766
0.00016424660509893807409
-0.00014425611045303839743
0.0001258076638251777264
-0.00010873693649287402111
0.000092922036392728180766
-0.000078275078094238460868
0.000064736649919258385646
-0.000052272613399050918752
0.000040873088486939824609
-0.000030553986213293918799
0.000021362370031111489076
-0.000013389224172434615765
6.8009003848030498242e-6
-1.9399290284162762844e-6
0.0018780468522281975162
0.0043313714369383654408
0.0068474266574136273996
0.0091745283251380252431
0.011705622769321290685
0.013813462627414502067
0.01635684329021767181
0.018145155179849041122
0.020725153968880742795
0.022056551442084348276
0.024768064698915144647
0.025390869021486321438
0.028560839940645282053
0.027718266800924482231
0.033187692156004997852
0.015822519933300963738
-0.0029217566470153043347
0.0016256519268467686182
-0.0011273964641425074964
0.00086295143254455042836
-0.0006973991036546070375
0.00058263693588476939803
-0.00049735401608002858505
0.0004306968148495254609
-0.00037657148602414665256
0.00033130105366619119649
-0.0002925410481588209371
0.00025873051214666172454
-0.00022879376175075712289
0.00020196890122347317337
-0.00017770451955855522486
0.00015559501953864605116
-0.00013533883577033091046
0.00011671076569126756069
-0.000099543340363348431751
0.000083714228267465381868
-0.00006913788405393092146
0.000055760437193122592973
-0.000043557412645015900349
0.000032534508038540739668
-0.000022732686893496067481
0.000014241327206875657158
-7.2313710619025726003e-6
2.0623506061479793001e-6
0.0018678348360109175883
0.0043674062346591511373
0.0067756315597260322439
0.0092911269650360335829
0.011534779848376224204
0.014049298312115416175
0.016042949036685892775
0.018553899128926594961
0.02019881395788470199
0.022733060844214217383
0.023891631772266917558
0.026549713090415262208
0.026966311107454673125
0.03008864879361752985
0.028986706952760377652
0.034475213517809258474
0.016334528719795358746
-0.0029989264458458453305
0.0016595655171476559716
-0.0011449882989783321252
0.00087205506397090385477
-0.00070131771010751565841
0.00058306839214781639338
-0.00049528818835755348327
0.00042676426836643573938
-0.00037120172292401689695
0.00032480272702017274919
-0.00028514618148855312049
0.00025062055698200820592
-0.00022011583226827807759
0.0001928464018973222303
-0.00016824444200736265393
0.00014589321322822721912
-0.00012548404847680453281
0.00010678797907493887496
-0.000089636790602809837578
0.000073910457625801166873
-0.000059529210040018563714
0.000046449385562460463924
-0.000034663051556131261539
0.000024202574779590461181
-0.000015154015016190350925
7.6919879992479569454e-6
-2.1932732412953048278e-6
0.0018771584528205401099
0.0043345415831042876884
0.0068409809578953227243
0.0091853122956050624498
0.011689183243300323862
0.01383732434113916235
0.016323061572106825538
0.018192550754563641525
0.020658422751678764289
0.022151974343766960462
0.024627572938188795075
0.025607822169920754062
0.028198968753871200751
0.028407512876563665082
0.031466476591340754363
0.030110792031410001742
0.035590953261470543455
0.016765159726573413099
-0.0030611278259115045172
0.0016851558243376094718
-0.0011567937393562189784
0.00087670640056058150336
-0.00070161029837294356812
0.00058044014439244689761
-0.00049057891529823290818
0.00042051055626897501842
-0.00036377068855627823559
0.0003164598225908606262
-0.00027609260163892018979
0.0002410153272534506733
-0.00021008963197513542809
0.00018251069198887872772
-0.00015769783387509220243
0.0001352262006505684555
-0.00011478280640901141019
0.000096137723377177532698
-0.000079125111824095974678
0.000063631067292058032686
-0.000049586698257385076617
0.000036966000578032864658
-0.000025789526670604476603
0.000016137815909015857184
-8.1879509709473367018e-6
2.334157203789897703e-6
0.001868604658714988862
0.0043646656469326683112
0.0067811799474383667635
0.0092819035557795288789
0.011548717697050820354
0.014029298792398087485
0.016070848264743091026
0.018515486966817724463
0.02025160624644256878
0.022659905699518043499
0.023994913160975499383
0.0263992524999508176
0.027196567411369333642
0.029707621883045973185
0.029707287552144169032
0.032687464720960312445
0.031084917845258649862
0.036529354896164809916
0.017112267567341665246
-0.0031080529921222529836
0.001702299472569796019
-0.0011627600038631412842
0.00087689009868761191395
-0.00069828491485580808996
0.00057477635968644973967
-0.00048326222364969111286
0.00041198085612068220431
-0.00035433090208989779993
0.00030633097016091437858
-0.00026544423035006370644
0.0002299835470341235803
-0.00019878849385683526947
0.00017103982054435211188
-0.00014614790688650671035
0.00012368322143228928109
-0.00010333179584287124934
0.000084866325811105702334
-0.000068127612537655135221
0.000053013478475893890052
-0.000039474004277960252444
0.000027513734155826913414
-0.000017204822588645090026
8.7252118662588107043e-6
-2.4866707717203489272e-6
0.0018764856034220244912
0.0043369322001933932352
0.0068361586236230764135
0.0091932856605831602076
0.011677222366182492128
0.013854324220040040213
0.016299632692794571397
0.018224318882605023368
0.020615594696046722255
0.022209885984958307574
0.024548362957842982689
0.025718452608835268191
0.028039274533149027147
0.028649948151951741292
0.031068161582753301485
0.030859154658461995061
0.033745534467567593554
0.031904228362652105356
0.037285744872902157018
0.017374122965393144509
-0.0031394697006486736848
0.0017109140800003242197
-0.0011628618190471816029
0.0008726110415666515456
-0.00069136520709573450332
0.00056611357464941119304
-0.000473384117854255997
0.00040122849435906808171
-0.00034294161816386108887
0.00029448045858957927617
-0.00025326987382423621232
0.00021759834913102156285
-0.00018629000981090837379
0.00015851633245748158625
-0.00013368309785287514414
0.0001113601331399175291
-0.000091236653438220340194
0.000073092790271402981801
-0.00005678217837304648411
0.000042223193055783958196
-0.000029398839262174733782
0.00001836912044179739481
-9.3106781264671453513e-6
2.6527461186755235978e-6
0.0018691974014966648471
0.004362563209330160317
0.0067854078689120113067
0.0092749449534326896063
0.011559091786873545644
0.014014671977703397327
0.016090803684090856843
0.018488767876913979417
0.020287066842478853074
0.022612886535468456077
0.024057652063647562755
0.026314377769319175148
0.027314008182271240485
0.029539469774461882752
0.029960720601975559471
0.032273813373568775759
0.031857372074662763519
0.034635417530393964859
0.032564639720306365398
0.037856355963601662017
0.017549421368389553147
-0.0031552225137922030383
0.0017109588598380901196
-0.0011571018209697768786
0.00086389466745877382082
-0.00068089072855554321209
0.00055450100195227700787
-0.00046100090524205631189
0.00038831530653430383086
-0.00032966924267378543729
0.00028097873613199572476
-0.00023964385019016482556
0.00020393809306892590128
-0.00017267713402653450955
0.00014502880064664719926
-0.0001203992497691904502
0.000098362587059060458523
-0.000078616697773773556535
0.000060956037026617607535
-0.000045256740797415128479
0.00003147288800012230694
-0.000019647325069492581948
9.9524661408852019214e-6
-2.8346486235065749143e-6
0.0018759596159474095532
0.0043387951378907858701
0.0068324222891743681447
0.0091994110417321481369
0.011668138777122207293
0.013867044401879738411
0.016282426304987269622
0.018247114888952823729
0.020585731422754107336
0.022248854589940708384
0.024497388394047836242
0.025785711528473107096
0.027949145824025845561
0.028773632678922730878
0.030892364851672649202
0.031122352717908266827
0.033318573019161874602
0.032696964481987958036
0.035352682425236065998
0.033062860446928181718
0.038238346092490288079
0.017637289447338517203
-0.0031552336389848982244
0.0017024349498221228379
-0.0011455107257955242173
0.00085078708044672979328
-0.00066691703127921493501
0.00054000062909783520624
-0.00044617932119501723784
0.00037331181198926592687
-0.00031458758829459837969
0.00026590279218760514542
-0.0002246465648259895424
0.00018908723510938333355
-0.00015803950126916972552
0.00013067382953258706523
-0.00010640267436078835288
0.000084810758746015073288
-0.000065612364095504170122
0.000048626915814268487653
-0.00003376956559537739108
0.000021059271167706087517
-0.000010660223475512958675
3.0350646155087288453e-6
0.0018696673369408800287
0.00436090090723793502
0.0067887341066222866726
0.0092695104340027519771
0.011567114035195336827
0.014003503774736009211
0.016105800647288895367
0.018469076581265225174
0.020312582325640522389
0.022580031542254185449
0.02409993598906663543
0.026259694610678220483
0.027385464989676421129
0.029444517527092346047
0.030090056538791718092
0.032091219187796944713
0.032129056810492882286
0.034197236484426041133
0.033373748054236600699
0.035893756656581813236
0.033396407786956983456
0.03842981253366193263
0.017637289447338517203
-0.003139503355711181785
0.0016853854838581073002
-0.0011281472905527355052
0.00083335497115886816139
-0.00064951557957115710975
0.00052268714869366064839
-0.00042899650089166518254
0.00035629725987501678949
-0.00029777804216181928622
0.0002493365173791238444
-0.00020836516987181747774
0.00017313745104430733937
-0.00014247526758099788173
0.00011555901795161309261
-0.000091814898952359181951
0.000070847008760766629866
-0.000052397826112601978564
0.000036329826675226449076
-0.000022628911384375384593
0.000011445545871636191183
-3.2572143910207955756e-6
0.0018755370501798953325
0.0043402882176215368594
0.0068294407028594853421
0.0092042679804072522791
0.011660997691807020443
0.013876935373613887433
0.016269228103808683997
0.018264311319845376363
0.020563655404942299904
0.022276963240338368524
0.024461700358202553273
0.025831109952783305039
0.0278910116320541911
0.028848951202665751942
0.030793037593454769457
0.031256724560067623644
0.033130058344832773804
0.03297581845119454919
0.034905425863238873705
0.033884351263327515198
0.036255944557748883172
0.033563620034838944286
0.038429801408469237444
0.017549421368389553147
-0.0031081100328153729983
0.0016598954143769650951
-0.001105098077247138661
0.00081168536492795397277
-0.00062877350696684828388
0.00050264774880542454869
-0.00040953983566413508525
0.00033735959959278578924
-0.00027932972346694420719
0.00023137116052845600884
-0.0001908944944834403534
0.00015618931269425638061
-0.00012609397000954259514
0.000099807721944053597546
-0.000076780567062892286734
0.000056649164136059670328
-0.000039204085025315020323
0.000024385508877981453419
-0.000012322525567738255672
3.5050000597239105356e-6
0.001870049655437713234
0.0043595513618888892066
0.0067914242573481953653
0.0092651397076695493198
0.011573517757953821356
0.013994673589013551525
0.016117518615763507459
0.018453910560342657162
0.020331896022033191925
0.022555675138837890867
0.024130506891718537178
0.026221338055663139314
0.027433769432733004712
0.029383199812621983879
0.030168887892191404743
0.031987981484765788564
0.03226782894523164941
0.034003703571001082195
0.0336584215600339193
0.035439611137882023522
0.034226231695212454748
0.036437440713724216009
0.033563664814676710186
0.038238312437427779978
0.017374122965393144509
-0.0030612097382188265249
0.0016260910904947208415
-0.0010764770279768760623
0.00078588520813993241455
-0.00060479323197231746551
0.00047998178684600637484
-0.00038790675128500087272
0.00031659543701696275004
-0.0002593397336669639247
0.00021210605602670814906
-0.0001723385408736128011
0.00013835502429941345351
-0.00010902128675966095648
0.000083567190600464827444
-0.000061481415172886813788
0.000042455207824214378466
-0.000026365245833083653424
0.000013308483569028826118
-3.7832018656357336183e-6
0.0018751890723281091065
0.0043415154718961632506
0.0068269982003786378501
0.0092082271342515476726
0.011655214955287565567
0.013884877932164611151
0.016258739018572565576
0.018277807581093331119
0.020546587951015980704
0.022298308819552726442
0.024435171131062525474
0.025864008225307878829
0.027850156275720861544
0.028899946391763624087
0.030728812581131047726
0.031338708896441013096
0.033023388341680615292
0.033118338597026143994
0.034707797358333021606
0.034173469571099839279
0.035797127651634914384
0.034397688795989422492
0.03643733889854017569
0.033396543264209310275
0.037856298922908542002
0.017112267567341665246
-0.0029990354430179837183
0.0015841395943320676301
-0.0010424248543583849704
0.00075608079863681498704
-0.00057769194424822551829
0.00045480037049469263247
-0.00036420445409858665917
0.00029411006320051938126
-0.0002379136585330277756
0.00019164990873054067403
-0.00015281305991328764144
0.00011976314129181941444
-0.0000914073817575824446
0.000067023253958784960967
-0.000046162687372154292873
0.000028613430351625996624
-0.000014424963170246249895
4.0977428413998956115e-6
0.0018703682443525988599
0.004358428634733369398
0.0067936555618809769029
0.0092615303950779790626
0.01157877495043157245
0.013987478108897890117
0.016126980338742852408
0.018441799018728532796
0.020347118431795931922
0.022536774847394027133
0.024153797023525450308
0.026192745879727323143
0.027468857089875147547
0.029340019570772883095
0.030222353023527533346
0.031921132468240847665
0.032352597616999856866
0.033894090141703104433
0.033804024578414355474
0.035238824846084521927
0.034518402592386659396
0.035976189193049977974
0.034397872494116452902
0.036255636476135325272
0.033063090106448679547
0.03728566296059483501
0.016765159726573413099
-0.0029218958218798259624
0.0015342478351919257326
-0.001003108240559770344
0.00072241706223408258533
-0.00054760097200717447636
0.00042722587593147687866
-0.00033854971401277631068
0.00027001769721805526144
-0.00021516659650565483435
0.00017012315234079529615
-0.00013245016607191509718
0.00010056706950134269103
-0.000073442292290718547582
0.000050428572802312136229
-0.000031187580105329964223
0.000015699100658134372861
-4.4560512641513523236e-6
0.0018748956747976840624
0.0043425486957631741043
0.006824947392806183111
0.0092115382936277841248
0.011650404002565736576
0.013891442025078044577
0.016250140616074929004
0.018288763449278635655
0.020532892945775919292
0.022315204061910076848
0.024414507272652823297
0.025889154832624003721
0.027819612223871388928
0.028937083536900425437
0.030683484183049262097
0.031394419309619919269
0.032954203621079270613
0.033205516726126653449
0.03459573685760734739
0.034321481662419853279
0.035594130925136659777
0.034691510502529218012
0.035975896604784550064
0.034226787672808202439
0.035893234229764621144
0.032564969617535674521
0.036529245898992671528
0.016334528719795358746
-0.002830173651207330999
0.0014766613980206063668
-0.00095871885481978218317
0.00068505667440935314917
-0.00051466504456303126773
0.00039739145190910120565
-0.0003110688032292016595
0.00024444219728840746443
-0.00019122522202215813988
0.00014766236934901766552
-0.00011140690147491113475
0.000080961102633381110936
-0.000055386096628658996926
0.00003416181806396051625
-0.000017165550896729076001
4.8675655454711693201e-6
0.0018706400509502407783
0.0043574720548243246339
0.0067955520505831171029
0.0092584735553008706535
0.011583206442971064575
0.013981448823285520941
0.016134850968841787847
0.018431811790958367743
0.020359541926905644072
0.022521535381348364155
0.024172312458484751203
0.026170386881622561851
0.027495772762325380223
0.029307634458356302892
0.030261399449557510846
0.031873833628352684598
0.032410326927444055768
0.033822860501305647135
0.033893234081017139296
0.035124817416810435671
0.034668145921929580833
0.035771932910757062991
0.034691941958792265008
0.035796241840433713331
0.03388529449824173859
0.035351931598825837989
0.03190466752630005758
0.035590814086606021827
0.015822519933300963738
-0.0027243238052240138329
0.0014116631378732654364
-0.00090947215878125577896
0.00064417902436590950219
-0.00047904147473912588336
0.00036544059890066744691
-0.00028189781370763334117
0.00021751872705539569911
-0.00016623188418276136942
0.00012442878322600297365
-0.000089881818311685370792
0.000061212543269349342962
-0.000037633279623634639541
0.000018869246824056620524
-5.3444506718087586117e-6
0.0018746423305848050339
0.0043434397833776190115
0.0068231826019624273759
0.0092143784983762630969
0.011646294937222899233
0.013897018322153565216
0.016242884019433961359
0.018297937256985178436
0.020521531233267347915
0.022329070004592287542
0.024397760160668892785
0.025909240382027053214
0.027795623892317064672
0.028965683333698809593
0.030649366647087361177
0.031435236608556539911
0.032905110678514683648
0.033265039500422696591
0.034522752498019707167
0.034412344815746950469
0.035478676272273995803
0.03484230834558023354
0.035771328654650818677
0.034519709330250692958
0.035438107397182876701
0.033375104646247480448
0.034634417311425550355
0.031085478910937146243
0.034475039964855553368
0.01523168417539049201
-0.002604870847181282001
0.0013395715047799271781
-0.00085560599650677086876
0.00059997901964033018893
-0.00044089931285026407058
0.0003315270011131235421
-0.00025118379781786015337
0.00018939736405419302526
-0.00014035282866695302449
0.00010062520238045838473
-0.000068149010862291612506
0.000041731689195183599284
-0.000020869442861788807798
5.9026358742000623408e-6
0.0018708776915797686489
0.0043566366443857656448
0.0067972049861029285565
0.0092558170897988290634
0.011587042554435537351
0.013976255084769766093
0.016141590555479496591
0.01842332036815825783
0.020370016829460469371
0.022508810574193229751
0.024187599622614616486
0.026152164418836416696
0.027517383144831939057
0.029282077718838897745
0.030291603267857454074
0.031838087588231220007
0.032452781252389491604
0.033772145385743321715
0.033954329198644154613
0.035050364194750331879
0.034760289623448724646
0.035655525389429983403
0.034843124516660180073
0.035592299958153223221
0.034175689621633983858
0.034903261045953507677
0.032698773516510345268
0.033744255402727966198
0.030111492193467511097
0.033187478580040580488
0.014564964969398873834
-0.0024724062070778243453
0.0012607385715660720223
-0.00079737893493165095501
0.00055266573811868572166
-0.00040041858811159832802
0.0002958149856411747274
-0.000219087667430794459
0.00016025077277846262763
-0.00011379520866796447627
0.000076531795911844095728
-0.000046634091358009589888
0.000023245790148754637438
-6.5633523785400073014e-6
0.0018744179185193016586
0.0043442283060912749962
0.0068216238106780660957
0.0092168804496316881705
0.01164268809291466089
0.013901891234466741231
0.016236577141275300012
0.018305859011063199536
0.020511794325317385121
0.022340848841280728847
0.024383677562917048807
0.025925934390708344561
0.027775951028032847326
0.028988780932339563653
0.030622294558853198708
0.031466972342594142657
0.032867831958926986615
0.033309005200113175599
0.034470578796828545656
0.034474799748688308064
0.035403031009743223369
0.034935369308542619528
0.035654451424824672055
0.034670620464909568436
0.035235711118700219862
0.033661621524692884003
0.034194345756261460424
0.031859688585861433017
0.032685866597100003003
0.028987569377498875976
0.03173453959719095133
0.013825683890932013137
-0.0023275849263603167048
0.0011755477176275259481
-0.00073506831465143624324
0.00050246096420350755912
-0.00035778990666690730677
0.00025848143744686978722
-0.00018579093796574818462
0.0001302908323733244796
-0.000086844241174622965862
0.00005258827743831232199
-0.000026107729943670124782
7.3554719626529901249e-6
0.0018710911417744856087
0.0043558869740612133575
0.0067986857731875518907
0.0092534431416539295346
0.011590459527166048713
0.013971647732610306837
0.016147539553428239598
0.018415869210902140709
0.02037914510371158267
0.022497810133905163516
0.024200693972172943779
0.026136719611434546782
0.027535480082978532678
0.029260968365679350963
0.030316161969686243119
0.031809541305044017334
0.032485989071343218267
0.033733417167335355342
0.033999693669542162795
0.034996881964180869967
0.03482390600364696885
0.035578949870310206224
0.034936755794134873979
0.03547541780660065853
0.034325694910843661074
0.034703302376193801121
0.0329800988400177838
0.033314864655823523484
0.030862054143994990148
0.031464504995077489262
0.02771932273745207928
0.030123454898006900453
0.01301752402292611547
-0.0021711219298420055583
0.0010844108888935688015
-0.00066896795718695615547
0.00044959773402161787
-0.00031321505463885872596
0.00021972111177474316586
-0.00015151130916574531897
0.000099806508861325078165
-0.000059951523094913863167
0.000029609506497332524952
-8.319169885880286647e-6
0.0018742133016513358252
0.0043449466564935992236
0.0068202059450469866123
0.0092191510580608557006
0.011639424555354616203
0.013906283776455345018
0.016230917888540558683
0.018312928908452943594
0.02050315930796648823
0.022351218531114601611
0.024371383412446920322
0.025940369215068072875
0.027759125179455553019
0.029008292177560668796
0.030599746554183614812
0.031492982832481030233
0.032837835144219067487
0.033343643452864698385
0.034430465366127100683
0.034521470055386066532
0.035348369756268407664
0.034999970379905499786
0.035577184460809080837
0.034764499939118504072
0.03511926129694208423
0.033810118297144505087
0.033997677895553065973
0.032134560681586106754
0.032269160747296160606
0.029710872801274839591
0.030086229922327453134
0.026313088264188927255
0.028362241825327798767
0.012144511612088009382
-0.0020037877472596928533
0.00098776529878317392645
-0.00059938547606326789747
0.00039431926721536803923
-0.00026691024364559116951
0.00017976022192547939991
-0.00011654013395493983206
0.00006925769343617491985
-0.000033975109716002786143
9.511860877232574395e-6
0.0018712889861580032312
0.0043551926631128125231
0.0068000552509646380303
0.0092512522120975418767
0.011593604384474623953
0.013967421934023404893
0.016152973054994254157
0.018409097473518371718
0.020387393017630819821
0.022487936999502733714
0.0242123565559443668
0.026123083385812784261
0.027551299935353368593
0.029242721781071247936
0.03033712094968646473
0.031785529300747427315
0.032513466329939082363
0.033701968080957764663
0.034035747236188730734
0.034955419903218802842
0.034871818168360040204
0.03552320875975791749
0.035002196732319554538
0.035397664350351353179
0.034419536805176350285
0.034587682367569733566
0.033126529297964578246
0.033122287669169957525
0.031129279166127676773
0.031062390870654011835
0.028411924410941712799
0.028557872622115003868
0.024775896337021765005
0.026459662079124604898
0.011210996020492507862
-0.0018264035344891461974
0.00088606934139565412694
-0.00052663920741040985061
0.00033687940341074310858
-0.000219116411490242915
0.00013889171718419918152
-0.000081340238194567961787
0.000039541670198917177633
-0.000011018208771209391153
0.0018740201589422624312
0.0043456242316489562489
0.0068188703183095414081
0.0092212858738437548065
0.011636363957093948809
0.013910390108945407896
0.01622564771114053102
0.01831948278030015956
0.020495197036362851591
0.022360721819849489237
0.024360195304511741636
0.025953400861450611784
0.027744071905677285371
0.029025570026140970201
0.030580009384800779197
0.031515454830303519678
0.032812300249771068791
0.033372637694826769184
0.034397525320322587124
0.03455896251801391739
0.035305555126488397194
0.035049102861195430348
0.035520418159649232954
0.034830682709735953481
0.035041176859018766251
0.033903689522559673108
0.03388322823938513376
0.032278430030568403234
0.032081402229103002438
0.029969345819512978206
0.029700492931764579284
0.026971743517913029798
0.026886997107894913217
0.023115440400575356534
0.024425176132751133282
0.010221628077586554727
-0.0016398351008003821605
0.00077979733585511143007
-0.00045105510916153520462
0.00027754796056649786903
-0.00017012958326232751471
0.000097573973212991920416
-0.000046839290720330390492
0.000012967818918788114974
0.0018714796030620704726
0.0043545241614080879346
0.0068013722349097635623
0.0092491489559940248685
0.0115966163995752356
0.013963386389143869516
0.016158143679481302842
0.018402680197463587358
0.020395171259189101752
0.022478678166677222247
0.024223223579265883448
0.026110469648523789153
0.027565813271210561834
0.029226137450640320851
0.030355971333206958031
0.031764187606646284395
0.032537563246653171466
0.033674802238697482355
0.034066360428526752575
0.034920895823043056076
0.03491083019612888073
0.035478977750223502454
0.035052590761772660784
0.035339861688913140349
0.034486432513280233026
0.034509349642883810921
0.033219673864531412366
0.033009266485060474499
0.031270182216550628616
0.030880078062856000758
0.028660658968226635485
0.028190144451756612463
0.025397597385566972833
0.025081853714013365661
0.021340045053239186564
0.022268892725743658912
0.0091813369534522184107
-0.0014449853505378147083
0.00066943250906913278995
-0.00037296534229284409021
0.00021663225871941254964
-0.00012039476032210685279
0.000056748415494577059275
-0.00001556833529308855109
0.0018738296573075385293
0.004346292136761375125
0.0068175551947157072
0.0092233845665631961428
0.011633361490566006423
0.013914407805985311442
0.016220507790472845694
0.018325850450380725042
0.020487495136768209851
0.022369867585255392761
0.02434949068059953708
0.025965787057251111332
0.027729871021712154559
0.029041732284835945141
0.030561721639406001878
0.031536054404984474299
0.032789174162385134831
0.033398541229339162059
0.034368546735633000228
0.034591374384158260593
0.035269272070325957055
0.035089801203120024261
0.03547461654709049326
0.034882474407716205633
0.034982227118340665035
0.033971373735512567174
0.033804620174017582336
0.032371107578096850919
0.031969945113855472442
0.030107008635810661846
0.029524109518719900901
0.027209916553594526936
0.026538708395156110442
0.023697468674508786001
0.02315132213364757106
0.01945863634766753824
0.020001512251347046847
0.0080953057030174552202
-0.001242783897072600868
0.00055545754665956541924
-0.00029271590125950866596
0.00015455658602971036658
-0.000070838600912346520116
0.000019171832950275617744
0.0018716728307719898445
0.0043538468730524722264
0.0068027052132469271172
0.009247023213335542375
0.011599654836279745643
0.013959325131069702627
0.016163332249799346142
0.018396262630099928171
0.020402918909129969908
0.022469498018808319384
0.024233941824976817246
0.026098102595385032921
0.027579947071064637414
0.02921010929352618911
0.030374034038041170946
0.031743934026344431658
0.032560184612255066504
0.033649609938645056558
0.034094360375585631987
0.034889808312100732212
0.034945341299982059441
0.035440633317513636053
0.035095276421558635115
0.035292194009879413476
0.034539906433427814358
0.034448986241121390368
0.033288385729637361723
0.032930184345822184723
0.031362532729063632789
0.030770130671765299965
0.028795008848789033431
0.028019958223909398993
0.025624623718871437809
0.024754157362165426646
0.021880051579583448042
0.021104836509404401877
0.017480720496266375548
0.017634260990205081768
0.0069689457053202525203
-0.0010341711136528931226
0.00043834357974121405956
-0.00021071672208522763823
0.000092187923500578016204
-0.000024420303220778796636
0.0018736301019851615283
0.0043469914459823762798
0.0068161794400456189926
0.0092255772183587843784
0.01163022988815338948
0.013918589454676653982
0.016215171811602285011
0.018332440975308744749
0.020479551850630684488
0.022379261584033929323
0.024338546678460540011
0.025978383293495013363
0.027715515676916903439
0.029057960162174434453
0.030543499040723699737
0.031556405331081365897
0.032766546633529768016
0.033423612372340334887
0.034340841055417579278
0.034621936132515699506
0.035235593309534396996
0.035126909108864004208
0.035433700147373178364
0.034927668111624545957
0.034932166297434493209
0.034027058303921719383
0.03374232000758972968
0.032441355829899375498
0.031889907046039906892
0.030199469334918259098
0.029415305316042240957
0.027341209373566632779
0.026374639315170035219
0.02391313672467970318
0.022844954851123821271
0.019954782447198962926
0.018952273915030067987
0.015416386384278302942
0.015178807917207599986
0.0058078704755048026572
-0.00082007037854607453574
0.00031855199269093358967
-0.00012771508199702774189
0.00003260366251447230119
0.001871883694627208413
0.0043531080779914720015
0.0068041581395624765317
0.0092447087483712311948
0.011602958183740226718
0.013954917884283145264
0.016168950330391363971
0.018389332119123347741
0.020411260112755272367
0.022459649574876597123
0.024245393774786675061
0.026084949785307848368
0.027594900587351193456
0.029193251217610295018
0.030392906245317467083
0.031722930400049052289
0.032583447057388994276
0.033623948224258063941
0.034122578532097877738
0.034858855151131149391
0.034979235445698943632
0.03540355687519918873
0.035135822366582044143
0.035247831110808717986
0.034588513861260085773
0.034395598456878091994
0.033347238725815919977
0.032864971508412832494
0.031435303214210478627
0.03068815252892319307
0.028888545313052306881
0.0279113752990379564
0.025753698959675297248
0.024595511470274703294
0.022084798845372991342
0.020819836951425393775
0.017931961570854812315
0.016703753716672003174
0.013276375967317112508
0.012647138996332873203
0.004617870434203687293
-0.0006013352397759671325
0.00019667515018324962528
-0.000046694158190304597899
0.0018734002315657494269
0.0043477967051050980804
0.0068145962613826205302
0.0092280981108208039175
0.011626633916587725092
0.013923383765221450754
0.016209065499232347616
0.018339966213432056763
0.020470505472421355287
0.022389928189696319535
0.024326162543080067013
0.025992581703122647517
0.02769940560513685802
0.029076081173124136232
0.030523264568664239012
0.03157886056537896444
0.032741756765332229031
0.033450859461824595525
0.034311002817695787986
0.034654514053880068159
0.035200108419092112926
0.035165492336384023785
0.035391796154532847506
0.034973155642666072994
0.03488277953487795229
0.034080730279225168545
0.033683882045414742362
0.03250517076423103652
0.031819921330389803143
0.030276683124177859019
0.029329414378141952105
0.027437831523156953302
0.0262642533532098306
0.024041996386355860593
0.022689813701970905435
0.020150335413263822606
0.018687319546095949902
0.015823145686324256539
0.014369174215844083013
0.011072373888127201837
0.01005129813152874626
0.0034048966888949963801
-0.00037867177843744063655
0.00007515215078312636881
0.0018721465137140199972
0.0043521875103908143283
0.0068059676148297441359
0.0092418284649318427177
0.011607065039241752764
0.013949445409231558388
0.01617591580761640537
0.018380754769300962741
0.020421561881236512258
0.022447515511903766594
0.024259464686929604308
0.026068839610479575333
0.027613151398377729498
0.029172758347245293426
0.030415743782716846539
0.031697643168850984325
0.03261129282010425287
0.033593429665128274699
0.034155891502805918077
0.034822616467232345963
0.035018543721318672099
0.035361018915208644679
0.035181770969738846097
0.03519826399147803481
0.034641942281485100722
0.034338020271420552774
0.033409315605667958532
0.032797965794091795923
0.031507778939814862897
0.030609510500466458627
0.028974272289570954154
0.027817315943150045
0.025857842925420755036
0.024478718987910682853
0.022218186532522763699
0.020663369865638935056
0.018123134827526604676
0.016454256648515390372
0.013642527231844722737
0.01195675778567618185
0.0088181913914031276975
0.0074025597915620705815
0.0021751203418812110306
-0.00015340945632467199421
0.0018730711208200999052
0.0043489493702544820342
0.0068123309289634296063
0.0092317031926726742849
0.011621495163666036604
0.013930228663062142454
0.016200357193623432626
0.018350683827761931754
0.020457641383582811817
0.022405069123180848174
0.024308619657365338866
0.026012647676310688096
0.02767669822969071085
0.029101546532158554261
0.030494925298920689942
0.031610190139759999077
0.032707318814938473788
0.033488526888224661454
0.034269980236438101004
0.034699023868355511325
0.035151970711714043556
0.035217409839870874067
0.03533593240493977052
0.03503315080100414882
0.034818443752246690243
0.034149646917670401663
0.033610104058678606225
0.032584143371950386037
0.03173535072135061409
0.030367349799874631557
0.029232023039544356104
0.027542760637301456104
0.026150704429643106623
0.024165654017429542211
0.022553913797035868608
0.020301693649720903521
0.018515328308384750501
0.016024859657662422539
0.014119643478787185781
0.011413511436321363892
0.0094660258003622128083
0.0065365141753367464321
0.0047066070010282182657
0.00093635120077819437879
0.0018727024015563887576
0.0043502406837624220613
0.0068097933777899927601
0.009235740868407374586
0.011615740951009605314
0.013937891410640505041
0.01619061140603491044
0.018362673906904436821
0.020443256155173109454
0.022421992040985015723
0.024289023224176018764
0.026035048045852230941
0.027651367781864026274
0.029129929938797747667
0.030463368350780984019
0.031645039866601927475
0.032669057439590717492
0.033530319453146826198
0.034224535134683330493
0.034748245930786289019
0.035098842736779106294
0.035274578894677034406
0.035274578894677034406
0.035098842736779106294
0.034748245930786289019
0.034224535134683330493
0.033530319453146826198
0.032669057439590717492
0.031645039866601927475
0.030463368350780984019
0.029129929938797747667
0.027651367781864026274
0.026035048045852230941
0.024289023224176018764
0.022421992040985015723
0.020443256155173109454
0.018362673906904436821
0.01619061140603491044
0.013937891410640505041
0.011615740951009605314
0.009235740868407374586
0.0068097933777899927601
0.0043502406837624220613
0.0018727024015563887576
0.00072989968161288753197
0.0038418039307420957583
0.0094240834610430166686
0.017450174788753430303
0.027880245440902950398
0.040662370007912112838
0.055732880856978398831
0.073016702497644810636
0.092427730177432494756
0.11386926037562205049
0.1372344731696414987
0.16240696466693881733
0.1892613270482120761
0.21766377340726461579
0.24747280430589884101
0.27853991273729425808
0.31071032399264643374
0.34382376674860709388
0.37771527153589937425
0.41221599261224160713
0.44715404914567337644
0.48235538151793232047
0.51764461848206767953
0.55284595085432662356
0.58778400738775839287
0.62228472846410062575
0.65617623325139290612
0.68928967600735356626
0.72146008726270574192
0.75252719569410115899
0.78233622659273538421
0.8107386729517879239
0.83759303533306118267
0.8627655268303585013
0.88613073962437794951
0.90757226982256750524
0.92698329750235518936
0.94426711914302160117
0.95933762999208788716
0.9721197545590970496
0.9825498252112465697
0.99057591653895698333
0.99615819606925790424
0.99927010031838711247