0.0006479209301417579529
-0.00024675066393797542829
0.00018943951085080600373
-0.00015990355659264710627
0.00014073286408691631858
-0.00012683031378004206457
0.00011604719158864340024
-0.00010729161434359058395
0.000099940183527669314172
-0.000093607186207914270532
0.000088039454936828957753
-0.000083063126417357690477
0.000078554453091980884938
-0.000074422776674009831438
0.000070600086977623561916
-0.000067034349689282596063
0.000063685092491874589176
-0.000060520397761813975638
0.000057514800796304115912
-0.000054647787956850812467
0.000051902702358195886422
-0.000049265932627367444163
0.000046726302202991380391
-0.000044274603256454759718
0.000041903236605401156906
-0.000039605930465143470689
0.000037377518649301891735
-0.000035213764180773098454
0.000033111218020972945235
-0.000031067105290720382958
0.000029079233281214617295
-0.000027145916965480195848
0.000025265918773565355066
-0.000023438400195422441194
0.000021662883399583673214
-0.000019939221559273097104
0.000018267577003904298177
-0.000016648406699936305092
0.000015082454946476891203
-0.00001357075358809042664
0.000012114630552845978881
-0.000010715728196167237957
9.376033897836246365e-6
-8.0979268417801464286e-6
6.8842473137049908976e-6
-5.7383989768677006448e-6
4.6645020924547091897e-6
-3.6676302783405554081e-6
2.7541944080775007406e-6
-1.9326105546109004732e-6
1.2145902047926077143e-6
-6.1808398680197783387e-7
1.7648665887571102965e-7
0.0014019956378786490794
0.0015060690567371683203
-0.00041091049440845086764
0.00028993445557618802558
-0.00023731521820013489119
0.00020611029720150874581
-0.00018458392163448548576
0.00016835629723252084794
-0.00015539410371216773714
0.00014461158653935371506
-0.0001353696614579081292
0.00012726431999804782454
-0.00012002591827110791844
0.00011346669913058434907
-0.00010745143107297372404
0.00010188001101742903959
-0.000096676657909409008101
0.000091782930083464303715
-0.000087153059895241936051
0.000082750745898634889603
-0.000078546891730978205931
0.000074517977368825462806
-0.000070644863324171919141
0.0000669118977986172963
-0.000063306240029461535723
0.000059817340664720235641
-0.000056436538052178449036
0.000053156741381386068094
-0.000049972179825720689496
0.000046878202522850743229
-0.000043871118246016290711
0.000040948066497671240427
-0.00003810691385832799141
0.000035346170987131376349
-0.000032664926862272246966
0.000030062797786546990383
-0.000027539889453998114256
0.000025096771048355861009
-0.000022734460986985498533
0.000020454424602983945829
-0.000018258584857560175139
0.0000161493482165516272
-0.000014129649303193796082
0.000012203020189183343321
-0.000010373693823203505728
8.646757321670611832e-6
-7.028382164100741948e-6
5.5261803810389617244e-6
-4.1497825477602657148e-6
2.9118438460725717834e-6
-1.8299877883259790566e-6
9.3124134951905355895e-7
-2.6590384407874563923e-7
0.0012438392358839352388
0.0032743333560036833911
0.0023603005712350860967
-0.00056629850411704063707
0.00037813010290214720563
-0.00030095465296017497927
0.00025726841330073386972
-0.00022816903079338104707
0.00020679017298112928046
-0.00019003043384351748407
0.0001762770814486801795
-0.00016460405477664233339
0.00015443896793596056325
-0.00014540742454834115599
0.00013725334101315692406
-0.0001297951497446924183
0.00012290028815360225982
-0.00011646960803793721732
0.00011042745475443774594
-0.00010471513289297298411
0.000099286472650755936148
-0.000094104742774045241414
0.000089140451836446162286
-0.000084369750637535586829
0.00007977325068335423802
-0.000075335136589624575275
0.000071042489980822075457
-0.000066884768170379599545
0.00006285339791153882972
-0.000058941455980406808985
0.000055143416238084392968
-0.000051454948336325188503
0.000047872757161386477248
-0.000044394454963699903085
0.000041018460237830639027
-0.000037743919032288991795
0.000034570645649443850937
-0.000031499080768997655514
0.0000285302660004338036
-0.000025665834843264513066
0.00002290802112719340422
-0.000020259687378681089813
0.000017724377465662788552
-0.000015306400732926655944
0.000013010959431983450568
-0.000010844339079819652405
8.8141955918794042594e-6
-6.9300006943974725806e-6
5.203765725652370082e-6
-3.6513024444101373908e-6
2.2946598325884602809e-6
-1.1676851735719626585e-6
3.3341449170539287092e-7
0.0013281526820315310275
0.0028759583467673055977
0.0051374519013023616471
0.0032065065360600947948
-0.00071774871980736516186
0.000461610282763798084
-0.00035925439271040268314
0.00030271001006809530102
-0.00026584449709794036457
0.00023924509340779514442
-0.00021870011026789911482
0.00020204176746548823358
-0.00018803855511231319415
0.00017593751893853516808
-0.00016525140814850231257
0.00015565038809992548233
-0.00014690290015025986783
0.00013884144880780687739
-0.00013134184185888561943
0.00012431007625016591878
-0.00011767376385346660063
0.00011137635624247699002
-0.00010537315249995381314
0.000099628475908415216453
-0.000094113636634639398232
0.000088805435077210668903
-0.000083685044809285475685
0.000078737167041297785803
-0.00007394938265701018759
0.000069311650337850526878
-0.00006481591437209199708
0.000060455796064092268226
-0.000056226349848445062151
0.000052123870316965186843
-0.000048145740062639658308
0.000044290310988084414193
-0.000040556813829544439584
0.000036945292337005532435
-0.000033456560002742670741
0.000030092178600098089195
-0.000026854459244322816157
0.00002374648842358372241
-0.000020772183775165107779
0.00001793638780526893872
-0.000015245013184578124368
0.000012705262467509890912
-0.000010325961763506340223
8.1180803157711302429e-6
-6.0955766117656767331e-6
4.2768739088074784878e-6
-2.6877136061860801033e-6
1.3676684782339257872e-6
-3.9051185895409183992e-7
0.0012732810097085388353
0.0031005699018914018311
0.0044997770278247076491
0.0069824458854499186056
0.004041681314171865982
-0.00086591453552168440419
0.00054203323192489161833
-0.0004143701098071623804
0.00034482499454843114781
-0.00030008934677061809161
0.00026820799340779611341
-0.00024385246649321395208
0.00022429222952990378389
-0.00020798364912874026205
0.00019398791570735906549
-0.00018170087473072192091
0.00017071587961901720276
-0.00016074907651695868965
0.00015159630220485012925
-0.00014310701119086624667
0.00013516786047275137006
-0.00012769201525690163429
0.00012061197274061706034
-0.00011387462072873982155
0.00010743775698326522494
-0.00010126758777205705883
0.00009533689782383083036
-0.000089623690131701455049
0.000084110160729246922439
-0.000078781916420255559412
0.000073627371589996775976
-0.000068637279084890779529
0.000063804363025011350746
-0.000059123030371887598987
0.000054589144427117483807
-0.000050199848042736122689
0.000045953427756415495269
-0.000041849212722574977262
0.000037887504488628325509
-0.000034069535603454777659
0.000030397456970254587049
-0.000026874356030609444024
0.000023504310655836812955
-0.000020292487612184745434
0.000017245300701964855918
-0.000014370654174203399048
0.000011678315915526102532
-9.1805016436956689173e-6
6.8928290100438131195e-6
-4.8359840193601538936e-6
3.0389459880875110451e-6
-1.5463512834262769259e-6
4.41524223202749963e-7
0.0013127403166041286746
0.0029483049258253070941
0.004866674270985030819
0.0061086376637737176082
0.0088030419983124435419
0.004862930276909223847
-0.0010106853288908701361
0.0006198239772382435408
-0.00046701162163424152217
0.00038448791991958864863
-0.00033187194227259613258
0.00029469656498934547782
-0.00026652593567227017967
0.00024406903847786537803
-0.00022546987337951691573
0.00020960270242038401276
-0.00019574521468715393315
0.00018341276533675355308
-0.0001722681668253030654
0.00016206971199041811663
-0.00015263977642962603657
0.00014384508196426303211
-0.00013558386106106804267
0.00012777726021524386334
-0.00012036343274769334477
0.00011329338703336393725
-0.00010652800971886616683
0.00010003589330924427939
-0.000093791725712259078659
0.00008777507974124394553
-0.000081969492217917473496
0.000076361756203518341458
-0.000070941372574558932732
0.000065700122643233728099
-0.000060631734293484403591
0.00005573162175127349971
-0.000050996684670741675051
0.000046425156396945391936
-0.000042016494554934075559
0.000037771309890610607817
-0.000033691331877683107358
0.000029779412348310093201
-0.000026039571741817956641
0.000022477097169842149361
-0.000019098708540179979447
0.000015912820703728343219
-0.000012929950613603573073
0.000010163359189964076571
-7.6301036278956952749e-6
5.3528790483349225165e-6
-3.3635860821023305925e-6
1.7114802803877741241e-6
-4.8866306651405157095e-7
0.0012825749015364416809
0.0030611897485896821849
0.0046134569800738674111
0.0066162716820585338208
0.0076968152653330815434
0.010593079463225438808
0.0056674182642675520997
-0.0011517346757177358789
0.00069502785247517768232
-0.00051741385553463001005
0.00042204957013777576999
-0.00036161705915473282776
0.00031918273757189743178
-0.00028722147095280306457
0.00026188958631995573834
-0.0002410221801581553971
0.00022330806184405428305
-0.00020790729809975627684
0.00019425732985427724261
-0.00018196751092599981419
0.00017075837710007819817
-0.00016042498461726448426
0.00015081388237611778326
-0.00014180814905753797947
0.00013331738174606913121
-0.00012527082425635857835
0.00011761254349111769464
-0.00011029797566462369387
0.00010329140958151048152
-0.000096564124043854977163
0.000090092990441232739976
-0.00008385941191638361177
0.000077848510085069234798
-0.000072048496790716649134
0.00006645018646700739407
-0.000061046617281703944439
0.00005583275820671024159
-0.000050805285726464336559
0.00004596241889292722182
-0.000041303805463362440499
0.000036830455399964863662
-0.000032544721525677635305
0.000028450331155258896391
-0.000024552477829995552592
0.000020857990186257355117
-0.000017375607944913185945
0.000014116418082023096975
-0.000011094548767340712826
8.3283126488773122922e-6
-5.8422128634031247558e-6
3.6708338648055350879e-6
-1.8677338432940876159e-6
5.3326371788125281758e-7
0.0013066156497282186708
0.0029728415162391055112
0.0048040662012516187447
0.0062625812879246565659
0.0083429186933304526734
0.009258720496436850638
0.012346458847430080324
0.0064523706276893794285
-0.0012886629271764572185
0.00076754633347350158941
-0.00056562185036579782947
0.00045764267921820924991
-0.00038951573205910797891
0.00034189747212673303607
-0.00030619747719494534893
0.00027803085533104642565
-0.00025492966159805183747
0.00023540039548611853715
-0.0002184872288429269366
0.00020355064464567408014
-0.00019014706049176142644
0.00017795952839566028909
-0.00016675591402028783628
0.00015636263842798474191
-0.00014664762393632821493
0.00013750888962330246415
-0.00012886672831567760123
0.00012065821910201139205
-0.00011283330150348380671
0.00010535191753019301232
-0.000098181898941992513864
0.000091297384306385987902
-0.000084677619316727420732
0.000078306039022944279131
-0.000072169560891704880036
0.000066258038294314813294
-0.000060563838455385590631
0.000055081519221878851774
-0.000049807586644547614478
0.000044740321281916632223
-0.000039879666076746571303
0.00003522717325215213234
-0.000030786012604363202806
0.000026561049733769539192
-0.000022559011613309772982
0.000018788771136026439865
-0.000015261807404113365766
0.000011992946787512677637
-9.0015914769457482019e-6
6.3138820590376499756e-6
-3.9668985558461775624e-6
2.0182680745893721247e-6
-5.7622678812981861383e-7
0.0012868671394831164627
0.0030445749294018982923
0.0046529529802559791471
0.0065311589569423132623
0.0078902015598011607035
0.010040624169720670201
0.010788894827055388908
0.014057178896815378669
0.0072150809044559340657
-0.0014210462802615919592
0.00083722030447447480499
-0.00061159532627177480886
0.00049129810031662494193
-0.00041564653018935116908
0.00036295301237293760599
-0.00032359049649689896247
0.00029264702778213163969
-0.0002673592307315735571
0.00024605563692323243551
-0.00022766710848990897631
0.00021147875823404288955
-0.0001969950648453142852
0.00018386223280288401323
-0.00017182134702078754349
0.00016067896587993508207
-0.00015028802680989056561
0.00014053508125839511434
-0.00013133154160425708582
0.00012260754398780156116
-0.00011430756006926715227
0.00010638720459793542732
-0.00009881087739868749313
0.000091549998597547186987
-0.000084581673097327909755
0.000077887670978543857568
-0.000071453644457773675773
0.000065268525278105854118
-0.000059324062684949873366
0.000053614473870477381302
-0.00004813618756694155568
0.000042887668483876885243
-0.000037869316433744395435
0.00003308344015463660934
-0.000028534313089427353382
0.000024228328353541752392
-0.000020174285756591903608
0.000016383870964565739866
-0.000012872438887351526003
9.6603226668408611926e-6
-6.7751470934279430454e-6
4.256331340742296859e-6
-2.1653948830349825175e-6
6.182117680852234626e-7
0.0013034679973619370417
0.0029847525687583406737
0.004776999165244193733
0.0063165527791846055645
0.0082358683198604238801
0.0094907597307931597414
0.011703556555530178206
0.012282014803032016187
0.015719369342462378148
0.0079529196147548307658
-0.0015484573942833443442
0.00090386485840102954552
-0.00065525339775372167964
0.00052299572313710350588
-0.00044002992896140680736
0.00038239878633368099694
-0.00033947133481315698272
0.00030582497342784105433
-0.00027840991128128793238
0.00025538199438808976636
-0.00023556202386792608238
0.00021816181611846396694
-0.00020263527406800731246
0.0001885926720857090199
-0.00017574894391585425096
0.00016389122454641518155
-0.00015285777767720736446
0.00014252391083496560984
-0.00013279231948864243319
0.00012358631891908505313
-0.00011484500672908484828
0.00010651974544004877844
-0.000098571566320035863354
0.000090969228341233000778
-0.000083687751426425142601
0.0000767072991365404068
-0.000070012323523663280444
0.000063590910655028750473
-0.000057434283465268029666
0.000051536431817009592774
-0.000045893849785129668201
0.000040505368598298244136
-0.000035372081566812252311
0.000030497366010917369201
-0.000025887018537360258176
0.000021549537207041752489
-0.000017496613574288035872
0.00001374395337298095016
-0.000010312661509625921194
7.2317020059150216407e-6
-4.5426972915020034619e-6
2.3109237859729764913e-6
-6.5973460637170635977e-7
0.0012892574961908910228
0.0030356712986327260394
0.0046725750064817033125
0.006493959113527344462
0.0079582364250970216989
0.0099121477744626995755
0.011058738560124186469
0.013326010706700645123
0.013732900701979170903
0.017327317863824128946
0.0086633431458835594896
-0.001670475581993034983
0.00096728583795690377472
-0.00069649601918400563537
0.00055268929615275489403
-0.00046265526513128980182
0.00040024955570110720018
-0.00035387372218697777458
0.00031761293406079721286
-0.00028814120623311010488
0.00026344776964103075516
-0.00024224715931617745498
0.00022368036444406786677
-0.00020715237116699749743
0.00019223866820189807681
-0.00017862884553043199347
0.00016609119571844296735
-0.00015444973448075527284
0.00014356884310518749301
-0.00013334274182720575333
0.00012368811307896767874
-0.00011453883072797946304
0.000105842129466273568
-0.000097555779457732844288
0.000089645976198774970288
-0.000082085748611339067147
0.000074853749553110414495
-0.000067933334045581483262
0.000061311858838885775733
-0.000054980157029605397871
0.000048932156331477599449
-0.000043164621385611462504
0.00003767701087698116994
-0.000032471450867218129765
0.000027552838816831224834
-0.000022929111790574112286
0.000018611744184505559222
-0.000014616600045584568675
0.000010965389640063454893
-7.6882725204018600084e-6
4.8289508510197078288e-6
-2.4563528466720723696e-6
7.0122220738921701439e-7
0.0013016015884497492401
0.0029916253935071139503
0.0047621806694996646518
0.0063436792738125188058
0.0081888403944508151282
0.0095724889988473991855
0.011554170488462444003
0.012588719101156731795
0.014902417355568048443
0.015136528483891241207
0.018875493469465835045
0.0093439024508707289185
-0.0017866926196181760177
0.0010272885777778371333
-0.0007352152617601098393
0.00058031958946931859112
-0.0004834951968580862046
0.00041650069667869348269
-0.00036681004644359088354
0.0003280364330792379723
-0.00029658897832870103071
0.00027029705988380802277
-0.00024777321253235018565
0.00022809040382886599902
-0.00021060661145533052321
0.00019486387328173407623
-0.00018052739177205066965
0.00016734731681495773148
-0.00015513393840012861941
0.00014374110903457086339
-0.00013305488247170047492
0.00012298555373294401677
-0.00011346197344183546139
0.0001044274177168995199
-0.000095836544278323002587
0.000087653121888027360424
-0.000079848320825182961486
0.000072399418286266711705
-0.000065288817206387981209
0.000058503307897402875422
-0.000052033524095906421079
0.000045873561873768692428
-0.000040020743879967278246
0.000034475524773726812057
-0.00002924154905324884013
0.00002432589372415056759
-0.000019739562795086647733
0.000015498364489418089694
-0.000011624434562584122247
8.1489795873886751265e-6
-5.1176638395330360537e-6
2.6029845413417695448e-6
-7.4304549052306809447e-7
0.0012907482060141681868
0.0030302288633140697489
0.0046841206369837824292
0.0064733545135219775976
0.0079926405606942593361
0.0098555707644987778785
0.011153802045602500368
0.013156266137273443594
0.014075411374951515367
0.016427361092728336519
0.016488043552723009819
0.02035856765353514951
0.0099922514608850955318
-0.0018967165014983430341
0.0010836829720699272565
-0.0007713017212935769549
0.0006058218778671100012
-0.00050251397783769237027
0.00043113701671492593928
-0.00037828050961116133042
0.00033710761132631982519
-0.00030377484123886271123
0.00027595910956226985631
-0.00025217563560376316957
0.00023143246646133680802
-0.00021304269671483870132
0.00019651641279811148623
-0.00018149551418587610484
0.00016771281020094042678
-0.00015496547082947471407
0.00014309728672849245365
-0.00013198651298425936785
0.00012153735401305135454
-0.00011167388350840665089
0.00010233563034679342375
-0.000093474328395786756252
0.000085051495748663725662
-0.000077036616723887525579
0.00006940577104194952233
-0.000062140602685330735306
0.000055227554555447413967
-0.000048657319647169363855
0.000042424478890171921602
-0.000036527313146744943095
0.000030967795308790921722
-0.00002575179248069757137
0.000020889545907861201404
-0.000016396564728052745353
0.000012295210375354071737
-8.6175772723851332081e-6
5.4111744048913883707e-6
-2.7520013664013028805e-6
7.8554094908941044873e-7
0.0013003882839370602466
0.0029960258954297391362
0.0047529602039858821064
0.0063598227504647896051
0.0081626188353069995037
0.0096139547124349765026
0.011488313842983328025
0.012696744184448039432
0.014712914917660460617
0.015513676105101134635
0.017895599712670943361
0.017782775311273942436
0.021771433996181304541
0.010606155158630003398
-0.0020001741327467864052
0.0011362866649224945997
-0.00080464841395066150532
0.00062913045552767889336
-0.00051967245647435555608
0.00044413810724021698382
-0.00038827872059396871486
0.00034483096568768301081
-0.00030971196831482719989
0.00028045412922899519917
-0.00025548041701287484986
0.00023373732493332337021
-0.0002144953831242034089
0.00019723437173226393935
-0.00018157408499577919083
0.00016723088414100092169
-0.00015398949882345638244
0.00014168418683561589022
-0.00013018582585852768442
0.00011939287386566602973
-0.00010922491724108187704
0.000099617989978101211736
-0.000090521131098588001998
0.000081893825612717041971
-0.000073704089112633635133
0.000065927031964127368272
-0.000058543790721140187862
0.000051540750995122935014
-0.000044909013628229715739
0.000038644079154213767944
-0.000032745748344531170496
0.000027218264356422431483
-0.000022070763435545578886
0.000017318174561694512196
-0.000012982857913308403281
9.0976198181477428791e-6
-5.7116913467450729206e-6
2.9045186976028305295e-6
-8.2902570780945569376e-7
0.0012917516125824562929
0.0030266084773907838478
0.0046916335367915022149
0.0064603935745916583972
0.0080132559957988415678
0.0098239018236231224655
0.011202119741638106461
0.013081403310135064273
0.01419600112695545092
0.016218757681294148103
0.016898543206693129387
0.019302083200987864452
0.019016251891377466062
0.02310922652091230916
0.011183497275918202553
-0.0020967134203008821254
0.0011849272111407217679
-0.00083515329102894288539
0.00065018150476864684368
-0.00053493124080243249807
0.0004554817369800719368
-0.00039679525311414122475
0.00035120701614610545961
-0.00031440882221078460104
0.00028379704957831740667
-0.00025770782929898366658
0.00023502970901621441311
-0.00021499314789042906817
0.00019704939616537392445
-0.00018079744238113338992
0.00016593817350311512005
-0.00015224462551184520158
0.00013954210914197766088
-0.00012769459569696748423
0.00011659518600434132587
-0.00010615931129648695204
0.000096319804842286544486
-0.000087023282757698849596
0.000078227460692596906357
-0.000069899154590700529912
0.000062012794385988372983
-0.000054549334976176523083
0.000047495489016393661173
-0.000040843237876392901412
0.000034589606192180408389
-0.000028736718145709631338
0.000023292199736535884459
-0.000018270070485084893506
0.000013692426899591602085
-9.5925876920351087807e-6
6.0213725167455743075e-6
-3.0616244068683792954e-6
8.7380879135056900583e-7
0.0012995470208920143906
0.0029990486605003899713
0.0047467355947995157916
0.0063704365713172778325
0.0081460105564747402227
0.009638907958575002365
0.011451364424305889981
0.012751703027004608933
0.014629332115489944672
0.015646402938905901494
0.017668611132883185381
0.018225228839268589244
0.020641971926464943745
0.020184214684452056915
0.024367336946945868829
0.011722287585187578505
-0.0021860049898685349613
0.001229443634237426269
-0.0008627209503565408367
0.00066891500341023424875
-0.00054825278464941438684
0.00046514608401201371973
-0.00040381998852676828843
0.0003562347267153971092
-0.00031787162535972213525
0.0002860000172446380419
-0.00025887493009146126326
0.000235330795555771681
-0.00021456065488620489474
0.00019598912436033547303
-0.00017919577914961415531
0.00016386708030742282174
-0.0001497651787157091301
0.00013670707719783695913
-0.00012455035947064601531
0.00011318320312129641132
-0.00010251725997691325677
0.000092482501391649357432
-0.000083023440483746770086
0.000074096341236313890738
-0.000065667152456965810165
0.000057709990225925466605
-0.000050206052325868528524
0.000043142893142081826322
-0.000036514025845415173221
0.000030318858343388092116
-0.000024563021693080912
0.00001925923562378964285
-0.000014429025038369098556
0.000010105990020664000599
-6.3423881893489295123e-6
3.224410766692613637e-6
-9.2020018072508293733e-7
0.0012924653753153019338
0.0030240524960557913593
0.0046968641747089063061
0.0064515580256590779614
0.0080269026101285220146
0.0098037527993165105213
0.011231275895864605264
0.01303934114456417988
0.014257383049935669387
0.016126759073644753431
0.017042945744204481785
0.019057484503104062968
0.01948915159002704148
0.021910653926385117072
0.021282632435476022828
0.02554143088760034412
0.012220668758174785105
-0.0022677436470341247025
0.0012696876079983849771
-0.00088726385495091004371
0.00068527604345423953239
-0.00055960281092082669818
0.0004731112504644614677
-0.00040934370359163111907
0.00035991314751088962053
-0.00032010603899700896576
0.00028707409554358302039
-0.00025899727160562610973
0.0002346599159678052695
-0.00021322045144532328022
0.00019407886603970496072
-0.00017679679940860712719
0.00016104740431310182435
-0.00014658281351704661306
0.00013321241248034469199
-0.00012078796350423895553
0.00010919320071882416326
-0.000098336419035246217379
0.000088145116800593836393
-0.000078562080403667257521
0.000069542506180486445225
-0.000061051889664978707429
0.000053064503339952877135
-0.000045562349495271307141
0.000038534527014411507059
-0.000031977000611218546529
0.000025892821405004978265
-0.000020292941966981286934
0.000015197949798042869642
-0.000010641454342604211932
6.6769762186513090459e-6
-3.394002092142755417e-6
9.6851863985663051991e-7
0.0012989350740807522565
0.0030012339347968668646
0.0047422864747411928478
0.0063778944537259961169
0.0081346129633622329421
0.0096555025098279279544
0.011427784765276147551
0.012784925853371555556
0.014582329532553268077
0.015713978675138726571
0.017568521754669777894
0.018380810692506626418
0.02038059636821027957
0.020685947938249070107
0.0231037612519752983
0.022307714741797153442
0.026627463001810040671
0.012676922767323178824
-0.0023416496464304945645
0.0013055243872118515743
-0.00090870323347747430618
0.0006992157727730884764
-0.00056895131061041142522
0.00047936031688162348191
-0.00041335917184563731931
0.00036224255289175210852
-0.00032111832785552719083
0.00028703044635954634314
-0.00025809009156761237762
0.0002330357493720105129
-0.00021099415822430661612
0.00019134278482676106719
-0.00017362689075880981189
0.00015750750347544108823
-0.00014272766089209385787
0.00012908987265004456773
-0.00011644069456388271885
0.00010465994635705214352
-0.000093653041080119062633
0.000083345452022635538781
-0.000073678684615452464936
0.000064607336927789130514
-0.00005609697405744523494
0.000048122639468180194258
-0.000040667899863677021405
0.000033724384693780788731
-0.00002729185308645179422
0.000021378925766915287757
-0.00001600481374956232624
0.000011202811145422386405
-7.0274936029584953494e-6
3.5715804486853034312e-6
-1.0190989734738885802e-6
0.0012929949135508857846
0.0030221659036327099393
0.0047006888122547867183
0.0064451876563738858502
0.0080365537336162271348
0.0097898606736493985399
0.011250727930813624671
0.013012443083239977342
0.014294532909948873993
0.0160749958487496158
0.017116472401952236585
0.018949651677008499529
0.019655381326730317399
0.021633391066789178615
0.021811487009832592568
0.024217185354464082269
0.023255924843869440064
0.027621691083598499926
0.01308947680746817955
-0.0024074698044879016605
0.0013368335598477666332
-0.00092696976430510047131
0.0007106920845404258298
-0.00057627325940036231523
0.00048388009034786570028
-0.00041586194087640078954
0.00036322524295731771435
-0.00032091618025531122147
0.00028588116337390890929
-0.00025616915473433058361
0.00023047716838638277631
-0.00020790331620823622417
0.00018780474444409691396
-0.00016971196880550600501
0.00015327513715518160699
-0.00013822917145606969129
0.00012437049939771618616
-0.00011154113751287558609
0.000099617575571910209032
-0.000088502881855940975145
0.000078121025528684374814
-0.000068412766540392555055
0.000059332688760683748366
-0.000050847101807324170367
0.000042932643973150227763
-0.000035575505557654714164
0.000028771279859882034522
-0.000022525567734615306408
0.000016855671791391142748
-0.000011794178825101961068
7.396467907357242303e-6
-3.75841115053448622e-6
1.0722992040294978161e-6
0.0012984730325941359178
0.0030028768232003883864
0.0047389678560430042143
0.0063833925195570795334
0.0081263437427447365698
0.0096672933355982768286
0.011411472702310177513
0.012807142005182318001
0.014552228224131048606
0.015754910623608450534
0.017512187003448310804
0.0184600304183558204
0.020265390163723468782
0.020862259813370123068
0.022811554457833150327
0.022861884583345368754
0.025247091490039771108
0.024123991622773619634
0.028520689063456335285
0.013456908717182757261
-0.0024649784758350669647
0.0013635096635954838837
-0.00094200410446053247089
0.00071967013025936407821
-0.0005815491388578006948
0.00048666164160518381208
-0.00041685088651845022342
0.0003628661132150922266
-0.00031950929060619132376
0.00028363986459950083576
-0.00025325135295853415781
0.00022700384480248431085
-0.00020396999685239411595
0.00018348892312632741573
-0.00016507809678406580507
0.00014837809327505574047
-0.00013311675417295647275
0.00011908527489654965945
-0.00010612185852929551007
0.000094100314690928401042
-0.000082921980752144069171
0.000072509937077682495912
-0.000062804854448281827144
0.000053762047110442443872
-0.00004534946526405696337
0.00003754648238916802083
-0.000030343444784116399881
0.000023742088343846460094
-0.000017757157465604035126
0.00001242005384510685327
-7.786651422900345856e-6
3.9558694731938600957e-6
-1.1285080678493411548e-6
0.0012934010877014017028
0.0030207240806892596902
0.0047035923794742043503
0.0064403989779629672528
0.0080437119298459871244
0.0097797347868446776749
0.011264596833004639362
0.012993789273448259277
0.014319417021630495395
0.016041810515829530782
0.017161034789342577703
0.018888944991752353851
0.019740020719273887926
0.02151120411446493991
0.021997282216596085577
0.023911028883275019368
0.023833516295364937169
0.026189932117668200581
0.024908920737174304097
0.029321358890865738815
0.013777951880983399751
-0.0025139784047693388632
0.0013854626928954796013
-0.00095375730143212926787
0.00072612270381220881153
-0.00058476531705983839969
0.00048770069161555828854
-0.00041632860853166352752
0.00036117305983970496864
-0.00031690977359470216171
0.00028032211455224605968
-0.00024935513458976831062
0.0002226366859670925114
-0.00019921724595911506036
0.00017842026652208314712
-0.00015975195032563798709
0.00014284466947447294975
-0.0001274202806278962731
0.00011326565885450038738
-0.00010021598859085130677
0.000088143129957160330383
-0.000076947402696845960023
0.000066551741128008241839
-0.000056897552699811492636
0.000047941860473168109186
-0.00003965548641928611763
0.000032022180924516881285
-0.000025038768574484030658
0.000018716635391705313161
-0.000013085410650670121415
8.2010807593671259247e-6
-4.1654698975244383989e-6
1.1881531982448859906e-6
0.0012981135344685684003
0.0030041511211164327326
0.0047364083861466884734
0.0063875973496324570613
0.0081200911233009845268
0.0096760787778935662638
0.011399541045066571534
0.01282302322762386633
0.014531313669678334022
0.015782363199437914192
0.017476041899901170935
0.018508063989167827883
0.020200522185802003547
0.020952029861018027895
0.02268280131695498027
0.023056532874328399976
0.024928027249495825448
0.024723029991512558998
0.027042459260628283917
0.025608004844514810961
0.030020941266006328074
0.014051499595434927452
-0.0025543014582463507357
0.0014026185127308615915
-0.00096219111188682700926
0.00073003052690554799935
-0.00058591432404050536934
0.00048699788686120811133
-0.00041430171000444496662
0.00035815726492912041888
-0.00031313245599580924798
0.00027594572305258885948
-0.00024450081091488135836
0.00021739815008420817901
-0.00019366940996016868024
0.00017262482832234022371
-0.00015376117747460850178
0.00013670405980958092325
-0.00012117050875040126387
0.00010694406379167331728
-0.000093857770711715554598
0.000081782375549460343699
-0.000070618028160292196385
0.000060288438761659038079
-0.000050736824908241384995
0.000041923252168386137453
-0.000033823177341161063142
0.000026427207553042396262
-0.000019742377420209860157
0.000013795816162227048938
-8.6431446783485492127e-6
4.3888992392950153236e-6
-1.2517103708659682601e-6
0.0012937212622177360856
0.0030195905865044484018
0.0047058638710986401568
0.0064366797358888836213
0.0080492176040981495269
0.0097720434301841343978
0.011274967594783097304
0.012980107259333579149
0.014337241921863114472
0.016018719119885814819
0.017190952395299735356
0.018849970073221706998
0.019791358118402666141
0.021442396692610512432
0.022091878609370767592
0.023776145088455696207
0.024036357879753608516
0.025859046166080966046
0.025527357172574956566
0.027801735801246340039
0.02621883286014252803
0.030617025189524474266
0.014276608884066797943
-0.0025858092439565040255
0.0014149191894886774838
-0.00096727824288080914174
0.0007313824557802713661
-0.00058499504539167557983
0.00048455898946689873381
-0.00041078098871958160949
0.00035383339166383927789
-0.00030819507730951383775
0.00027053095289223668435
-0.00023871077277107818979
0.00021131247446383293548
-0.00018735237967827394921
0.00016613003508700130553
-0.00014713469244001381385
0.00012998668846451584001
-0.00011439947193230184032
0.00010015432123781517541
-0.000087083133853666890365
0.000075056519049550763627
-0.000063975494046889796906
0.000053765729285311631574
-0.000044373702890403800923
0.000035764421625289894589
-0.000027920630783284323241
0.000020843771401413573826
-0.000014557564388191164819
9.1166633409606362645e-6
-4.6280551783219520389e-6
1.3197142282437261698e-6
0.0012978267372725768182
0.0030051653466403198808
0.004734379929460854174
0.0063909089879594204126
0.0081152079704924049922
0.0096828664873065958193
0.011390445308024669871
0.012834932610935032902
0.014515939674220866012
0.015802060508037649488
0.017450860767429191528
0.018540338793409734279
0.020158853498473728144
0.021006495459062334308
0.022610287358954548215
0.023155636590097176895
0.02478746811746115166
0.024933377647502651495
0.026700878092192862702
0.026243723489517271799
0.028465145678416891005
0.026739298215043266943
0.031107556301348873614
0.01445250374792829908
-0.0026083936153859065735
0.0014223232455316230588
-0.00096900252583610393416
0.00073017562242410797888
-0.00058201284968384226364
0.00048039499978838801899
-0.0004057815597384210986
0.00034821970995683172128
-0.00030211842095713339704
0.00026410065916894831
-0.00023200964124741376854
0.00020440584194539482571
-0.00018029377850570014221
0.00015896490458618788928
-0.00013990293582537354412
0.00012272452825127838962
-0.00010714087879095199859
0.000092932195308479410018
-0.000079930366987632561406
0.000068007044107345608513
-0.000057065426743718475444
0.00004703473045907447818
-0.000037866745432090944106
0.000029534266191974023237
-0.000022031573562887982522
0.000015377837896446688204
-9.6259827810059575498e-6
4.8850919872789662941e-6
-1.3927709764241289374e-6
0.00129397953980656386
0.00301867809084726394
0.0047076856954892397656
0.0064337130330012628285
0.0080535772007399786799
0.0097660098048457235401
0.011283009431782930795
0.012969646408107332244
0.014350640215574942487
0.016001713960133370327
0.017212448156418502083
0.018822789785347286324
0.01982587761370618661
0.021398176522624056091
0.022149288574917194912
0.023700168181462273646
0.02413963597827467926
0.025713285416503111469
0.025744498533688258296
0.027450622447978756297
0.026869658245961986601
0.029030402958731876709
0.027167606078721430395
0.031490843982426994956
0.014578577840564001889
-0.0026219770648154444264
0.0014248058418217537349
-0.00096735903016011060906
0.0007264155192398202441
-0.00057697966038865300286
0.00047452222360325408808
-0.00039932292259107203842
0.00034133816711071439443
-0.00029492639165501727976
0.00025668037709843129897
-0.00022442437071676763452
0.00019670650561569011097
-0.00017252311772442220798
0.00015116024411552144437
-0.00013209813325502006353
0.00011495144389712699852
-0.000099430575676379655775
0.00008531601411881200355
-0.000072440992111831240802
0.000060679673905311778899
-0.000049939183945677174186
0.000040154508046413511811
-0.000031285810432114464428
0.000023318218599177027527
-0.000016264904671808423032
0.00001017608937010908971
-5.1624756925063456786e-6
1.4715736619097654275e-6
0.0012975929737602275294
0.0030059905354779466444
0.0047327349458117576789
0.0063935816880381349506
0.0081112922203678481982
0.0096882651578025941755
0.011383283569977696887
0.012844195717599087457
0.01450415600363011639
0.015816895701251323949
0.017432287568383271128
0.018563556249405992271
0.020129768282170955375
0.021043142359728371695
0.022563664185792721542
0.023215799155054427136
0.024708281969131571916
0.025040484227149638721
0.026550406319153773216
0.026466923475870877847
0.028105695653303404607
0.027403002871489345261
0.029495559754093315413
0.027502279518952157326
0.031765567196663831414
0.01465439655818006583
-0.0026265130047111894796
0.0014223588914771402579
-0.00096235412116574342565
0.00072011603328966163327
-0.00056991397967266836639
0.00046696229237690091416
-0.00039142898257547972136
0.00033321441402980759755
-0.00028664605068629662546
0.00024829837147672726539
-0.0002159843193131428132
0.00018824488966185939336
-0.00016407194074679065947
0.00014274885635189146412
-0.00012375458856786507578
0.00010670360922238598384
-0.000091307140712695428883
0.000077347518306255930869
-0.000064660983768226487971
0.000053126141757679716942
-0.000042656465539994795634
0.000033196015436039177274
-0.000024718206053338353309
0.000017228361450874460961
-0.000010772750409251854567
5.463051517245696225e-6
-1.5569208019734739976e-6
0.0012941921209113277689
0.0030179282407995634138
0.0047091784535605858454
0.0064312925103839016045
0.0080571140403707755222
0.009761149989937801783
0.011289429637148844035
0.012961383828148895844
0.014361088729612367357
0.015988651939540954946
0.017228666225597865406
0.01880271396026780467
0.019850737135789322793
0.021367284297711202925
0.022187940867336274018
0.023651296471314356486
0.024202351857232714404
0.025631153153117998881
0.025855075819943695614
0.027295945467452465033
0.027098161619367419053
0.028663840060048462475
0.027841918333818754036
0.029859012961319350892
0.027742164574926830806
0.031930779054093602726
0.014679698537791091131
-0.0026219859377334710668
0.0014149911062011729717
-0.0009540054654627527319
0.00071129943431484185027
-0.0005608408691786075707
0.00045774214259938044856
-0.00038212803308695051174
0.00032387779499266348541
-0.0002773076184716412326
0.00023898565911685580585
-0.00020672130093919947543
0.00017905368450013108855
-0.00015497398045119612927
0.00013376578598086827016
-0.00011490905852634683278
0.000098020066169253573569
-0.000082812710031293414598
0.00006907307929950077487
-0.000056642572770136987475
0.00004540689138626016447
-0.000035289436119354089019
0.000026248587972956441876
-0.000018279438263712014904
0.000011422688909586347967
-5.7901273252267731543e-6
1.6497393721881369099e-6
0.0012973987810854893798
0.0030066750619570909444
0.0047313738928794240479
0.0063957847106693151286
0.0081080808343970703173
0.0096926645383824085167
0.011377492994075098995
0.01285161511362107914
0.014494822792680094619
0.015828491711203405601
0.017417993432479814408
0.018581101292519071853
0.020108257510338056139
0.021069561460908115332
0.022531066492583195766
0.023256330280713297618
0.024657321835662713023
0.025105547163169630383
0.026465599665622655725
0.026580603020335706923
0.027947332744542279223
0.02763603689849295399
0.029123131747806264253
0.028184891462566936527
0.030119509802293747204
0.027886434224882991401
0.031985910080293371742
0.01465439655818006583
-0.0026084115155358276363
0.0014027279769044408337
-0.00094234198595971952624
0.00069999631938050964372
-0.00054979189133660510605
0.00044689395849463667355
-0.00037145270421741411601
0.00031336130749671892764
-0.00026694445278200170545
0.00022877601532072987452
-0.00019666963395631643596
0.00016916795753163510163
-0.00014526536040076431159
0.00012424865233546556576
-0.00010560127661615214833
0.000088943528258337582177
-0.000073994194718248258785
0.000060545537779671400351
-0.000048447041442592687918
0.000037595396015853518546
-0.00002792959202411623412
0.00001943138408205463895
-0.000012133803341585485538
6.1475779963899962593e-6
-1.7511134767116235996e-6
0.0012943702866216061404
0.0030173005891668429863
0.0047104250531000631036
0.0064292779767919980126
0.0080600444097445549365
0.0097571463642505621585
0.011294682020488690688
0.012954680439324436031
0.014369482135006556353
0.015978280221621492772
0.017241370277648306976
0.018787235477417837493
0.019869551477873064065
0.02134440845051502686
0.022215834307720883662
0.023617098288099579219
0.024244631010733880099
0.025578269905363125283
0.025922273237837927801
0.027208743826020531801
0.027214565594856085107
0.028502322113460926943
0.028078695544530341799
0.029481987156245251163
0.028430740161888183534
0.030276152146520242268
0.027934591233760428528
0.031930770181175576085
0.014578577840564001889
-0.0025858364865703967963
0.0013856116894121654917
-0.0009274037678620218046
0.0006862455160048129002
-0.00053680501361324177551
0.00043445508124810080393
-0.00035943988185675382047
0.00030170153807489095042
-0.00025559301108711663527
0.00021770597691921019436
-0.00018586620536404929475
0.00015862530806400445313
-0.00013498488360582848725
0.00011423813534861689603
-0.000095874730623708795092
0.000079521593336925644367
-0.000064905152728573387286
0.000051827096752173404684
-0.000040149251027275846091
0.000029785427603753284108
-0.000020699960881073238971
0.000012915446980932427756
-6.5399773729272993565e-6
1.862320476952045782e-6
0.0012972346312599400347
0.0030072530214870576743
0.0047302271252511781509
0.0063976352342237429014
0.0081053942019066199466
0.0096963262876264736708
0.011372703273967195144
0.012857706524919684379
0.014487227235655586607
0.015837832185402315923
0.017406616658754751541
0.018594872706432978427
0.020091643800561143062
0.021089585789008728407
0.022506897487661778651
0.023285610265788969122
0.024621631294855270352
0.025149439692700962823
0.026410963256183772868
0.026649716775196566211
0.027858022182923932898
0.027754779480913023183
0.028958999327872016985
0.028424612496068210141
0.029739168530811846042
0.02857861749393602368
0.030328399601418286197
0.0278864698708285086
0.031765549296513910352
0.01445250374792829908
-0.0025543385332152777272
0.0013637009758265879612
-0.00090924191645009150376
0.00067009394484824272185
-0.00052192447725650360254
0.00042046788714370615361
-0.00034613060111158144997
0.0002889385802779801155
-0.00024329280711814310908
0.00020581485819767248844
-0.00017435057670353708029
0.00014746610833172355841
-0.00012417447566207254839
0.0001037787214720120434
-0.000085777865308997880998
0.000069808644443725954596
-0.000055608779489565671925
0.000042994066511851874732
-0.000031845342148673028207
0.000022104084160769176985
-0.000013778786990681980668
6.9727668340167597824e-6
-1.9848769890609123714e-6
0.0012945221460552721796
0.0030167661686526585927
0.0047114844791292115571
0.0064275706365083807544
0.0080625188569423183902
0.0097537811846017320173
0.011299072106909814305
0.012949114958269162658
0.0143763960796265565
0.015969814723556551329
0.017251629772717568216
0.018774888035595124727
0.019884348600532375888
0.021326709789192308636
0.022237007863371889266
0.023591709862815170825
0.024275207481262568905
0.025541197914324631597
0.025967641140472526164
0.027152528207136592711
0.027285372809074562817
0.028411194268179368742
0.028199384376469756609
0.029315788484576179769
0.028672596691661105044
0.029893788161751807239
0.028628014619801910897
0.030276071359240940801
0.027742236491639326294
0.031490816739813102185
0.014276608884066797943
-0.0025140259986546193621
0.0013370709018242714715
-0.00088791836688082551795
0.00065159644236140253368
-0.00050520063143460839773
0.00040497963659596169409
-0.00033156991808053919571
0.00027511594246563751485
-0.00023008637535050563551
0.00019314480336752492293
-0.00016216517148024916121
0.00013573389646738362333
-0.00011287989037615328706
0.000092919887048753659612
-0.000075366003954820292289
0.000059868933752006895105
-0.000046182876365686703797
0.000034145024245582437107
-0.000023666663768694031769
0.000014737271371532036495
-7.4524730301117612102e-6
2.1205980657798201907e-6
0.0012970935706543818741
0.0030077492142350416253
0.0047292442871485207425
0.0063992172559579625406
0.0081031050057639418242
0.0096994333462654052978
0.011368659705876265263
0.01286281800321037272
0.014480898633820109516
0.015845550790748002494
0.017397304319927411176
0.018606022526191997493
0.020078360692481906618
0.021105366253468333479
0.02248816506058680637
0.023307871110565576088
0.024595098693824178712
0.025181220706324017425
0.02637262302489652778
0.026696419284281306342
0.02780040457288168086
0.027827053467817266045
0.028866350224129405135
0.028546850230927477741
0.029571457391132448745
0.028821795229498923548
0.029945311399622687632
0.02857876258945458366
0.030119346793014830787
0.027502388983125736568
0.031107519226379946622
0.014051499595434927452
-0.0024650375040395285733
0.0013058125898507035601
-0.00086350564569192481748
0.00063081554313379865031
-0.00048668973314625523799
0.00038804229604675703496
-0.00031580676511857516327
0.0002602804562419789008
-0.00021601926403181248368
0.00017974091257362995418
-0.00014935560813405195593
0.00012347603007174733977
-0.0001011518607664658907
0.000081718027754892527395
-0.000064704516531467334734
0.000049781775924881430188
-0.000036728494957252562745
0.000025415722487732528251
-0.000015807243676516280021
7.9869923579039080184e-6
-2.2716741850524945459e-6
0.0012946537070852710198
0.003016303583371861079
0.0047124000617108050674
0.006426098482770859711
0.0080646459929520266509
0.0097508993223929317247
0.011302814347610587318
0.012944396741798044975
0.014382219948438700022
0.015962736782209473024
0.017260134550639110737
0.018764752304438303797
0.019896359791813030733
0.021312526305850858103
0.022253728892981904719
0.023571995451003053284
0.02429849284687509726
0.025513597484971995635
0.026000533348414275953
0.027113034680324629581
0.02733326707599970699
0.028352354325459623215
0.028272895653581349827
0.029221917269451300322
0.02879598262128829881
0.029725121724891795187
0.028871696383966623974
0.029893558433419970059
0.028431032977315794967
0.029858764797288727428
0.027167755075238116285
0.030616977595639193767
0.013777951880983399751
-0.0024075414565002242944
0.0012700328777620550025
-0.00083608658302184293293
0.00060782122098463304143
-0.00046645371289986235729
0.00036971233524031952927
-0.00029889379720493311351
0.000244482202496303138
-0.00020114009001089601368
0.00016565150242454127617
-0.0001359712863198692504
0.00011074478728137273687
-0.000089048018069500419579
0.000070239695530464837087
-0.000053874233026229980852
0.000039650698497744839605
-0.000027385905842777663184
0.000017008762995967843059
-8.5859672149230495634e-6
2.4407725821142029958e-6
0.001296970368351365247
0.0030081822440011427805
0.0047283877938930725392
0.0064005930182750827363
0.0081011197858093359992
0.0097021184654746012339
0.011365179973319220599
0.012867194772989590836
0.014475511274175925095
0.015852077182399219088
0.017389491146215400806
0.018615294964663775341
0.020067424902522335133
0.021118210002569078395
0.022473116410365700616
0.023325489895478607351
0.024574454270522526683
0.025205467441371301908
0.026344031711720424905
0.026730328511239187105
0.027759873758819193617
0.027875995346067370593
0.028806469121092130045
0.028621367631257097324
0.029476664971734195102
0.028945927003145039432
0.029776247962100632486
0.028822131474754947847
0.029738704819985804473
0.028185337365597234082
0.029495221872594128358
0.026739489527274371021
0.030020882237801866466
0.013456908717182757261
-0.0023417354485199761849
0.0012298539118727380143
-0.00080575397369020089728
0.00058269058702978825722
-0.00044455990599674522085
0.00035005050388988372846
-0.00028088724195327771889
0.00022777448338563743722
-0.00018550071168119182497
0.00015092860590121099792
-0.00012206641521918047491
0.00009759925019644085565
-0.000076636173775073313655
0.000058567218220170865408
-0.000042981114401004605767
0.000029620552563110056143
-0.000018366713572832021008
9.2612902739482542179e-6
-2.6311723106200119878e-6
0.001294769561079486408
0.0030158965246248711268
0.004713204674562814951
0.0064248072509452915506
0.0080665069565523408213
0.0097483861215530630004
0.011306065248675222165
0.012940316760936413571
0.014387229164938717904
0.015956686331316985702
0.017267353603006435231
0.018756217668281850392
0.019906381896241506689
0.021300813199115947771
0.022267376976264494897
0.023556116307888032597
0.024316967016951854024
0.02549207470610242734
0.026025678477781177493
0.027083529403171020526
0.027368099017522702587
0.028310902507078091128
0.02832274059974721311
0.029161176650590928743
0.028871274517754094869
0.029629709296615442881
0.028996171832624864548
0.029724655057236532449
0.028673275590780138078
0.029481280755256960475
0.027842525683593170057
0.029029968955174955376
0.026219070202119032868
0.029321287238853416182
0.01308947680746817955
-0.0022678455489521422778
0.001185412672480130146
-0.00077261018408892525813
0.00055550754200381253851
-0.00042108074952917181891
0.00032912159503987366417
-0.00026184677526704169156
0.0002102138898148823944
-0.0001691566192399542685
0.00013562889896299413867
-0.00010770182786121848469
0.000084108597721479528525
-0.000064000119830950845861
0.000046808894727504829265
-0.000032174584253696260592
0.000019912330215385475035
-0.000010027790158373298687
2.8469467326301211977e-6
0.0012968609592569897944
0.0030085665330256513372
0.0047276286360731306887
0.0064018102609747672032
0.0080993674420932942903
0.0097044816280515324063
0.011362128381621555994
0.012871016870684978068
0.014470829708775545153
0.015857716590041481337
0.017382783265824564214
0.018623197564813668707
0.020058181606385643528
0.021128964865237371257
0.022460647592916524169
0.023339915224018104867
0.024557778210913452929
0.025224755661996313081
0.026321681275828452958
0.026756309930890073433
0.027729530652725609313
0.027911656406043093837
0.028764211926357902503
0.028671971746484587647
0.029415245772695616156
0.029021762670000585316
0.029680515403437709454
0.028946550563468379551
0.029570514852973641097
0.028425647178974974678
0.029122169078744007312
0.027403783418096766428
0.028464606995444273807
0.025608293047153662947
0.028520603261366853664
0.012676922767323178824
-0.0021861254854604704605
0.0011368604285780035689
-0.000736766700138893194
0.00052636237901093668915
-0.0003960934464400885067
0.00030699420923483141935
-0.00024183546290265891437
0.00019186055437093496061
-0.00015216772364139994581
0.00011981540200720330102
-0.000092948236741043351786
0.00007035804399051973959
-0.000051250335018500978059
0.000035118618394193472707
-0.000021685332271020654476
0.000010904178677469776042
-3.0932137972363507167e-6
0.0012948733416436592753
0.003015532115566479396
0.0047139241662515208843
0.0064236545264627938015
0.0080681646785456890944
0.009746153495785428981
0.011308943707130099221
0.012936718255989977404
0.014391627281897456624
0.015951401579004932839
0.017273621788427166102
0.018748856791406436545
0.019914960415589704618
0.021290872397663674054
0.02227884943503581127
0.023542911589410403228
0.024332144315630746047
0.025474633498150596604
0.026045741202456014408
0.027060400247882561134
0.027394856357653697677
0.028279795990278462032
0.028359138902093890926
0.02911822794730192144
0.028922495765160198509
0.029567790387965757769
0.029072322980038599242
0.029628899155357140625
0.028797242533617114158
0.029314351199448229279
0.028080106517669134419
0.028662602001790681603
0.026870627718512559969
0.027801081289316424565
0.024909266006937974123
0.027621589181680482351
0.012220668758174785105
-0.0020968557172251871096
0.0010843621163603822783
-0.00069834360912511027542
0.0004953513317431495837
-0.0003696796013626051308
0.00028374054756263719388
-0.00022091984413509189908
0.00017277875897619874443
-0.00013459988918542102302
0.00010356063267049893542
-0.000077892245498062827258
0.000056460018215209949438
-0.00003854495353888837187
0.000023736967761265887194
-0.000011914382581454718721
3.3764849682139719709e-6
0.0012967620604642409887
0.003008913702707644027
0.0047269435306595211228
0.006402907082099525589
0.0080977916533821010626
0.0097066013181946580512
0.011359399550228185111
0.012874422397035370765
0.014466675834757283305
0.015862696336367579705
0.017376892344092987508
0.01863009491151553237
0.020050170074227156874
0.021138213976023692905
0.022450017992320151876
0.023352092668983507654
0.024543854776326483467
0.025240662331525061237
0.026303503974407005115
0.026777110357167677562
0.027705668940682508631
0.027939132110562432083
0.028732413547283210042
0.028709018371496262687
0.029371716336014208673
0.029073462320804359978
0.029618272005673643526
0.029022793099115493617
0.029475027306487725913
0.028548772769141201051
0.028957037756660364175
0.027637853106857841185
0.028104156546616213888
0.026244902430955280272
0.027041674565292899937
0.024124401900408931379
0.026627342506218105171
0.011722287585187578505
-0.0020003423951094637224
0.0010280956328079498816
-0.00065746900469475268126
0.00046257606247286859286
-0.00034192484111606640205
0.00025943629060376003789
-0.00019917030657807654031
0.00015303822837414992391
-0.00011652789577078578114
0.000086952595243445328999
-0.000062647928131008258659
0.000042576500802911757087
-0.000026134452329343598231
0.000013089452973946669281
-3.7051606084984848433e-6
0.0012949680514921653368
0.0030151997378812050199
0.004714579769953426619
0.0064226056598122246984
0.0080696702014441403619
0.0097441306243035325875
0.011311544328798568315
0.012933477973524468488
0.014395572202719687723
0.015946682467386054433
0.017279190802750725318
0.01874235423671763436
0.019922490127384202691
0.021282209471850707326
0.0222887670911438082
0.023531598453132855861
0.024345017711507283666
0.0254600048459428446
0.026062358428932017774
0.027041512030062482005
0.02741636165282482184
0.028255243816381700106
0.028387279594630480767
0.02908580493823773155
0.028960106284962629854
0.029523786264250560727
0.02912436736656596785
0.029566500945659115326
0.028873358631549686371
0.029219416318067382761
0.028202010751987490427
0.028499794443983996129
0.027100422024986727564
0.027448748675167947019
0.025528772110167712256
0.026188998825675300534
0.023256410305208848442
0.025541288590676039136
0.011183497275918202553
-0.0018969162036523023643
0.0009682510303927250019
-0.00061427829924640661449
0.00042814308507398959264
-0.00031291845178448657101
0.00023416068195641721153
-0.00017666205475630541649
0.0001327167868969977386
-0.000098041269804674771485
0.000070106632544890396274
-0.000047380502471468807595
0.0000289676056786699784
-0.000014470363916447207213
4.0902477010596128883e-6
0.0012966708859913253615
0.0030092335947767338101
0.0047263128338169172663
0.0064039154523020418467
0.0080963454862570403673
0.0097085423792567531818
0.011356907291970649778
0.012877522991022336425
0.014462907557256399302
0.015867195150355447764
0.017371595305395348695
0.018636264150746334902
0.020043046712491331251
0.021146383285295879428
0.022440698640949038742
0.023362681344762439969
0.024531858647448158212
0.025254227544668256437
0.026288178532177440977
0.026794424560499848491
0.027686089587825327186
0.027961315004034239014
0.028707207266957052269
0.028737776611715597238
0.029338729766123782969
0.02911155874462786772
0.029573892458706385672
0.029075055791426808289
0.029412636098140878628
0.028624553366627602961
0.028862929736448423087
0.027758168225182171894
0.027944182482560768216
0.026469679327125297537
0.026698626071410714656
0.024724715079118678755
0.025245985930300231716
0.022308288505452662411
0.024367168684583191512
0.010606155158630003398
-0.0017869310744111134775
0.00090502959046751540087
-0.00056891342090382438224
0.00039216312440852689667
-0.00028275310874859248568
0.0002079970709307194246
-0.00015347731444822382525
0.00011190584138347119138
-0.000079256206963267539621
0.000053190321655399984524
-0.000032359061515709913089
0.00001611221804459750439
-4.5464236535443407789e-6
0.0012950563193344264954
0.0030148901148407379435
0.004715189968065280805
0.0064216306493925747228
0.0080710674179683778923
0.0097422571185465004394
0.011313946982627242998
0.012930493047859456428
0.01439919401360307721
0.015942366542656406475
0.017284261812876947058
0.018736462221388627201
0.01992927536721474365
0.021274450919945337531
0.022297588780794455584
0.023521611787099044537
0.024356286020600906485
0.025447319863042144404
0.026076617984589565676
0.027025491317873921172
0.027434366407953748147
0.028234985703854114272
0.028410120481405103433
0.029059972966686072874
0.028989442870927063351
0.029490288630546007764
0.029162880662784070777
0.02952183581307497036
0.02892572321466666697
0.029157183131460361329
0.02827725865857132603
0.028406774032108717616
0.027218796150640479676
0.027292097943976675851
0.025747816598221433161
0.025856359512484050019
0.023835515638482460209
0.024215876891668733966
0.02128331157976647785
0.02310902681875834983
0.0099922514608850955318
-0.0016707627517936916734
0.00083864273904410916039
-0.00052152186321867498726
0.00035475043396035276404
-0.00025152488189468473751
0.00018103448293260383158
-0.00012971021068033018447
0.000090722067649472627977
-0.000060341441401788007978
0.000036480505486389764116
-0.000018090749839733108309
5.0936542693477189913e-6
0.0012965849057740389739
0.0030095351289329948711
0.0047257188063097052294
0.0064048640925328009144
0.0080949870629063160863
0.0097103621893290296043
0.011354576091330190847
0.012880415361654608289
0.014459403357965116972
0.01587136370473593472
0.017366707035647086257
0.018641931339867689145
0.020036536445866097485
0.021153807009362603921
0.022432283369042793088
0.023372175752088890299
0.024521185837174753172
0.025266192412758330288
0.026274790159214682102
0.026809390016648615001
0.027669365735408634963
0.027980013637136910888
0.028686272650605296362
0.028761266386822027296
0.029312289619528132398
0.029141445799545173928
0.029539924467354232932
0.029113929243078397583
0.029367762292583334301
0.028676917092027732161
0.028800990980665946072
0.027832702130986046882
0.027852492740295500532
0.026585781001286276549
0.026545763661379949983
0.024937344837967664166
0.024924832713207656415
0.02286425558090583842
0.023102209813596514946
0.020185021739482169663
0.021771195541388367081
0.0093439024508707289185
-0.0015488071776987160661
0.00076931074561842032501
-0.00047225554665618031146
0.00031602215422202706191
-0.00021933395992733980349
0.00015337155497104850852
-0.0001054777661070831642
0.00006933379830767078382
-0.000041579527029492458485
0.000020512719967222690288
-5.7597281662333343219e-6
0.0012951406380761266888
0.003014594466321008713
0.0047157721916191524855
0.0064207013446405914496
0.0080723972387036685091
0.0097404771538640322627
0.01131622478435059864
0.012927670367169332969
0.014402608970095036907
0.015938310680376879661
0.017289009280890137809
0.0187309695231270693
0.019935570765438713464
0.021267290474289612194
0.022305682692997519331
0.023512508504420738494
0.024366483766796459796
0.025435931283257696715
0.02608930763873758413
0.027011373213823247365
0.027450061632500525933
0.028217538021597834367
0.028429529655054628208
0.029038350237683803913
0.029013586838022816285
0.029463242850840886932
0.029193305879863739295
0.029487421961890563653
0.028964917012926105701
0.029112159867023595657
0.02832953740368952802
0.028345246350186032359
0.027292455992325768746
0.027201958640598624626
0.025861340680875561887
0.025707719256833335423
0.02404108796064846301
0.023907230435506446813
0.021814305255683650212
0.021908806336444012432
0.019017217083813287289
0.02035828048373449282
0.0086633431458835594896
-0.0014214786343144674148
0.00069726110693269722845
-0.00042126945132188626552
0.00027609796841091773051
-0.00018628722064425188144
0.00012512620324671026515
-0.000080946041407154872413
0.000048026135988468880817
-0.000023533185158389398735
6.5843640926248829876e-6
0.0012965015948898876122
0.0030098271896883636641
0.0047251438397616741968
0.0064057813701142745679
0.0080936752898533578852
0.0097121166004454667439
0.011352333142109392235
0.012883191718171717104
0.01445604882744922839
0.015875341863498744162
0.017362058373333931232
0.018647299533143159593
0.020030396771555320732
0.021160773885442997203
0.022424428835301673136
0.02338098425972012826
0.024511349839873233491
0.025277138235509817241
0.026262641366362784242
0.02682284820602428152
0.027654475328286835365
0.027996479445429806126
0.028668062774862680735
0.028781421176937513107
0.029289948000616646211
0.029166269205525166049
0.029512254853259389627
0.029144901891813716477
0.029332904625043858029
0.02871641482377088914
0.028755853042201603199
0.027884837374751390937
0.027791465785834725584
0.026658435439977424755
0.026457363526217647032
0.025048020561218516594
0.024780808851162727193
0.023062176384041476014
0.022807024480797811914
0.02068931459412290329
0.020639756319523912743
0.017783940043340428292
0.018875143686050463323
0.0079529196147548307658
-0.0012892075335505100162
0.00062272645234674266961
-0.00036872002699507400636
0.0002351008230252879526
-0.00015250569151669191604
0.000096460292935584025121
-0.000056398022774021539672
0.000027385544715995966957
-7.6261370784211358842e-6
0.0012952236485154306823
0.0030143035083573716231
0.0047163448111294298965
0.0064197882192136175326
0.0080737023056768911028
0.00973873299270579922
0.01131845265757053846
0.012924915541135350761
0.014405933480558326379
0.015934373542599088885
0.01729360285161248237
0.018725674218175202233
0.019941615253286314178
0.021260446504826948352
0.022313380077965927725
0.023503899233060106884
0.024376068991071464356
0.025425299179104131324
0.026101065943957815242
0.026998399107462842431
0.027464353763369252314
0.028201810068268542397
0.028446830563535660459
0.029019315055925865312
0.029034548137140202217
0.029440124657964388745
0.029218861994323787148
0.029459081143170022225
0.028996476715248068696
0.029076828842877385703
0.028369355535330711873
0.02829999425571516919
0.027344425003732756612
0.027141484542855423497
0.025932897978013126664
0.025621204765377931205
0.024148690488567438571
0.023768165666872055973
0.0220040415394634675
0.021627956847449357965
0.019493204821453566122
0.019299400228013232646
0.016489465987292644174
0.017326885509771253491
0.0072150809044559340657
-0.0011524376414366198125
0.00054594170147971529179
-0.00031476361590222250743
0.00019316106854257126056
-0.00011814588482212367276
0.000067648162214193046261
-0.000032436815927561651724
8.9747208003994431241e-6
0.0012964180870716457244
0.0030101198453997472685
0.0047245680410260183709
0.0064066991900611519396
0.0080923642198206777122
0.0097138676070309350164
0.011350098335939217565
0.012885952484242732417
0.014452720820525177904
0.015879278179775891992
0.017357472304371482182
0.018652577728489305705
0.020024382587846937635
0.021167569995978090164
0.022416802138480952721
0.023389493651153278159
0.024501901354804955801
0.025287587496352042835
0.02625112317582806398
0.026835511395342570242
0.027640581381283526922
0.028011701806563468916
0.028651399667075588401
0.028799655578326405148
0.029269988982631487585
0.029188134897258120267
0.029488263803897859864
0.029171284226736829195
0.029303803305064331993
0.028748644857428613418
0.028719973682153883723
0.027925039662474194615
0.027746050822458560928
0.026710266789719840441
0.026397440843779286036
0.025118445139160239111
0.024696267177947622048
0.023166544315044110585
0.022673192029031350455
0.02087041284513327376
0.020374018653829299042
0.018230162222523248587
0.017892308142132916809
0.015138292896036159942
0.01571882473608832535
0.0064523706276893794285
-0.0010116223188949761245
0.00046714005738159705607
-0.00025955606498672070939
0.00015043178419553302363
-0.000083465058781446551384
0.000039296597235231129425
-0.000010773789444702764978
0.001295308596565634653
0.0030140058473176307282
0.0047169303086053666582
0.0064188552849835927143
0.0080750343156948546517
0.0097369551025857884068
0.011320720110453081102
0.012922116863323672043
0.014409303818725610776
0.015930391707339657084
0.017298235960611860083
0.018720349623267135472
0.0199476724663702262
0.021253614122723369237
0.022321032132943477885
0.023495380456101621347
0.024385504758142859969
0.025414892151928061593
0.026112503428469351706
0.02698586593115623117
0.027478055251881730266
0.028186858602786238516
0.028463124777692363147
0.029001571619900453137
0.029053864271546493297
0.029419091092024755353
0.029241784532091064568
0.029434063940616490237
0.029023838299381934647
0.029046815644914136139
0.028402403885757478103
0.028263424175487119389
0.027385145384866721303
0.027095784945291514335
0.025984696285082081857
0.025561752832746113925
0.024218029454505515927
0.023685597350533312408
0.022105104965516449368
0.021499531788212809861
0.019665320184198293632
0.019049421960896190665
0.016904636721629343209
0.016423253085044291542
0.013735133956436690449
0.014056475931096494736
0.0056674182642675520997
-0.00086721890940699111382
0.00038654736301065042063
-0.0002032586099383442312
0.00010714416239630478222
-0.000049051635115345544238
0.000013266958747074224937
0.0012963305233500299574
0.0030104266331939488665
0.0047239647285522745239
0.0064076601930718546671
0.0080909927319716276593
0.0097156971946284836175
0.011347766479148707772
0.012888828434675030514
0.014449260517452048111
0.015883362132339819382
0.017352725863508936936
0.018658025489393147744
0.020018194253647874171
0.021174539007369396188
0.022409011046391339182
0.023398150013978211619
0.024492334201020311885
0.025298113912895084149
0.026239585349229843503
0.026848117311722280793
0.027626845134541358434
0.028026637434666336563
0.02863518726035151336
0.028817232416115354214
0.029250947406840262857
0.02920875722305088738
0.02946592508530104843
0.029195499729326767722
0.029277519113875697123
0.028777230235641354297
0.028688801629194663929
0.027959154108905591872
0.027708543538396425538
0.026751747722375096404
0.026351221781761662165
0.025170432769309604095
0.024637082731036724143
0.023234972467954772998
0.022592464425215922022
0.020968241278782141418
0.020251028857442461243
0.018393108336752112359
0.017658558234039715112
0.015521351309590072883
0.014897173430546109654
0.012284917278140515316
0.012345521857425974336
0.004862930276909223847
-0.00071967936996871157789
0.00030437540834647198138
-0.00014607312851485862567
0.000063833187649029546507
-0.000016898456320612768764
0.0012954003360603131558
0.0030136844647577629175
0.0047175621964820846823
0.0064178490561395497435
0.0080764697993336881509
0.0097350410554621433629
0.011323158212619578097
0.012919111909552962256
0.014412916508209903275
0.015926131717121846277
0.017303181981111282166
0.018714679257772067281
0.019954105464799936476
0.021246379852863461574
0.022329107047347776781
0.023486424383097731988
0.024395384088593154715
0.025404045382689093771
0.026124364470509241616
0.02697294046473740212
0.02749209939894178815
0.028171636469954745684
0.028479590396543599111
0.028983789412276853719
0.029073045520398756856
0.029398416806491833114
0.029264060177758351432
0.029410060704132188718
0.029049717924144738553
0.029018882116585337981
0.028432605795392978826
0.028230691206126756539
0.027420735901494048131
0.027056924445556380768
0.026027357312731508971
0.025514594611163316338
0.024270621636730553007
0.023626276045105878932
0.022173006636129046041
0.021420293966388747058
0.01976021069224028728
0.018931657368234671789
0.017058478298359322866
0.016205928576280279623
0.014085336814363436984
0.013319111365185921237
0.010792803296610212581
0.010591775089340132098
0.004041681314171865982
-0.00056943281332972901604
0.00022082411464546454421
-0.000088431788417065190528
0.000022560850574977070532
0.0012962323721424699976
0.0030107704449961027148
0.0047232888560763582734
0.0064087361982113821111
0.0080894582049554976408
0.0097177424735026765638
0.01134516249029861054
0.012892035992911248966
0.014445406822096446256
0.015887902841704392593
0.017347458475542284087
0.018664058413317874115
0.02001135738101451388
0.021182218138659908707
0.022400451111839147777
0.023407629878038151479
0.02448189433017911465
0.025309555223658273234
0.026227099354998998758
0.026861693564048549334
0.027612130111815244563
0.028042543394805762636
0.028618033682505687884
0.028835695845518747633
0.029231105063785013966
0.029230055949318833873
0.029443082120391467738
0.02921998768128292099
0.029251269317762643176
0.028805379019948182943
0.0286585909206335497
0.027991622834627377914
0.027673577525820266102
0.026789507358115348602
0.026310295456795244719
0.025215004085838550771
0.024588240416499830078
0.023288924782275231529
0.022532245959984907419
0.021036372798321471628
0.020172541476882504258
0.018485763134275969604
0.017545386402035018094
0.015666594136101866387
0.014696006306009808496
0.012602031245310663556
0.011694090921245506883
0.00926425027105464961
0.0088011113481510971259
0.0032065065360600947948
-0.00041685075883218945373
0.00013617976670703104291
-0.000032310821748015121744
0.0012955084457918105129
0.0030133057986479086033
0.0047183064826375837331
0.006416664374564599727
0.0080781588626180795939
0.0097327905545128451666
0.011326022332943224795
0.012915585594458578509
0.014417150849479884681
0.015921145630242588188
0.017308961914301456191
0.018708064589120138927
0.019961594900642997659
0.021237976152103271309
0.022338464285835971303
0.023476074251144154666
0.024406766870700126359
0.02539158945367864664
0.026137935154698528461
0.026958211889329214424
0.027508031004805413024
0.028154454139206180093
0.028498074351895511494
0.028963948951837004969
0.029094302283216464948
0.029375677884530511259
0.029288354585601360187
0.029384128252949756234
0.02907738243044464954
0.028989377246494133747
0.028464077316297149724
0.028197103933643900146
0.027456617289316043565
0.027018532567258487505
0.026068526160181921354
0.025470315142684294866
0.02431843722819596795
0.023574370320119849429
0.022229741210823248182
0.021357717741808347952
0.0198300639538342305
0.01885240895651810017
0.0171504092103184388
0.016095869663353179016
0.014223371635930738851
0.013132910286172139904
0.01107756811523437033
0.010026815206778622673
0.0077052325254415847584
0.0069793115762372302266
0.0023603005712350860967
-0.00026219524252934675051
0.000052002624399580666988
0.0012961077641275946514
0.0030112068721248175871
0.0047224311302584981724
0.0064101012282741170178
0.0080875124108914922297
0.0097203343734374087323
0.011341864910699204941
0.012896094498057088245
0.014440535502735071637
0.015893636209320478188
0.017340815941070312775
0.01867165555352490621
0.020002761506627751239
0.02119185589265702285
0.022389729012823390605
0.02341947839932680115
0.024468877405803568324
0.025323782736859810658
0.026211618541798631347
0.026878471263378383145
0.027594010675825127493
0.028062051124372183664
0.028597088886379612177
0.028858129293333747417
0.029207127860953724468
0.029255636374978745591
0.029415833613634360712
0.029248975775695411423
0.029220461921157465314
0.028838095598057980864
0.028623862631457767806
0.028028481213501029442
0.027634450653697777707
0.026831066688466879631
0.026266106674831601036
0.025262062604562893345
0.024538014174258979218
0.023342695159357727971
0.02247444598290937883
0.021098843618129422447
0.020104528840041298982
0.018560540581743410013
0.017462055953225027108
0.015761227642970307817
0.014585555912624035869
0.012736384958146238009
0.011519420450169589685
0.0095197502566169389482
0.0083206778465438668552
0.006123078616544001564
0.005131511636878623061
0.0015060690567371683203
-0.00010615377759513317355
0.0012956653736246401948
0.0030127561974611386185
0.0047193865522653795856
0.00641494568267480049
0.0080806084339356544633
0.0097295281840967882494
0.01133017202644264949
0.012910479654355626558
0.014423277561598163141
0.015913937156351441678
0.017317310257869282733
0.018698520629937625075
0.019972388291217345085
0.021225881070848097223
0.022351912096889928215
0.023461223577075093316
0.024423069939345665912
0.025373784756205630745
0.026157290731536775427
0.026937255834560936962
0.027530637843193234146
0.0281301451078353351
0.028524138534852381269
0.028936074601147318543
0.029124044463107030833
0.029344006880540904757
0.029322019556932880371
0.02934839904682527513
0.029115252444522602621
0.02894928209911305292
0.028506491465930604506
0.028152265123497222348
0.027504001059608603615
0.026968465222322365334
0.026121438814140054984
0.025414365932408171624
0.024377652423857695621
0.023511609520064439607
0.022296394464858781544
0.021286733093934016628
0.019905948468678210179
0.018770868028158815528
0.017238646836830290021
0.015999446415717575802
0.014330221625384198817
0.013012032869722349441
0.011218789336946460799
0.0098526908675984897586
0.0079426297642568156455
0.0065729166287128366958
0.0045311616316193661896
0.0032588887774123120689
0.0006479209301417579529
0.0012958418602835159058
0.0030121381134743366406
0.0047206011424701721933
0.0064130130721201895896
0.008083362628343731964
0.009725860553818447694
0.011334836528535104199
0.012904741255378758857
0.014430161808911868131
0.015905839229509661532
0.017326686291767118979
0.018687804901741457837
0.019984502921770191064
0.021212310317260006796
0.022366994551836405106
0.023444575170375157011
0.02444133751634957021
0.025353845534646357648
0.0261789536149363591
0.026913817434365514521
0.027555903761966799501
0.028102999190869854904
0.028553217768133595887
0.02890500749585659816
0.029157155681128003778
0.029308793116360131659
0.029359397075582182263
0.029308793116360131659
0.029157155681128003778
0.02890500749585659816
0.028553217768133595887
0.028102999190869854904
0.027555903761966799501
0.026913817434365514521
0.0261789536149363591
0.025353845534646357648
0.02444133751634957021
0.023444575170375157011
0.022366994551836405106
0.021212310317260006796
0.019984502921770191064
0.018687804901741457837
0.017326686291767118979
0.015905839229509661532
0.014430161808911868131
0.012904741255378758857
0.011334836528535104199
0.009725860553818447694
0.008083362628343731964
0.0064130130721201895896
0.0047206011424701721933
0.0030121381134743366406
0.0012958418602835159058
0.00050502611183588643947
0.002659040345996460682
0.0065264824883142391398
0.012094883142507709184
0.019345152688431833815
0.028252323267779060489
0.038785698478593935866
0.050908971062286687037
0.064580351220879324199
0.079752711727099312285
0.09637375079155226089
0.11438617253723384607
0.13372788459624487311
0.15433221219931663823
0.17612812804174496562
0.19904049714311533627
0.22299033586146605949
0.24789508417143328148
0.27366889026907710431
0.3002229065230235113
0.32746559575213882165
0.35530304677418689679
0.38363929813786370318
0.41237666892233712464
0.44141609546402242493
0.47065747284987026749
0.5
0.52934252715012973251
0.55858390453597757507
0.58762333107766287536
0.61636070186213629682
0.64469695322581310321
0.67253440424786117835
0.6997770934769764887
0.72633110973092289569
0.75210491582856671852
0.77700966413853394051
0.80095950285688466373
0.82387187195825503438
0.84566778780068336177
0.86627211540375512689
0.88561382746276615393
0.90362624920844773911
0.92024728827290068772
0.9354196487791206758
0.94909102893771331296
0.96121430152140606413
0.97174767673222093951
0.98065484731156816618
0.98790511685749229082
0.99347351751168576086
0.99734095965400353932
0.99949497388816411356