0.00067282923751177777974
-0.00025622242593497284725
0.00019669169838809699875
-0.00016600102302764912341
0.00014607154092765036056
-0.00013161049957771953496
0.00012038684263020550163
-0.00011126693448472223358
0.00010360360833481671168
-0.000096996502405672615222
0.000091182883201445372151
-0.000085982360995435816184
0.000081266581848460377851
-0.000076941548413634569641
0.00007293677872871510614
-0.000069198378515759129228
0.000065684458425115535173
-0.000062362011765670690054
0.000059204732464191577325
-0.000056191455925756079042
0.000053305023055491741985
-0.000050531438202097996758
0.000047859235338171806077
-0.0000452789944248392792
0.000042782967860836374897
-0.000040364788832468090598
0.000038019241446045301595
-0.000035742078081665552984
0.000033529873300903015249
-0.000031379906412927488407
0.000029290066808316913083
-0.000027258777643807799168
0.000025284934565310947925
-0.000023367857002735422825
0.000021507250239013810537
-0.000019703177007876008451
0.000017956037859728360401
-0.000016266559997572504984
0.000014635794773331756467
-0.000013065124609573012404
0.00001155628085939679474
-0.000010111375177251156394
8.7329485854434976934e-6
-7.4240450257487488376e-6
6.1883206425336093811e-6
-5.0302081451542387662e-6
3.9551713768443641752e-6
-2.9701186607926400334e-6
2.0841225472441806714e-6
-1.3098106934155855665e-6
6.6653995769740037802e-7
-1.9032268700607778498e-7
0.001455893167110519396
0.0015638809907433192249
-0.0004266411330308149668
0.00030099031546150956246
-0.00024631777953462662278
0.00021387858022246680202
-0.00019148662477301294314
0.00017459425808124378125
-0.00016109037576998209241
0.00014984780140411742721
-0.00014020316234124345036
0.0001317371748172865801
-0.00012417006909696976242
0.00011730709923621892551
-0.00011100805659412315276
0.0001051692061528570703
-0.000099712066402961512843
0.000094576159572640797456
-0.000089714167933710256821
0.000085088603500027053511
-0.000080669460706012286195
0.000076432525689800471983
-0.000072358135119988918838
0.000068430249616210936326
-0.000064635751688301920451
0.00006096390678173854888
-0.000057405944759506290387
0.000053954731669866207756
-0.000050604510177123894368
0.00004735069294834532021
-0.000044189697465690994885
0.000041118813735434747846
-0.000038136098562832098067
0.000035240291708026960536
-0.00003243075050668032907
0.000029707400556308330913
-0.000027070700933017820479
0.000024521623197052332708
-0.000022061644252446659883
0.000019692754044411568218
-0.000017417480244033939836
0.000015238933696608536435
-0.000013160880861390462418
0.000011187853412490584483
-9.3253118999199320597e-6
7.579892587476203133e-6
-5.9597903690797245411e-6
4.4753810643859229119e-6
-3.1403055160035348419e-6
1.9735650472258891085e-6
-1.004303918516726525e-6
2.8676579238648842861e-7
0.0012916566964696056436
0.0034000218326143955464
0.0024506586448656880155
-0.00058789284401038314258
0.00039247460056331070429
-0.00031229776549263309736
0.00026688941615829144295
-0.00023662341058666913254
0.00021437073897059292154
-0.00019691152695918591882
0.00018257158109190104513
-0.00017038966630022185954
0.00015977175793835166048
-0.00015032939564277143554
0.00014179695705040191179
-0.00013398618536719588896
0.00012675970271635987662
-0.00012001482359735541564
0.00011367325508751226513
-0.00010767431311221593855
0.000101970319778097367
-0.000096523398790753481769
0.000091303193207980828317
-0.000086285207340910177207
0.000081449580705307182819
-0.000076780167213126750795
0.000072263834050208943056
-0.000067889921386373661564
0.000063649821725016013682
-0.000059536649618413900126
0.000055544980672972885585
-0.000051670644512267296081
0.000047910560466705287587
-0.000044262607748875294
0.000040725524110663966923
-0.000037298828710577019656
0.000033982766329114880828
-0.000030778271301134987283
0.000027686950718026925121
-0.000024711087730925630499
0.000021853667342697590748
-0.000019118429187315729019
0.000016509954923323500863
-0.000014033802852831028569
0.000011696710848641542272
-9.5069040195025409941e-6
7.4745733923190216065e-6
-5.6126551120277453249e-6
3.9381890618616942464e-6
-2.4749460699931817542e-6
1.2594250398023772627e-6
-3.5960901041110977289e-7
0.001379211423502932999
0.0029863548563142705759
0.0053341260735351862719
0.0033287787455852401642
-0.0007449769927503064716
0.00047900884791509632388
-0.00037268967078715275602
0.00031392676395851007078
-0.0002755903579164520744
0.0002479088131633858356
-0.00022651006745345246141
0.00020914395946739110627
-0.00019453231685348571235
0.00018189377549723798473
-0.000170722806729736134
0.00016067729965230077093
-0.00015151716586867350664
0.00014306882249506020713
-0.00013520364129585241826
0.00012782433517205326656
-0.00012085605765897174441
0.00011424040817472662401
-0.00010793128830680704059
0.00010189197158886815439
-0.000096092989300290132138
0.000090510577629323556331
-0.0000851255190210010296
0.000079922265549663847672
-0.000074888267593181153738
0.00007001345441356148315
-0.000065289828918296728212
0.000060711149606434538006
-0.000056272680191094650871
0.000051970992720775850198
-0.000047803813904941222722
0.000043769907262434794306
-0.000039868985988518249279
0.000036101653327272761604
-0.000032469368948173308399
0.000028974441561295040494
-0.000025620050005043220774
0.000022410297644616849424
-0.000019350308683139543222
0.000016446380902729000592
-0.000013706219335363115044
0.000011139293389134820718
-8.757394960851350733e-6
6.5755491615792225635e-6
-4.6136043323719434673e-6
2.8993086675906610701e-6
-1.475335093423547146e-6
4.2125316565516338394e-7
0.0013222303304534620141
0.0032195882403656883477
0.0046720395944517079694
0.007248704123293515781
0.0041950058490751839195
-0.00089855219060872894179
0.00056230452816293243547
-0.00042972497222497429571
0.00035746698531975677227
-0.00031095721448380038392
0.00027778683936199676407
-0.00025242542964902831825
0.00023203913805504783391
-0.00021502608216592792801
0.00020041216176489123796
-0.00018757063272315972014
0.000176079753969275883
-0.00016564523683882462976
0.00015605550775943475058
-0.00014715464655449280764
0.00013882534899241604071
-0.00013097782743527289922
0.00012354236309064667197
-0.00011646417795348501391
0.00010969982298218372804
-0.0001032145827296877516
0.000096980576990518702343
-0.000090975350297872073976
0.000085180809325410353931
-0.000079582412742961084986
0.000074168547304850376639
-0.000068930043544212252484
0.000063859797839992996602
-0.000058952476958723120623
0.000054204287819379375359
-0.000049612800083562312143
0.000045176812841551137544
-0.000040896259578857021068
0.000036772148100824059352
-0.000032806534459775868462
0.000029002532486796750986
-0.00002536436369522195133
0.000021897456744033129421
-0.000018608612464030508116
0.000015506261835338222314
-0.000012600864766055697277
9.9055371713682295213e-6
-7.4370777005071385315e-6
5.2177634733074886506e-6
-3.2788277932848897892e-6
1.668403722123227609e-6
-4.7637184446385715641e-7
0.0013632065291301450039
0.0030614786138886828369
0.0050529822552773453036
0.0063415757141554095862
0.009136992516712124841
0.0050462228769951980507
-0.0010484843523671838347
0.00064279298934046634818
-0.00048413421690231245798
0.00039841345049288424444
-0.00034372577781756196081
0.0003050584555337964937
-0.00027573316246580987682
0.00025233509661275066995
-0.00023293861792756251389
0.00021637589833062583319
-0.0002018977545664799258
0.00018900163391395150309
-0.0001773380030382094563
0.00016665641120446290793
-0.00015677290918208266268
0.00014754956914481062064
-0.00013888116586749506903
0.00013068625682255702299
-0.00012290105320403940629
0.00011547511269868668918
-0.00010836825170701875457
0.00010154829246079482826
-0.000094989393536852904264
0.00008867079572520091137
-0.000082575868813621716237
0.000076691380038224493103
-0.000071006928523124605163
0.000065514506141639369326
-0.000060208156466421740168
0.000055083711493720952184
-0.000050138591717460198464
0.000045371659637616019867
-0.000040783120457960415616
0.00003637446700289536006
-0.000032148469189948329969
0.000028109212247658465455
-0.000024262193022687881368
0.000020614491459760003698
-0.000017175047092282121811
0.000013955093150536135687
-0.00001096884488398461662
8.234631601699053842e-6
-5.7768812283883201498e-6
3.629968066625903221e-6
-1.8470057891237610887e-6
5.2735580781465633574e-7
0.0013318815445079385054
0.0031786963273777034872
0.0047900717104008758078
0.0068685664402190493194
0.0079888007828569335669
0.010992351386095856085
0.0058793783884961153976
-0.0011944161273354523343
0.00072051182952819133247
-0.00053615526236596431466
0.00043712607517078476111
-0.00037433384639037165497
0.00033021110411421389746
-0.00029695130358811519097
0.00027056725391642711206
-0.00024881340206910592715
0.00023032987392508983166
-0.00021424569640000666445
0.00019997765503738583825
-0.00018712088489212531992
0.00017538586682202198959
-0.00016456039444136942447
0.00015448568526790619017
-0.00014504085877816372305
0.00013613255140501191402
-0.00012768778888991365573
0.0001196489834892889206
-0.00011197035253145074832
0.0001046153093719212119
-0.000097554533302595969871
0.000090764522487981776611
-0.000084226496622573595231
0.000077925557104185875176
-0.000071850040057526496662
0.000065991016375431843553
-0.000060341906106492517209
0.000054898183954006903944
-0.000049657159652519610317
0.000044617822453083976435
-0.00003978074355841800632
0.000035148034703057834045
-0.000030723365820951828231
0.000026512050767543889873
-0.000022521218809269841372
0.000018760103741212241631
-0.000015240507523121708945
0.000011977543483954480482
-8.9908656841068318454e-6
6.3068305226183804696e-6
-3.9626938396903713814e-6
2.0162080318940605309e-6
-5.7565118065064246009e-7
0.0013568463665365799026
0.0030869572122798839886
0.0049879771132106816045
0.0065013900331478895556
0.0086594134596643425623
0.0096076990913155181369
0.012808213027635943268
0.0066914884366260033624
-0.0013359150923879347228
0.00079534985984560538829
-0.00058582925036831735561
0.00047373876310551648692
-0.00040297689779757514956
0.00035348240905588486557
-0.00031634645487293412389
0.00028702184835089563071
-0.00026294950019646509493
0.00024258092833331701828
-0.00022492527487959241678
0.00020931973057143318705
-0.0001953046922292998495
0.00018255189216456111212
-0.00017082102681120087209
0.00015993252540980997281
-0.0001497498643964533913
0.00014016774118150059212
-0.00013110396245782126306
0.00012249375490474715974
-0.0001142856957745047423
0.00010643875134943185109
-0.000098920088717098188792
0.000091703437590106832312
-0.000084767850358976961986
0.000078096755481229698414
-0.000071677230765963578392
0.000065499444658910153224
-0.000059556228742746130181
0.000053842755581340175188
-0.000048356304257507328786
0.000043096102558914837542
-0.000038063240624867981439
0.000033260656826434791125
-0.000028693203767574099905
0.000024367812193668144956
-0.000020293786220520220482
0.000016483290608156971095
-0.000012952143065234733734
9.7211344998354677211e-6
-6.8183591794251557005e-6
4.2837473051318642989e-6
-2.1794370790829104774e-6
6.2223571016042946932e-7
0.00133633884366048366
0.0031614435488336143633
0.0048310800679753330045
0.00678020760233834746
0.0081895241032483878858
0.01041907209350206375
0.01119239814409452963
0.014578121836719817913
0.0074796452867859866603
-0.0014725248379671486721
0.00086713363556355199471
-0.00063310922867206726061
0.00050828004801192013803
-0.00042973400885156717384
0.00037498708354855539036
-0.00033405903700014511245
0.00030185796963950043352
-0.00027551948713821665034
0.00025331120635874046728
-0.00023412519556682409407
0.00021722078383617172705
-0.00020208472374008168598
0.00018835070135853501263
-0.00017575077206078902015
0.0001640848751564088751
-0.00015320103990935060208
0.00014298215352513787109
-0.00013333688862583215692
0.00012419334299676297213
-0.00011549449286822232209
0.00010719488641409577678
-0.000099258202941379978087
0.000091655427911869499554
-0.000084363474014014744696
0.000077364131101116298081
-0.000070643263120356476554
0.000064190194403214976055
-0.000057997244784070970793
0.000052059385503153121477
-0.00004637399747304421443
0.000040940721551185170512
-0.000035761398118462022951
0.000030840101808034325201
-0.0000261832885146836414
0.000021800089077468845299
-0.000017702813712802469309
0.000013907787657476318761
-0.000010436756709264381088
7.3193796084851339285e-6
-4.5980870700366364774e-6
2.3392113674063087414e-6
-6.6782773278731838844e-7
0.0013535776434230161313
0.0030993257052344561539
0.0049598734526785177018
0.0065574202678825105729
0.0085483011067943309131
0.0098484855046285424368
0.012141264874372126432
0.012737174570420908901
0.016295770007491992236
0.0082410272724296994788
-0.0016037865003304007284
0.000935663656206325106
-0.00067790661870462335645
0.00054072598638930159701
-0.00045462432030066143233
0.00039477496887088712738
-0.00035016154725073228196
0.0003151651376454400784
-0.00028662576614927453126
0.00026263285389607340796
-0.00024196490949829958172
0.00022380564787916305992
-0.00020758965816684194777
0.00019291357967378395744
-0.00017948251500927475055
0.00016707639594902400592
-0.00015552814822230416452
0.00014470909773105002262
-0.00013451896678751041118
0.00012487886329580702814
-0.00011572627115342171023
0.00010701140931404276342
-0.000098694546374035984857
0.000090743995171510435482
-0.000083134600321051608723
0.000075846589743217800987
-0.000068864700344365594872
0.000062177514954498406804
-0.000055776966793302688033
0.000049657981975936154118
-0.000043818241919955026067
0.000038258057611207151521
-0.00003298035817313945618
0.000027990809216731868851
-0.000023298095598204274913
0.000018914435441669519028
-0.000014856452894745019491
0.000011146663648160306056
-7.8161246329618801551e-6
4.9096141077636159639e-6
-2.4975104098275730087e-6
7.1299158997215059607e-7
0.0013388211704471074159
0.00315219787708570569
0.0048514537908336165369
0.0067415884250261673147
0.0082601410560050666267
0.010285751730873881333
0.011472335764272677095
0.013819855234762981421
0.014236464540146020744
0.017955027102292542169
0.0089729087087743082355
-0.0017292494611174076538
0.0010007316013476477441
-0.00072011352078639162135
0.00057102595496422312463
-0.00047763503816546205817
0.00041286026612851506473
-0.0003646883124384393213
0.0003269930713090900782
-0.00029633000036314786073
0.00027061686901814973694
-0.00024852272076835029917
0.00022915832347347261535
-0.00021190789722248482045
0.00019633227457100167657
-0.0001821104820774152152
0.00016900307656892421019
-0.00015682834549500065217
0.00014544640231185635684
-0.00013474828618008435848
0.00012464832484841833513
-0.00011507867963142625384
0.00010598538301162782379
-0.000097325418670735268105
0.000089064543871605276679
-0.000081175650626932402632
0.00007363752561795759192
-0.000066433911665390598709
0.000059552803262613304185
-0.000052985930072906601457
0.000046728398612510113426
-0.00004077847601397024844
0.000035137512973450560851
-0.000029810018308117793762
0.000024803918971229130686
-0.000020131074425501302517
0.000015808179320908717264
-0.000011858323483830582836
8.3137948799915616459e-6
-5.2215781175096594508e-6
2.6559814103557646167e-6
-7.5819659728096439946e-7
0.0013516393933133685619
0.0031064626636697700834
0.0049444870584662827334
0.006585582121655697224
0.0084994877993794017069
0.0099332970365877626598
0.01198628965288468846
0.013055247549938695034
0.015448858879432553377
0.015684877545608892422
0.019549965830229534945
0.0096726695776059947463
-0.0018484774902696035768
0.0010621294637408219133
-0.00075961445790241975283
0.00059911634045891589576
-0.00049873646169991871341
0.00042923740923658612921
-0.0003776518255681472896
0.00033736820169046280859
-0.00030466958952655346235
0.00027730938719156659375
-0.00025385176860094786932
0.00023333757915699493882
-0.00021510272914507080254
0.00019867368648449316795
-0.00018370443647245023806
0.00016993691985085877742
-0.00015717535385891638324
0.00014526907362308901941
-0.00013410077434735519296
0.00012357827546521824435
-0.00011362864026104507675
0.00010419390715149981701
-0.000095227947109258336173
0.000086694123819007054276
-0.000078563537466984604687
0.000070813701853529659658
-0.000063427551098474406672
0.000056392704809387328735
-0.00004970094452429642508
0.00004334787325186852239
-0.000037332747055507966512
0.000031658486060239246929
-0.000026331896531593910507
0.0000213641739721678421
-0.000016771826989963652594
0.000012578305548840834
-8.816953503205133923e-6
5.5368250063449398952e-6
-2.8160650006441822182e-6
8.0385291534214958141e-7
0.0013403692929427661664
0.0031465461637212063485
0.0048634421272064396608
0.0067201970021200969758
0.0082958519076424142834
0.010227040187643057892
0.011570957137453740746
0.013643817088791803081
0.014591537988627947365
0.017022463945150938944
0.017077212001860084824
0.021074885437132697707
0.01033780487514006792
-0.0019610527468061913117
0.0011196548623077987984
-0.00079629306037168910405
0.0006249283297288456294
-0.00051789058745152343068
0.00044389022652222713861
-0.00038905225512367690576
0.00034630336297727036195
-0.00031166741413664449902
0.00028274138035508657017
-0.00025798960732852457109
0.00023638635699033653511
-0.00021722151981940000876
0.00019998881627242826453
-0.00018431836172249437082
0.00016993434885111038213
-0.00015662758203836776965
0.00014423712687654404276
-0.00013263773775314060278
0.00012173105380079606602
-0.00011143931562145966158
0.00010170080744191998327
-0.000092466505779916137884
0.000083697589282105702319
-0.000075363576230841703858
0.000067440930179137172139
-0.000059912024583526202639
0.00005276439309861567519
-0.000045990219310194554891
0.00003958604255934629141
-0.000033552679298754974802
0.000027895387407640512304
-0.000022624343057403657618
0.000017755574780669337832
-0.000013312652503008446629
9.3297858103685429366e-6
-5.857959354355372549e-6
2.9790776743618501247e-6
-8.503350503543208572e-7
0.0013503793246481174618
0.0031110325036458757348
0.0049349127908197311618
0.0066023424809523095169
0.0084722696898720553174
0.0099763280400103302807
0.011917967031772896133
0.013167279464656402235
0.015252403598094616436
0.01607569264466789128
0.018535052510376537583
0.018408471601643244255
0.022524333393063016236
0.010965933564750101999
-0.0020665786685098553921
0.0011731144009047224282
-0.00083003613870496084967
0.00064839261532548326688
-0.00053505631122740022572
0.00045679750484145924113
-0.00039888325423546026313
0.00035380374960178462599
-0.00031733786215260609346
0.00028693469110021094981
-0.00026096419943958844238
0.00023833768691153009796
-0.00021830151979401015835
0.00020031844341009866397
-0.00018399599530267796883
0.00016904158478523677775
-0.00015523334023089705945
0.00014240063368879977327
-0.00013041074034128783312
0.0001191594995700292986
-0.00010856465356400320889
0.000098561019638764188121
-0.000089096946065906490404
0.000080131685752298177831
-0.00007163344123597261068
0.000063577913606095532256
-0.000055947242454978724041
0.000048729263575399318912
-0.000041917042612275588572
0.000035508671934992477942
-0.000029507351003585338049
0.000023921817465287250087
-0.000018767277244114932101
0.000014067144895157970649
-9.8562830605392017826e-6
6.1874590728153098882e-6
-3.1462698426195675417e-6
8.9799838559792298057e-7
0.0013414114117171068682
0.0031427863248726159119
0.0048712435779152928629
0.0067067403503774707127
0.0083172514881314081358
0.010194174858876435642
0.011621085308097897469
0.01356617583344895522
0.014716554338388860267
0.016806298073296464305
0.017502386062710017515
0.019981221658346881598
0.019673881776746471023
0.023893125695084809223
0.011554807093196198377
-0.0021646822280572663488
0.0012223259530017619133
-0.00086073631892358115782
0.00066944238924821155031
-0.00055019272349451973251
0.00046793651781757366559
-0.00040713565643131061679
0.00035987072239667827083
-0.00032169069758323689643
0.00028990592433321400838
-0.00026279779856400388724
0.00023921853579336340593
-0.00021837365962316163526
0.00019969685239007732116
-0.00018277447467554958276
0.00016729820449499476508
-0.00015303430352558943784
0.00013980308837808553933
-0.00012746487182781210593
0.00011591012505334127968
-0.0001050524652954953128
0.000094823579923063394652
-0.000085169507788626424933
0.000076047893773021005184
-0.000067425958692632641011
0.00005927901124369442855
-0.000051589387839398060657
0.000044345750849760749959
-0.000037542714049391855629
0.000031180804098474823627
-0.000025266820029131901239
0.000019814740738111775313
-0.000014847504311830674797
0.000010400382741748616136
-6.5277625173475691696e-6
3.3188698063701550571e-6
-9.4719168150810571644e-7
0.0013495055640211753345
0.003114171846937323193
0.0049284488209607133159
0.0066133627174993840686
0.0084550289897185552859
0.010002224933560025277
0.011879631819861254475
0.013224279715500800227
0.015165750461507979623
0.016213234023323994983
0.018299945923616005399
0.018866500748399386574
0.021355803632573368059
0.020868905870040400486
0.025176365921793923339
0.012102317436018724213
-0.0022550157913620200012
0.0012671203150559034817
-0.00088829383991144907138
0.00068801533557696152892
-0.00056326128241600459511
0.00047728534660109600248
-0.00041379990848315939259
0.00036450432017115368186
-0.00032473362149138991177
0.00029166903284839552502
-0.00026350953901012634459
0.00023905238419236163378
-0.00021746510047630879573
0.00019815434681512202245
-0.00018068680709924947471
0.00016473956052410069335
-0.00015006787891614179686
0.00013648372059123737211
-0.0001238410066176684544
0.0001120253230920623911
-0.00010094658761884129519
0.000090533749398801868118
-0.000080730917573937441183
0.000071494517565940066646
-0.000062791208608059766533
0.000054596386056068131863
-0.000046893157169765196302
0.000039671731266687648421
-0.000032929215257159808544
0.000026669866991445607552
-0.000020905955399249714679
0.000015659562320588654001
-0.000010966084294866611929
6.8813399186703631128e-6
-3.4981196633668026087e-6
9.9826725961899940162e-7
0.0013421527908283696399
0.0031401316120566323439
0.0048766756646247849984
0.0066975659737494798423
0.0083314184862486168871
0.010173262847774386458
0.011651336320530963604
0.013522549545456244897
0.014780193305607226729
0.016710959458845653221
0.017651956622445185852
0.019728007716996686065
0.02016314516811730095
0.022653884961735378908
0.021989260766194382567
0.026369463086217647782
0.012606504641585594305
-0.002337258700497324112
0.0013073424634647660796
-0.00091261783520541762665
0.00070405500881857069419
-0.00057422729618173160449
0.00048482445384467316465
-0.00041886771777262245399
0.00036770496148885412044
-0.00032647401054995927105
0.00029223707715282631195
-0.00026311720368790855304
0.00023786099150437725991
-0.00021560098783417821368
0.00019571898496669493899
-0.0001777635822965842202
0.00016139846793150973802
-0.00014636886510293046889
0.0001324791288107325466
-0.00011957741378547359591
0.00010754495869222755635
-0.000096288464222661981582
0.000085734596873695982341
-0.000075825989948515583192
0.000066518328264847700827
-0.000057778244101706016977
0.000049581849399615016287
-0.0000419138028393965947
0.000034766875434664177269
-0.000028142051168796619334
0.000022049306528035097501
-0.000016509412597444968091
0.000011557552321902322229
-7.2507566230065924164e-6
3.6853069375909660204e-6
-1.0515899481794353194e-6
0.0013488698928636602609
0.0031164417001825365923
0.0049238280185776826485
0.0066211071350211655121
0.0084431959882125443165
0.010019448952620837293
0.011855165285043750889
0.013258739795080426009
0.015117017255534162697
0.01628326599464655007
0.018196270821109513321
0.019027567057594356388
0.021085377893688207203
0.021387670918195993296
0.023870824513058269771
0.023030931810829209585
0.027468148288555852719
0.013065563845976748259
-0.0024111186471639777631
0.0013428525453181032833
-0.00093362728033166733219
0.00071751181767291694811
-0.00058306096226719761377
0.00049053777762735607632
-0.00042233319293746633747
0.00036947462189675629554
-0.00032692012062265564534
0.00029162344601300581858
-0.00026163845348605954848
0.00023566562744838285164
-0.0002128056798211534022
0.00019241780121528452555
-0.00017403418469273373661
0.00015730640670092388105
-0.00014197064615855518364
0.00012782446834699642125
-0.00011471094484335095537
0.00010250756499513948949
-0.000091118362169234792223
0.000080468253446444696973
-0.00007049894499771097458
0.000061165980341110542105
-0.000052436658425521760774
0.00004428865568897297107
-0.000036709273820395401037
0.000029695324295711814968
-0.0000232537822419443131
0.000017403558478440264401
-0.000012179215651200583674
7.6387333072668890863e-6
-3.881794527264437314e-6
1.1075455257712890069e-6
0.0013427029094193667544
0.0031381718216161590797
0.0048806482431514791056
0.0066909502763398764779
0.0083414391377163383963
0.010158842617942266857
0.011671521487089637639
0.013494647850627090511
0.014818713424613911544
0.016657311759627577603
0.017728121078744636299
0.019616369093544452798
0.020335136309956673301
0.022367202973703878237
0.022535689066803548406
0.025002270447786911234
0.023990186895740862457
0.028468490147660779155
0.013477851733189316188
-0.0024763328732287265362
0.0013735266778361553078
-0.00095125171127966703046
0.00072834374364454579455
-0.00058973811083764781258
0.00049441350523288869587
-0.00042419364620931226787
0.00036981766017046233463
-0.00032608193145429675594
0.00028984271429022853816
-0.00025909169360924654096
0.00023248794318792028005
-0.00020910362048929156962
0.00018827768008336689603
-0.000169527668271830479
0.00015249439901990617104
-0.00013690607478340852115
0.00012255434650438725864
-0.0001092779498013386784
0.000096951293259597336715
-0.000085476374359935716019
0.000074776993828654360286
-0.000064794606296584897837
0.000055485381040075148514
-0.000046818207625177620264
0.000038773503862918368074
-0.000031342797137807612766
0.000024529191017354487877
-0.000018349065604447967088
0.000012835868755691248308
-8.0482071231697658927e-6
4.0890509408647058881e-6
-1.166549218724358019e-6
0.0013483898395873980314
0.003118148523620427307
0.0049203806503111867461
0.0066268175520595026316
0.0084346092563745602491
0.01003168922089054103
0.011838236840375326163
0.013281786912049647391
0.015085803145895345015
0.016325691206210379617
0.018137911241193816204
0.019109587348843488423
0.02096617307633716994
0.021569979394816967323
0.023568898985926165529
0.023603085622775902692
0.026044176050593132944
0.024863589617128906386
0.029366908979406875297
0.013841892417325663137
-0.0025326692188770251352
0.0013992576009039933301
-0.00096543177767341708118
0.00073651687319149528321
-0.00059424074257265802567
0.00049644462559958024724
-0.00042445016226807529954
0.00036874140234461321056
-0.00032397174353464082377
0.00028691125013739109977
-0.00025549668898118563362
0.00022835059352341695284
-0.00020451996834880538004
0.00018332599187494231188
-0.0001642734015646066077
0.0001469936677572077092
-0.00013120815079590571961
0.00011670353074120643606
-0.00010331502887007249341
0.000090914727805762275502
-0.000079403325691365086631
0.000068704273776717756938
-0.000058759627931398942203
0.000049527193877859937143
-0.000040978724106015603734
0.000033099075078520834523
-0.000025886401680889757463
0.000019353728332999701632
-0.000013532781221646184444
8.4823971786638385604e-6
-4.3086824984187821328e-6
1.2290547225189506121e-6
0.001343124976268034026
0.0031366736815004829609
0.0048836648674616566957
0.0066859759850617989829
0.0083488731416199439404
0.010148329453671496987
0.011685916144252279112
0.01347529417739698171
0.014844520123838726352
0.016622912520855033247
0.01777428910358431443
0.019553511562454668821
0.020422719116884656131
0.022240853355065422743
0.022727672252492198191
0.02468616797066539187
0.024586036071959732312
0.026992814400766943347
0.02564801143273580499
0.030160189685799598905
0.014156382725592149298
-0.0025799270299824298715
0.0014199552097180145896
-0.00097611966996701919331
0.00074200579259239685297
-0.00059655741779253049888
0.00049662932316348208319
-0.0004231080006089158426
0.00036625655351117536869
-0.0003206045990750396543
0.00028284764465531425798
-0.00025087500238511826402
0.00022327768401382960479
-0.00019908105399925698063
0.00017759106373521713945
-0.00015830155688539662564
0.00014083615104080125879
-0.00012491057144725896906
0.0001103075495258182225
-0.000096859704809556945334
0.000084437659585487797598
-0.00007294169044980244854
0.000062295853376716016052
-0.000052443916231735327197
0.000043346701210876348217
-0.000034980648205156976945
0.000027337618932666526335
-0.0000204262587025303899
0.000014275820903358035708
-8.9448776650302782668e-6
4.5424691045199102165e-6
-1.2955641941235470915e-6
0.0013480162118393972937
0.0031194728176745696506
0.0049177210811583265262
0.0066311860729278291836
0.0084281146975341642181
0.010040812061442621371
0.011825851063974861075
0.013298266249180951641
0.015064110366658049491
0.016354151405574834034
0.018100459667351184134
0.019159327681268082857
0.020899043379090136245
0.021662814740693213929
0.023435849259011504237
0.023804067610234323153
0.025715013461293623432
0.025481018920691383942
0.027844791850348558223
0.026340642756934090665
0.030845493318021462419
0.014420196863131706913
-0.0026179379311870474145
0.0014355469843358375957
-0.0009832794455856330043
0.00074479387701800467286
-0.00059668353359244417734
0.00049497125386021571631
-0.00042017687526839489991
0.00036237748351378992984
-0.00031599857487946544727
0.00027767301298155279697
-0.00024525030520924765341
0.00021729509366492976401
-0.00019281471833429091957
0.00017110253874115404401
-0.00015164349812772914718
0.00013405492992402413568
-0.00011804821474792085484
0.00010340325361388338484
-0.000089951093780100343778
0.000077561911961554227204
-0.000066136639171014906548
0.000055601163738941087009
-0.000045902468328489090856
0.000037006358305854408159
-0.000028896709403491195054
0.000021576507776863005987
-0.000015071596932340554494
9.4396621874936253811e-6
-4.7924052985698259725e-6
1.3666396862926727264e-6
0.0013434578029634421025
0.0031354954760568493996
0.0048860256693627620092
0.0066821111948117299042
0.0083545929511046031963
0.010140341230749069891
0.011696683542763196027
0.013461094452884402963
0.014863011264926430948
0.016598969962138408999
0.017805292414173419053
0.019513146615581551045
0.020475852558751239631
0.022169689235704397414
0.022825433908945982401
0.024546885023643426741
0.024795309813520253616
0.026651754875754987183
0.026284828189648671878
0.028597060273474675383
0.026939002942567878918
0.031420367278114392485
0.014632390442953467138
-0.0026465664682434741636
0.0014459783267587144908
-0.00098688727013475640564
0.00074487349439168223666
-0.00059462151317182723485
0.00049147973034556282071
-0.00041567114123694142193
0.00035712241765333635116
-0.00031017497966485348375
0.00027141120059673424271
-0.00023864859575613524864
0.00021043070944104170557
-0.00018575056922233129652
0.00016389166321340342553
-0.000144332110646575195
0.0001266846176406989922
-0.00011065761178874172016
0.000096029405070839466073
-0.000082630659376640086911
0.000070332330331327714232
-0.000059037369362129453339
0.00004867514140224604425
-0.000039197970901283399373
0.000030579596659502547958
-0.000022815731184989599726
0.000015927629860990974147
-9.9713034341540966261e-6
5.0607485420197838914e-6
-1.4429165615361573927e-6
0.0013477180079754463104
0.0031205273079023393283
0.0049156123597021706553
0.0066346281269978645868
0.0084230404416784847554
0.010047863352014454669
0.0118164053936719848
0.013310628854384918277
0.015048158564153796079
0.016374578601067616661
0.01807436014408245539
0.019192758963403391389
0.020855910552273166308
0.021719153271009473297
0.023360900200822295253
0.023906413793601752498
0.025569985016872762445
0.025697848600460986711
0.027493040761822214763
0.02699458480642953015
0.029246928051884808964
0.027440949106164296074
0.031882754126813984088
0.014792203866510742592
-0.0026657106214841814478
0.0014512128123855050801
-0.00098693158429632344217
0.00074224613773863047896
-0.00059038092358759577398
0.00048616983473944861495
-0.00040960990758269105862
0.00035051355389976461021
-0.00030315847866405300004
0.00026408891902801544492
-0.00023109835082276285477
0.00020271460023890320823
-0.00017792018694242111178
0.00015599153630581446653
-0.00013640211282087883527
0.00011876175827890021185
-0.00010277746827587595516
0.000088227373131235487654
-0.000074943158163519431482
0.000062798090195267994916
-0.000051698950247583811979
0.000041580889134419097114
-0.000032404748816555855357
0.000024156913775238827648
-0.000016852557989838215117
0.000010545013255780975012
-5.3500771234671127335e-6
1.5251195352971176911e-6
0.0013437264322033126289
0.0031345464758892927596
0.0048879201323592465075
0.0066790267779655518133
0.0083591244312158034129
0.010134071594571864838
0.011705036977904059197
0.013450232736832427323
0.014876916501133877465
0.016581330593179578512
0.017827577006405400676
0.019484986684656485046
0.020511591670844322049
0.022123940663350124307
0.022884780814551986206
0.024468411784088233174
0.024901884102468682235
0.026501487931387568757
0.026508451783184583809
0.028235860847813692261
0.027607746850731113529
0.029792069763388739261
0.027844683759786281387
0.032230998968700441866
0.014899065042812039565
-0.002675302191352237777
0.0014512323603069594145
-0.00098341320350751618291
0.00073692249527140662595
-0.00058397853298234902311
0.00047906247148702344514
-0.00040201709125161325253
0.00034257712187989701409
-0.00029497716214973485879
0.00025573582918915438511
-0.00022263063085108830984
0.00019417915345827804939
-0.00016935730557121461388
0.00014743735502309715033
-0.00012789039130424521947
0.00011032529021319252347
-0.00009444931094878703896
0.000080042044084210306036
-0.000066937933870290790253
0.000055014562467425290001
-0.000044185059192241280484
0.000034393790151462091982
-0.00002561517286652547202
0.00001785639153170161598
-0.000011166809612998847504
5.6633606858350027823e-6
-1.6140821637915741431e-6
0.0013474747896208031975
0.0031213858094803728893
0.0049139011940891181555
0.0066374078275923503433
0.008418968938111401066
0.010053475040592303807
0.011808963781555369293
0.01332024989891459736
0.0150359254124872587
0.01638997143395124974
0.018055100195557387047
0.019216819297546303125
0.020825790653445811362
0.021757075003882494635
0.02331269456077801773
0.023968564005203418485
0.025488258971285935129
0.02580828102805459268
0.027338059868887013411
0.027224216797366763422
0.028877556856073964675
0.028122118611558891681
0.030230534542809055597
0.028148761218775676331
0.032463855390022320407
0.014952591436322965062
-0.0026753070564534986463
0.0014460373254045223389
-0.00097634535521019388525
0.00072892246450803029041
-0.00057543831489239251103
0.00047018436913721513218
-0.00039292142152423477011
0.00033334339491042755538
-0.00028566257071356979437
0.00024638458726432487019
-0.00021327915646598735393
0.00018485919621227194293
-0.00016009799862048398899
0.00013826669234152576546
-0.00011883641183573248076
0.00010141714792468546697
-0.000085718366384100623211
0.000071523106564048591904
-0.000058670809840444303509
0.000047046135830582427618
-0.000036572279342530441722
0.000027208266169409755442
-0.00001895083000366544976
0.000011843698825080296969
-6.0040472681523386331e-6
1.710770828043797873e-6
0.0013439477041955117616
0.0031337660287547907885
0.004889473590906295734
0.0066765083211741457781
0.0083628034319809580835
0.010129018033332926543
0.011711710641161648368
0.013441647683092451028
0.014887767467007924729
0.016567772911243499581
0.017844400269623931004
0.019464175567047721973
0.020537343057938610074
0.022091965128120687987
0.022924754990180124811
0.024417914028503435781
0.024966624695906863739
0.026416790262667066312
0.02662236007146820482
0.028076706256175561045
0.027842581082047083463
0.029415832041155806338
0.028535858421398903985
0.03056075308823167907
0.02835209276021955679
0.03258048992909942877
0.014952591436322965062
-0.0026657253043982412775
0.0014356465142458088532
-0.00096575365690212132222
0.00071827511470452214621
-0.00056479140488966608004
0.0004595680372845628521
-0.00038235640250838103586
0.00032284666389890383671
-0.00027524968811474652008
0.00023607086683402994161
-0.00020308037438562097596
0.00017479212561770936262
-0.00015018090316567552283
0.00012851985766568636781
-0.00010928277800877057559
0.000092083110908149217164
-0.000076634838915285379593
0.000062726974337409364993
-0.000050207004563138498135
0.00003897071339809229402
-0.000028957239961033227017
0.000020149663578129985027
-0.000012583904357742124509
6.3761720062655605414e-6
-1.8163145972476380633e-6
0.0013472725571873471336
0.0031220986208008034471
0.0049124840993443748785
0.0066397010996387787123
0.008415626871016893311
0.01005805196383893401
0.011802941836184472076
0.013327962310784581435
0.015026228507442264111
0.016402012500775188651
0.01804026672849740351
0.019235013864998796969
0.020803500141584381059
0.021784429774477106847
0.023278971491963611368
0.024010455718579170378
0.025435639914022276919
0.025875391862764342132
0.027250680628528367234
0.02734120771277142926
0.028714782542435911848
0.028361331254776390382
0.029848759418889283298
0.028847485237750078559
0.030781543289131595312
0.028453950512338970709
0.032580485063998167901
0.014899065042812039565
-0.0026465912356789566815
0.0014200971261206528881
-0.0009516760371253254344
0.00070501860045318506687
-0.00055207601316236598628
0.00044725168319404856626
-0.00037036023943407223955
0.00031112518070250637369
-0.00026377691205078474655
0.00022483337184041054795
-0.00019207353384992030894
0.00016401807943581379098
-0.0001396475294444955532
0.00011824041114321579543
-0.000099276048320179554012
0.00008237407243809585568
-0.000067255863580420597758
0.000053719799088171598222
-0.000041625840581468736616
0.000030887266934564426058
-0.000021469286795071485045
0.000013397157372129523475
-6.7844944026543097053e-6
1.9320428202429306098e-6
0.0013441333554882584418
0.0031331120586101055626
0.004890772276475595056
0.0066744100491603185434
0.0083658547843751290113
0.010124850502806951957
0.011717175887857811698
0.013434675823499590537
0.014896492483376705326
0.016556997703022918389
0.017857590044417380983
0.019448116623487865448
0.020556847992001235628
0.022068269242321082833
0.022953622650086582287
0.024382555058979869539
0.025010294682932285401
0.026362226042776259372
0.026691614547350616931
0.027986943313315379275
0.027962251897284533985
0.029250003633846104886
0.02877861105116748566
0.030174788656609080959
0.02905588394788544865
0.030892114456942253566
0.028453970060260425044
0.032463840707108260577
0.014792203866510742592
-0.0026179732409070498133
0.0013994446200991177528
-0.0009341626007005103682
0.00068920002822179612435
-0.00053733729544358238769
0.00043327909149250980634
-0.000356975733701573836
0.00029822107843569592933
-0.00025128601442989849955
0.00021271385849073070095
-0.00018030080199303046884
0.00015258019180859810331
-0.00012854272653383891941
0.00010747594379178229609
-0.00008886799058182275829
0.000072348018867088447815
-0.000057648616679754005158
0.000044582401975941432628
-0.000033028743528116916408
0.000022929364172615741465
-0.000014295069970794624351
7.2346735842991215921e-6
-2.059532951890750943e-6
0.0013471013915850917169
0.003122701232944618666
0.0049112885931655301276
0.0066416298613094893542
0.0084128274293353574387
0.010061866157330893554
0.011797954747893514195
0.01333430173184976068
0.015018327942934102774
0.016411722214528071243
0.018028448076925256558
0.019249309750141150026
0.02078626736206887756
0.021805182511859505005
0.023253946297038971949
0.024040743208824045001
0.025398759852393519906
0.025920696982512454812
0.027194352062134767624
0.027412373634054592032
0.028622940430849152079
0.028483271308610077476
0.029680452027143875697
0.029092928002675922364
0.030392751598795906364
0.029160309378254247887
0.03089207014278068653
0.028352151758865364638
0.032230974201264959348
0.014632390442953467138
-0.0025799735518509786578
0.0013737625086164196773
-0.00091327543882334910849
0.00067087527672996049788
-0.00052062718380149066561
0.00041769946965093499277
-0.0003422501516059783142
0.00028418027744641435254
-0.00023782210620419341679
0.00019975719152889620901
-0.00016780746036956155247
0.00014052500337519741818
-0.00011691541727901004142
0.000096279308645542373026
-0.000078117579632396237759
0.00006207323422903476831
-0.000047895476758673789944
0.000035418747045764642659
-0.00002455370364124957587
0.000015291620368614021797
-7.7334945702109497581e-6
2.2006720601134570223e-6
0.0013442918353372628867
0.0031325543867852082758
0.0048918776275438824056
0.0066726290881028208828
0.008368435190373504833
0.010121342463393887297
0.011721750418686376387
0.013428879341580495816
0.014903689409833032234
0.016548191184030413864
0.017868255505587062244
0.019435290248992089836
0.020572206496666252455
0.022049915344248124852
0.022975559256468372618
0.024356278370165177574
0.025041906744430034565
0.026323942410287787437
0.026738408372713702611
0.027929035139860573928
0.028035092438202745798
0.029156392301142879274
0.028902403402393144345
0.030004584608289880085
0.029303158831763863413
0.030501866406238374301
0.029160388995627925451
0.030781409531209712133
0.028148860748685647589
0.03188271881709398169
0.014420196863131706913
-0.0025327278668371638232
0.0013431420777172356099
-0.00088908838396992584766
0.00065010877126211257547
-0.00050200417812243482301
0.0004005672618031252742
-0.00032623507261910748317
0.00026905238880699006893
-0.00022343362881000040553
0.00018601147394390663507
-0.0001546422498025676632
0.00012790313928456492389
-0.00010481979308607617013
0.000084710624071055084198
-0.000067094286982630279465
0.000051633692547774730051
-0.000038102999383796379115
0.000026371418242651144681
-0.000016403791426950495175
8.2891638120687992581e-6
-2.3577368158417341829e-6
0.0013469540392176791066
0.0031232195123821185396
0.0049102621673964063092
0.0066432816702671222926
0.0084104379568528982289
0.010065108135057729575
0.011793737425197387772
0.013339630172041130377
0.015011734489803708648
0.016419758691482682941
0.01801875910799841892
0.019260901495626501695
0.020772469455089692785
0.021821559579974385775
0.023234524757839655723
0.024063798720996647168
0.025371310840056585235
0.025953536628218279378
0.027154784520377889356
0.02746050715063749667
0.028563640453569416859
0.028557546081608099569
0.029585385484981973929
0.029218151179510309816
0.030221238086232994972
0.029408553549482448041
0.030501740290438460623
0.029056124293031682276
0.030560527402988504378
0.027844825676188919686
0.031420320756245843698
0.014156382725592149298
-0.0024764048511482726308
0.0013076920336428273855
-0.0008616867088134468295
0.00062697321121145629664
-0.00048153309862794344274
0.00038194193390019856281
-0.0003089862255652187454
0.00025289063339547970879
-0.00020817240724267932893
0.00017152831396430204131
-0.00014085797599563428973
0.00011477044973324696912
-0.00009231730414497498481
0.000072840632739951683357
-0.000055883699681100885314
0.00004113855653042389852
-0.000028418493891318654579
0.000017652422269719335286
-8.9117000138445110588e-6
2.5334987555215334332e-6
0.0013444294203010366089
0.003132070663985057232
0.0048928348925527121924
0.0066710902723921265127
0.0083706579698173681373
0.010118332155671285859
0.011725657701913709961
0.013423955597358022328
0.014909763379694113383
0.0165408141727907979
0.017877113143771898714
0.019424742480903354579
0.020584695022474373564
0.022035182158370276491
0.022992910655651190318
0.024335843022833354147
0.0250660156154139809
0.026295401093518103125
0.026772377474503690064
0.027888304803000131655
0.028084414857660881643
0.029095890415244599461
0.028977869635769543175
0.029908379476556126008
0.029429388683279465919
0.030329633034914005423
0.029408738247046349877
0.030392370828196737155
0.028847890859829989901
0.030230212663580351356
0.027441136125359420497
0.030845434670061323731
0.013841892417325663137
-0.0024112055130282429213
0.0012675380748245901312
-0.00083116676742194433487
0.00060154924926154573519
-0.00045928479953376877503
0.00036188773468323667419
-0.00029056332605703410012
0.00023575180636850106972
-0.00019209382364519973311
0.0001563633386490193405
-0.00012651257232337169469
0.00010118996120235933329
-0.000079480063383095368176
0.000060756533099855071043
-0.000044597558224192410126
0.000030739939110977696716
-0.000019063360579810715085
9.6134578662111428998e-6
-2.7313645638424719676e-6
0.0013468250242422799175
0.003123672930545773744
0.0049093654968545457969
0.00664472162241478908
0.008408360763754815806
0.010067916562973041614
0.011790099574130038408
0.013344203369389088357
0.015006108781197150941
0.016426569163819323809
0.018010612023845201369
0.019270562161383335132
0.020761086124640071556
0.021834915836240606661
0.023218892136193735432
0.024082080525533061168
0.02534991535795459713
0.025978633292933590346
0.027125231134650462854
0.027495507154567959378
0.028521869071673590165
0.028607905783075493547
0.029523872579516180816
0.029294565018731256647
0.030124212017078375885
0.029535365212475467789
0.030329376518855242392
0.029303716580391190433
0.030174145843859132997
0.028536437142262388481
0.029791645437543080857
0.026939238773348143288
0.030160117707880052811
0.013477851733189316188
-0.0023373624557072826376
0.0012228223874303261524
-0.00079763557574946280719
0.00057392511958884834793
-0.0004353358442036742398
0.00034047344032346253859
-0.00027102993833246330577
0.00021769633880398017207
-0.00017525721476817864544
0.00014057714895806177661
-0.00011167097737508378658
0.000087235289902593156147
-0.000066396863951870755769
0.000048572560434029442692
-0.000033392785169396149566
0.000020669046579896925366
-0.000010409840129520629839
2.9555656041888051026e-6
0.0013445509294977842705
0.0031316437760139028872
0.0048936785564241091419
0.006669736706821680912
0.0083726081396719275746
0.010115699536232340415
0.01172906145269651898
0.013419686147072402126
0.01491500191788300035
0.016534491203284920718
0.017884651437207505929
0.019415838100209700467
0.020595141496833691143
0.02202298549166943879
0.023007106621397257264
0.024319345816880799382
0.025085184814824192188
0.026273098338112051701
0.026798397059677708494
0.027857819019344060011
0.02812034764996901407
0.029053199406084567229
0.029029115258458551424
0.029846046186507544733
0.029506506639611073311
0.030232102993268585769
0.029535708250749173828
0.030220463278561545467
0.029093869955394129108
0.029847841848174131889
0.028122881908590496879
0.029246392731515965928
0.026340932289333222991
0.029366822113542610138
0.013065563845976748259
-0.00225513900538466411
0.0011737030612082388421
-0.00076121032666587301768
0.00054419621130421070135
-0.00040976814340807136323
0.00031777209761763310409
-0.00025045340356089684991
0.0001987885502128488874
-0.00015772668196218937682
0.00012423707817158071592
-0.000096408508051520093622
0.000072996801369558808311
-0.000053184290062176477586
0.000036450356149314816214
-0.000022510728846306617557
0.000011320281304101857521
-3.2114178401047014531e-6
0.0013467100649717349948
0.0031240766745490474838
0.0049085680463543826234
0.0066459999388485780061
0.0084065211107478128071
0.010070396447462361004
0.011786898828161027414
0.013348209997817342547
0.015001204376411369915
0.016432472695459783941
0.018003595661650322488
0.019278820826947141792
0.020751435740228651423
0.021846132532626508015
0.023205902650615058735
0.024097089913345220871
0.025332586696956662205
0.025998648563142763971
0.027102072331481562844
0.027522386366719816536
0.028490529033480882816
0.028644674741296718888
0.029480381873741112489
0.029346546741517107925
0.030061247289311987682
0.029612945795493103812
0.030231656883195889395
0.029430425124135225009
0.030003275450794107639
0.02877995643206226111
0.029414621022445145431
0.027608710442365727901
0.028596402669856743901
0.025648361002913866296
0.028468386392450820629
0.012606504641585594305
-0.0021648282141801993545
0.0011203534201980141867
-0.00072201783223517491037
0.00051246458216283488903
-0.0003826685617846965728
0.00029386079510343061854
-0.0002289049139862542631
0.00017909726796474659184
-0.00013957267220423817239
0.00010742045646126719073
-0.000080817093783990356947
0.000058593211901750951836
-0.00004000848257899951395
0.000024641625106591032588
-0.000012369630569993894023
3.505684195185919558e-6
0.0013446602077639365601
0.0031312601011500052525
0.0048944359498127056679
0.0066685235754653469402
0.008374352135829779185
0.010113351709389645816
0.011732086910000785188
0.013415906088509166533
0.014919618842305285672
0.016528947702029164154
0.017891221031492548339
0.019408130363820049259
0.020604115232714195773
0.022012598047074141439
0.023019080436993594886
0.024305581459656289722
0.025100983960079126218
0.026254968698571164972
0.026819219745787395003
0.027833852713567468071
0.028148025890660197902
0.029021080533362663302
0.029066626539091812253
0.02980187283349779398
0.029559077701431717495
0.030168692411656056468
0.029613513839797534599
0.030122863707115469041
0.029219903412850331503
0.029678580794390093668
0.028363108379662317824
0.028876026733600303191
0.026995769499074364746
0.027843997306290081447
0.024864007376897593035
0.02746802507453320861
0.012102317436018724213
-0.0020667517354015265855
0.001062961259459803512
-0.000680193882293232219
0.00047883840681260291853
-0.00035412850606738892785
0.00026882052153540397427
-0.00020645988793600630188
0.00015869715775120649759
-0.00012087504286902367947
0.000090220820430370824162
-0.000065017291568187446892
0.000044194773671096259738
-0.00002713153122933728489
0.000013590134549315256835
-3.8470889976197750592e-6
0.0013466056667050636652
0.0031244431116802682948
0.0049078450522487236001
0.0066471571084287317122
0.0084048592024621985138
0.010072631013252284326
0.011784023597021362696
0.013351796069153531901
0.014996833287621365176
0.016437708794009638208
0.017997406805388014532
0.019286060143968295064
0.020743035708972768481
0.021855819235727182992
0.023194783694181023179
0.024109811292114385032
0.025318061748466683922
0.026015217566900155238
0.027083168338206444481
0.027543981746273240735
0.028465799754709888033
0.028673095521768419062
0.029447555360582483858
0.029384710880631407864
0.030016503745247240764
0.029665964336852566718
0.030167980671209934011
0.029508224161290865121
0.029906098430604722081
0.028904910163510256004
0.029247529382694724444
0.02784482893336672493
0.028233977558145846007
0.026286261077130420825
0.026991864010877077675
0.023990683330169426696
0.026369317100094714776
0.011554807093196198377
-0.0019612585655846052256
0.0010017279735336648163
-0.00063588250313489210525
0.00044343135483859895634
-0.00032424352843706534764
0.00024273623518311305379
-0.00018319896019694849484
0.000137671468894333326
-0.00010172910488603954071
0.000072760210018959703181
-0.000049182859206990384378
0.000030073711816083168055
-0.00001502434338597746204
4.2470633064486912768e-6
0.0013447604766379576365
0.0031309082513292580174
0.0048951298306585607211
0.0066674137742310195301
0.0083759445532552098683
0.010111213031234511034
0.011734834959526943545
0.013412484224255592063
0.014923781901636980843
0.016523971587471674546
0.017897088153973217152
0.019401286397666968217
0.020612031836674040307
0.022003500570736176608
0.023029482500640098576
0.024293731818103354917
0.025114448263532424421
0.026239692345517499726
0.026836543966808603077
0.027814195574992614108
0.028170364817495498822
0.028995627066494310886
0.029095739301121697497
0.029768403728324163153
0.029597811642213980465
0.030123484392439940282
0.029666845185734400026
0.030059094285063667572
0.029297473041921274235
0.029582118748059540369
0.028486589976661629201
0.028711648705419758859
0.027226987329809867033
0.027490759777606032601
0.02548273507662801325
0.026043045421876149459
0.023031520471132725999
0.025176192854902252146
0.010965933564750101999
-0.0018487236427828803962
0.00093686755356874523779
-0.00058923509282792111177
0.00040636190019150767773
-0.00029311302452264311551
0.00021569740859560448956
-0.00015921025478066533827
0.00011611771398006582077
-0.000082257991721687478403
0.000055215010218170811387
-0.000033595501088355130791
0.000016729477840762715056
-4.7208496245619023673e-6
0.0013465088100739098803
0.0031247829038122765997
0.0049071752490857314035
0.0066482277053601117854
0.0084033243506533762856
0.010074690179209726764
0.011781381120049634453
0.013355081485844366212
0.014992843252870728295
0.016442468502300052666
0.017991807636858811026
0.019292574762113373817
0.020735521774863662042
0.021864426199321066825
0.023184977762623238458
0.024120937282755342725
0.025305475788951104747
0.026029426884511576534
0.027067142782000092037
0.027562053780850530209
0.028445403188937439198
0.028696156599386869784
0.029421408467945302045
0.029414473384170374803
0.0299824484473465735
0.029705194056373501859
0.030122404392465330133
0.029561743728633742594
0.029842397340350009756
0.028982039505551847705
0.029152061140400058326
0.027966462088207028233
0.02807283708977500318
0.026511813239856405237
0.026649018279405019948
0.02458808095344234298
0.025000927932409137531
0.021989959324084597955
0.023892919876306395309
0.01033780487514006792
-0.0017295462819207082145
0.00086860541568853164732
-0.00054040940029153998645
0.00036775258494402595601
-0.0002608402155397963563
0.0001877996395384900492
-0.00013459443365266179023
0.000094159790507953555577
-0.000062639510949616647461
0.00003787516252493637018
-0.000018784182234567898655
5.2891820807893930914e-6
0.0013448546221082134099
0.0031305780464872826321
0.0048957804647250310911
0.0066663744446736854622
0.008377433392601527005
0.010109217580980359754
0.011737392603020062953
0.013409308769783600635
0.014927632087511734074
0.016519387291914906924
0.017902469544296747949
0.019395040099736285918
0.020619217045470748511
0.021995294680598678404
0.023038800484538867094
0.024283198409504433032
0.025126315159352181555
0.026226355639062754853
0.026851509559227132558
0.027797413474912371351
0.028189187175719080351
0.02897449450061076902
0.029119511812283845256
0.029741583086880401568
0.029628193165773220352
0.030088887309118380362
0.029706509186161436956
0.030013232814769149932
0.029351070153864490246
0.029518632654507882144
0.028563084339071847233
0.028617435040710852058
0.027346416632960863466
0.027333355291946779665
0.025701890282716910388
0.025711745744871107323
0.023605518531578532531
0.023869228644294816507
0.020869737665759382084
0.022524087240549739416
0.0096726695776059947463
-0.0016041484126809184744
0.00079717699925050653567
-0.00048956830586058005615
0.00032772932331331169078
-0.00022753287589245766471
0.00015914871740263344171
-0.00010947610122903386791
0.000071975369514783104283
-0.0000431697687349067024
0.000021299317816868366492
-5.9809182898130024101e-6
0.0013464166716208365239
0.0031251060000762826852
0.0049065388678488856904
0.0066492436962904887667
0.0084018700216341984218
0.010076637574669487384
0.011778887851417732098
0.013358172954280777594
0.014989100591880091114
0.016446917031885948397
0.017986595893562586719
0.019298610756599479379
0.020728595680353042441
0.021872314326237590693
0.023176048098057787353
0.024130997346419490835
0.025294184933798121012
0.026042063148081891241
0.027053028885049367644
0.027577799451639698451
0.028427844130815724849
0.028715745401414995492
0.029399529172087018634
0.029438961330709628828
0.029954958431119079781
0.029736179796077005914
0.030087293354723345339
0.029601797811053077453
0.029796315630243970005
0.02903562256243346166
0.029088916447031764126
0.028042148582166148858
0.027980114835014474135
0.026628710395069542297
0.026495816004391935838
0.024800149017042673544
0.024682269910202910485
0.022538588231428173629
0.022651980650286595619
0.019674878148932488095
0.021074588616329397146
0.0089729087087743082355
-0.001472972557433143212
0.0007228260334259525769
-0.00043687836151097469665
0.0002864210127195537005
-0.00019330597688348523153
0.00012987064214530121231
-0.000084030933855686986374
0.000049863498897759494123
-0.000024435895599067240141
6.8373045764481435884e-6
0.0013449454834335834089
0.0031302594918964660229
0.004896407675623612415
0.0066653736158034422085
0.0083788650345022075329
0.010107302206885141121
0.011739842341550561276
0.013406274968850211
0.014931299764355241452
0.016515034903032538414
0.017907559359937409319
0.019389157397131944519
0.020625951768304199685
0.021987644096293506686
0.023047436671437898347
0.024273499572381814022
0.025137162693427970808
0.026214262292274548126
0.02686495947120712194
0.027782479381025362259
0.028205754041870255832
0.028956119997416835537
0.029139902022611127247
0.029718926699808995596
0.029653420987893029107
0.030060711020868234288
0.029738106476696906118
0.02997761260063335388
0.029391494153347701227
0.029472370544073776223
0.028616588078384250767
0.028554730360682598177
0.027421151980755252867
0.027242329232527906907
0.025815962554308056439
0.025563170830421920891
0.0238098599031665613
0.023564238506693058186
0.021391141143110902401
0.021353516368984759196
0.018409675499005664387
0.019549603917879017199
0.0082410272724296994788
-0.0013364794339200189157
0.0006458023028310978237
-0.00038250809737989563706
0.00024396024936185366465
-0.00015828940864396307413
0.00010013722328796975538
-0.000058556162947141670795
0.000028436276252182295976
-7.9191683994605717987e-6
0.0013463263027563428779
0.0031254227701192321411
0.0049059153768014126675
0.0066502381115619951944
0.00840044845485963222
0.010078537966332919783
0.011776459590705033264
0.013361176784174537879
0.014985473862086656962
0.016451214443051364632
0.017981578815667078494
0.019304398433660804322
0.020721983747753180054
0.021879807743997050876
0.023167611431176467725
0.024140444677634233451
0.025283652546291545086
0.026053763560852380219
0.02704006694039264712
0.027592129406739456775
0.028412023654125678573
0.02873319883984931805
0.029380275378775156597
0.029460214390024722213
0.029931466974249911286
0.029762200719120792253
0.030058383912555280726
0.029634045210467670254
0.029760158505082274205
0.029076430184548399263
0.029042478450003495513
0.028095544667348126868
0.027917910030218150369
0.026702392260019891908
0.026406647179091713168
0.024911151313531688176
0.024538693909037593539
0.022734627102843841363
0.022361601138351771171
0.020167329702268215701
0.019978448383884056753
0.017078683781985064476
0.01795457938282654763
0.0074796452867859866603
-0.0011951449634678111879
0.00056635863289770116502
-0.00032662633951166764808
0.00020048759490197995317
-0.00012265011116786713168
0.000070237221756043026507
-0.000033681567346975913477
9.319631363071899473e-6
0.00134503623931339513
0.0031299414185657213603
0.0048970335424262441667
0.006664375850349905484
0.0083802905636505323712
0.010105397897055630835
0.011742273486384073824
0.013403270659472526945
0.014934922761378305176
0.016510747748626973057
0.01791255676072218168
0.019383402395836857474
0.020632513647721221002
0.021980223433757711326
0.023055771430811056579
0.024264191100780194557
0.025147509838512278456
0.026202804922719460096
0.026877606710897402677
0.027768552685010303237
0.028221062013594191763
0.028939313814980512016
0.029158342134557502424
0.029698693428795989927
0.029675636330719331969
0.030036286835103751387
0.029765015131464429532
0.02994787995002053252
0.029424475207611675212
0.029435601912718135147
0.028657841834098852715
0.028508070143413598445
0.027474465104079893087
0.027180628741258224792
0.025888546763620179499
0.025475958783367653704
0.023917613023686552796
0.023425960641265330878
0.021578384720444319132
0.021078586648077710989
0.018871600392106473006
0.018531646667916933827
0.015686704685013793569
0.016295205665959908043
0.0066914884366260033624
-0.0010494562506437124732
0.00048474666267487796462
-0.00026940176151397472333
0.00015616745802259077274
-0.000086659823479305573542
0.000040804769206754461306
-0.000011187891513024343148
0.0013462341262042062019
0.0031257457734547443893
0.0049052799835710664024
0.0066512506606478619478
0.0083990025638344746708
0.010080468210506441621
0.011773997284515352504
0.013364216769510794483
0.014981811792381243162
0.016455542494091855068
0.017976540783369568299
0.019310191120508931659
0.020715390493838553846
0.021887249307047120021
0.023159271346044916364
0.024149736688083441523
0.025273351189277681126
0.026065136675578064674
0.027027553506436158872
0.027605859277547140399
0.028396991947806872191
0.02874962920377543205
0.029362335419209530245
0.029479792423649563973
0.029910100438155529877
0.029785533889156641203
0.03003287066153584378
0.029661997534219067215
0.029729448591799648908
0.029110295200639028085
0.029004954120704783251
0.028137379584362276606
0.027870905719543451594
0.026755725811341246537
0.026345373388353503182
0.024982679409246098777
0.024453448274106554354
0.022839046932475969642
0.022228818433088319189
0.020345398646165921942
0.019719673001602361148
0.01750869134237783171
0.017018209807225363272
0.014238778744043781988
0.014577393000587459059
0.0058793783884961153976
-0.00089990563210545998316
0.00040121091529343427205
-0.00021100894904856899113
0.00011124557933050022314
-0.000050934345891065037376
0.000013776930515617054122
0.0013451311192157409031
0.0031296089872757622109
0.0048976873216647501278
0.0066633343723988686484
0.0083817770665486687851
0.010103414598874380718
0.011744801683841694659
0.013400151920344288847
0.014938676082112213317
0.016506316737882086839
0.017917708205300958006
0.019377487624401937823
0.020639235283277240479
0.021972650249958164413
0.023064242526754780734
0.024254773463754908625
0.025157925571677467657
0.026191335848419918257
0.026890188960236993006
0.02775479176317445088
0.028236074071146074102
0.028922969595077035543
0.029176110090181733364
0.029679397126558338089
0.029696581793163284301
0.030013551124352948878
0.029789707759947243435
0.029921031138828118535
0.029453721476198928162
0.029403662051774429344
0.028692844157118603206
0.028469538360366381258
0.027517128423446863367
0.027133041469416841832
0.025942126058039545014
0.025414907037737668535
0.023988258973706822594
0.023342552804319959268
0.021679532032887453328
0.020951342912745945716
0.019040280699678192999
0.018289543195366178432
0.016083641094366514713
0.015443424790474285779
0.012740183883911540377
0.01280724112935941463
0.0050462228769951980507
-0.000746980818561757002
0.00031598177701507074215
-0.00015166496554596927263
0.000066283367597955612937
-0.000017548054106589444452
0.0013461348468680194166
0.0031260935777645152222
0.0049045961175246609208
0.0066523397276971728396
0.0083974487758508749775
0.010082540216819027872
0.011771357641758286492
0.013367470611416668502
0.014977899186036003829
0.016460157088115365828
0.017971181781243838422
0.019316336622725192742
0.020708416284739911708
0.021895094981399379938
0.023150510445971253775
0.024159458059195897289
0.025262622083254750921
0.026076923404134117142
0.027014655943337355496
0.027619925036811333278
0.028381695494728510848
0.02876622517895856345
0.02934436329864989536
0.029499226923696074831
0.029889105435921951203
0.029808202295655411422
0.030008397455375617875
0.029688430262641895401
0.029700871910974970199
0.029141238522816287603
0.028971371553698686726
0.028173940102191882555
0.027830939481205819082
0.026799647958619197625
0.026296772928792321147
0.025036929529201912726
0.024392205504760608147
0.022909202024627505516
0.022146893211666131926
0.020443570612225088006
0.019597764584861017811
0.017668030578186619707
0.016793011759343199341
0.014601823588252216548
0.01381270184547698102
0.01119645224882929836
0.010990997944599125043
0.0041950058490751839195
-0.00059114663212303545268
0.00022927769527966806156
-0.000091826258879049897847
0.000023428144570093545407
0.0013452372218579003961
0.003129237316580061997
0.0048984179810637853699
0.0066621710955028522718
0.0083834361489887886164
0.010101203148951247452
0.011747617483603095974
0.01339668309258736984
0.01494284419266924432
0.016501404853542538501
0.017923407119903999622
0.019370959205217032713
0.020646635308718840799
0.021964336498448377306
0.023073512533065123992
0.024244503858025966676
0.025169239375908753815
0.02617893150585843774
0.026903732473657856525
0.027740057514842420925
0.028252054301577864057
0.028905683555181710555
0.029194767431493372792
0.029659296000614666338
0.029718207820074415281
0.029990308391666931153
0.029814672295016606568
0.029894223074924369261
0.02948251576143261703
0.029372712174213741316
0.028726153318088687203
0.02843362150884327034
0.027555960499479273008
0.027090907107674484794
0.02598805886945843631
0.025364526449039862116
0.024043957572385147656
0.023280336993122132888
0.021749973354002966013
0.020870142067133621552
0.019136195195744598386
0.018172327485002068932
0.016234145731696013122
0.015234880931488425395
0.013069050109293496654
0.012131446447779383551
0.0096134369060752997776
0.0091349886909006743106
0.0033287787455852401642
-0.00043280878380381024089
0.000141407125172367874
-0.000033552948479377439528
0.0013460180840339666692
0.0031265025564468360726
0.0049037922358013692127
0.0066536193021086186341
0.0083956243532623955843
0.01008497118059807708
0.011768263681011733336
0.013371280162403365182
0.014973324376424804349
0.016465544589936075457
0.0179649358467359322
0.019323485487869291902
0.02070032083801106147
0.021904180178782177072
0.023140392457693531741
0.024170652105708333546
0.025250308111881765629
0.02609040216784283255
0.026999966074127507669
0.027635874274184620987
0.028364436095696565891
0.028784848745590440941
0.029324317535525348175
0.029520757911296469171
0.029866020007010452791
0.029832919038595721181
0.029981963039859056875
0.029716680504918771946
0.029670692940362395362
0.029173477692698953447
0.028936917125054167309
0.028210795131406201228
0.027791459147763542213
0.02684203021129112011
0.026251142515550851933
0.025086249580454828732
0.024338621057404644316
0.022967817229341994842
0.022082196525142975433
0.020515837992341784179
0.019515728821512211352
0.017763245836456715426
0.016678966071818584876
0.014744919834601380399
0.013619600283838675857
0.011491867360833939352
0.010404743519483029199
0.0079975370975870571347
0.0072454503351808634709
0.0024506586448656880155
-0.00027225985112775709651
0.000054001778553949915898
0.001345371709231169071
0.0031287662854051551764
0.0048993437246841501419
0.0066606977966864838631
0.008385536317085981916
0.010098405544359475826
0.011751176884404754592
0.013392302185151926657
0.014948102720159482736
0.01649521542572078942
0.017930578483852007935
0.019362756635456023432
0.020655916996235724271
0.021953928773752650657
0.023085092563195344421
0.024231705572970466247
0.025183301882614880278
0.026163558442460176846
0.026920463174670605415
0.027721920933214158373
0.028271646637448863848
0.028884583423729104822
0.029217430192958588955
0.029635012243198609079
0.029744175353954212921
0.029962588817405436414
0.029844218965864191575
0.02986276583731238105
0.029515977483405274248
0.029337139021026923194
0.028763961200573613355
0.028393434911890310882
0.027598696231151299221
0.027045417634312342632
0.02603655153238085572
0.025312721349574150122
0.024099465665884591357
0.023220622242986519907
0.021814560030263985072
0.020799779819377105602
0.019213601980394702912
0.018086020579889859921
0.01633220674345528153
0.015120380949341955413
0.013208382615170762943
0.011950243401765243738
0.0098785671737679292995
0.0086363294776849944617
0.0063565671757089707658
0.0053279584227621909978
0.0015638809907433192249
-0.00011023469208696383656
0.0013458487977105616373
0.0031270954415289410495
0.0049026271004247916165
0.0066554733686232361476
0.008392981816811160479
0.010088490582613551737
0.011763786985137385034
0.013376788552609473115
0.014966714618597722069
0.01647332159627395546
0.017955928792725867627
0.019333782874352592698
0.020688674874889708852
0.021917231334726872241
0.023125880746389969259
0.024186678834177720067
0.025232712460179064618
0.026109620441714482707
0.026979071323381367798
0.027658499900086015327
0.028340024228828106395
0.028811103659455096914
0.029296160792319861764
0.029550877859720582169
0.029833872163705744682
0.029867163631199884822
0.029945547661478398214
0.029755347117763242754
0.029629686727446324464
0.029216921650568762469
0.028890925164465511824
0.028259460428128806853
0.027739976290577082354
0.026896498733914440798
0.026193489703719167207
0.025147324824746073074
0.024273833250553207556
0.023036677407663681648
0.022008808677913838567
0.020594343168431675462
0.019431321516207425309
0.017854634534347171099
0.016579051047265071573
0.014855686965237156609
0.013494243807736728958
0.011638369934362025294
0.010224056253568115636
0.0082439401572227174784
0.0068235585141981294517
0.0047046255913432790322
0.0033839844074216112971
0.00067282923751177777974
0.0013456584750235555595
0.0031277619814866384499
0.004901317289731376031
0.0066575574911704803283
0.008390011698150367839
0.010092445753990396101
0.011758756776992230795
0.013382976873252006725
0.014959290573571973321
0.016482054544859398958
0.017945817417548616471
0.019345339155211989493
0.02067560975028013584
0.021931867129500203998
0.023109614186392396754
0.024204634872037448427
0.025213009283171188609
0.026131127691953496517
0.026955703466378632375
0.027683784834651326275
0.028312765451184298595
0.028840393726263413827
0.029264780885906934275
0.029584407733021485185
0.029798130085624079129
0.029905182872645930124
0.029905182872645930124
0.029798130085624079129
0.029584407733021485185
0.029264780885906934275
0.028840393726263413827
0.028312765451184298595
0.027683784834651326275
0.026955703466378632375
0.026131127691953496517
0.025213009283171188609
0.024204634872037448427
0.023109614186392396754
0.021931867129500203998
0.02067560975028013584
0.019345339155211989493
0.017945817417548616471
0.016482054544859398958
0.014959290573571973321
0.013382976873252006725
0.011758756776992230795
0.010092445753990396101
0.008390011698150367839
0.0066575574911704803283
0.004901317289731376031
0.0031277619814866384499
0.0013456584750235555595
0.00052444444802486095452
0.0027612045353919853775
0.0067769021742250796773
0.01255805788912774843
0.020084086533456723734
0.029328073179320471578
0.040256935541787730053
0.05283155473275233874
0.067006918576966207378
0.082732283836632732519
0.099951358284765837833
0.11860250240312751986
0.13861895012500840316
0.15992904788641614895
0.18245651115237703785
0.20612069751021046505
0.23083689535708628081
0.25651662715095196111
0.28306796614061916485
0.31039586544195316538
0.33840249828259608725
0.36698760819749908626
0.39604886792181697016
0.42548224569652540976
0.45518237767554971726
0.48504294510133061698
0.51495705489866938302
0.54481762232445028274
0.57451775430347459024
0.60395113207818302984
0.63301239180250091374
0.66159750171740391275
0.68960413455804683462
0.71693203385938083515
0.74348337284904803889
0.76916310464291371919
0.79387930248978953495
0.81754348884762296215
0.84007095211358385105
0.86138104987499159684
0.88139749759687248014
0.90004864171523416217
0.91726771616336726748
0.93299308142303379262
0.94716844526724766126
0.95974306445821226995
0.97067192682067952842
0.97991591346654327627
0.98744194211087225157
0.99322309782577492032
0.99723879546460801462
0.99947555555197513905