0.013917141779043416621
-0.0051432556298349055395
0.0037356037491408501873
-0.0029003790513831500378
0.0022727421526499853767
-0.001752401162640827427
0.0013024891173182292718
-0.00090927965771164065106
0.00057013606228344431636
-0.00028987532497848203844
0.000082748893084583518997
0.030114239194824455685
0.031395092366226156159
-0.0081056269790798441151
0.0052628212735350150719
-0.0038374366816924275936
0.0028535467644774986021
-0.0020778329171463464953
0.0014326778128765731328
-0.00089146671198814540199
0.00045118493091606917174
-0.00012849893699665375382
0.026717983850266181145
0.068254280917154215809
0.046572552731933562857
-0.010289524815287214543
0.0061266732476695373287
-0.0041805375370486407358
0.0029106679541045777501
-0.0019557398750909794192
0.0011982165650735221605
-0.00060094794299504536647
0.00017037211719562096717
0.028526668906240403354
0.059956030735604888511
0.10136504115357059195
0.05829844114799761998
-0.011653692586671389205
0.0064383812978048333086
-0.0040916486527815450433
0.0026206189057208632392
-0.0015623710800670055165
0.00077153096001517674802
-0.00021706539084034528925
0.027352859999379614072
0.064623892430251743934
0.088802184934389126906
0.12693752709248472933
0.065701136127561665545
-0.012124061580422001153
0.0062192625742500190898
-0.0036306333838632411252
0.0020632403755468436333
-0.00099288627564583451117
0.00027589972989484811411
0.028191721061867195913
0.061477189063204497938
0.095998610902895761742
0.11109577431637016774
0.14307675230704277941
0.068231271694475157679
-0.011674480051919448323
0.0055011079796250722223
-0.0028535054390286360287
0.0013129956692478143795
-0.00035743750378036267116
0.027558383828191985127
0.063783071008098146829
0.09108186508832028208
0.12022751567985848108
0.125183009680873312
0.14858660496937231651
0.065701136127561665545
-0.01034064479648948937
0.0043429205294779988068
-0.001833707697799431617
0.00048142355870721916973
0.028051348948927178531
0.062018653772437135569
0.09470747654393413123
0.11397626339027437672
0.13549392090790487613
0.13002416209114548205
0.14305596484179472029
0.05829844114799761998
-0.0082199356897034662372
0.0028341539968474238063
-0.00069238534815357011261
0.027663911440891212274
0.063391132675447357684
0.091946888898793603553
0.11855262217108621938
0.12849160430101875334
0.14064308092599895609
0.12527559900745379376
0.1268864071112824545
0.046572552731933562857
-0.0054640961847019034921
0.0011162997078206520963
0.027962782495083486995
0.062338999801536243146
0.094036572175855271115
0.11516420448311866683
0.13348010517226967759
0.13360899662447281676
0.13523970893681575868
0.11133406102246022489
0.10125073244294696983
0.031395092366226156159
-0.0022799556367376224437
0.027751534665002249722
0.063080060057430794356
0.092574969401583681397
0.11750616195370688061
0.13009978313780510182
0.13821494455159114278
0.12912953010247334571
0.11949726134737839
0.089409501714726275526
0.067933440362287217857
0.013917141779043416621
0.027834283558086833241
0.062790184732452312317
0.093145105463867125713
0.11659688229599523996
0.13140227225512333109
0.13646254338895031536
0.13140227225512333109
0.11659688229599523996
0.093145105463867125713
0.062790184732452312317
0.027834283558086833241
0.010885670926971503598
0.056468700115952350462
0.13492399721297533795
0.24045193539659409204
0.36522842202382751383
0.5
0.63477157797617248617
0.75954806460340590796
0.86507600278702466205
0.94353129988404764954
0.9891143290730284964