0.001076535089541221921
-0.00040959123656855538824
0.00031391793713852368672
-0.00026431393494082348907
0.00023186295636283366703
-0.00020810520074636400292
0.00018947820901467836428
-0.00017417445507546659148
0.00016116413231765163939
-0.00014981189380934455302
0.00013970230331869418085
-0.00013055147133116479048
0.00012215862648076093106
-0.00011437787546950059819
0.00010710089212604141459
-0.00010024586029036279143
0.00009375016343513609567
-0.000087565407743413014359
0.000081653947619161010026
-0.00007598640701655780111
0.000070539877965119463926
-0.000065296590412879393885
0.00006024291722174660624
-0.000055368622463861271025
0.000050666290082751108645
-0.000046130889351302855042
0.000041759446917918469112
-0.000037550804801148503541
0.000033505450937193309177
-0.000029625414863586114945
0.000025914226736230647947
-0.000022376944099670546897
0.000019020259031935485297
-0.000015852710832310609169
0.000012885051016395254316
-0.000010130848439613080561
7.6075085220302780346e-6
-5.3380834130881837402e-6
3.3548063263039116913e-6
-1.7071977227106531749e-6
4.8746989367602769157e-7
0.0023294469943826439393
0.0024999846934764863346
-0.00068091569923091101174
0.00047925088655565582846
-0.00039098797538912110903
0.0003381913811652650409
-0.00030138573648773449088
0.00027330882299917270409
-0.00025059362535108613392
0.00023144578006766331733
-0.00021481207961882887938
0.00020002928644329349704
-0.00018665701877157651828
0.00017439069511878088473
-0.00016301284238593905745
0.0001523642554880937842
-0.00014232609141015951557
0.00013280830636837833235
-0.00012374193703580493605
0.00011507380019912983685
-0.00010676276423377069554
0.00009877707193659346322
-0.000091092385063046155765
0.000083690336366918006395
-0.000076557446976583431371
0.000069684313224897259369
-0.000063064997702566666411
0.000056696580342888936744
-0.000050578840510055706276
0.000044714052850785122029
-0.000039106889977236050305
0.000033764435677800337897
-0.000028696325574396135848
0.000023915051661461569746
-0.00001943650015195970788
0.000015280854278408502021
-0.000011474123850770267736
8.0508694971932192227e-6
-5.0595287725472341063e-6
2.5746386867656641642e-6
-7.3514780233600225732e-7
0.0020666668540563438326
0.0054351973900940778484
0.0039112346019546471327
-0.00093607364248156854127
0.00062299135835081366226
-0.00049382000714132326881
0.00042007056288395726874
-0.00037041664198423055833
0.0003334861610502336991
-0.00030414808831140318421
0.00027973878366263707027
-0.00025873254429277291613
0.00024018968011516062236
-0.00022349851367572105987
0.00020824336700267684077
-0.00019413201436440545013
0.00018095343782781827307
-0.00016855202128931394975
0.00015681113921335365307
-0.00014564235722995348962
0.00013497811501584104208
-0.00012476664313632045234
0.00011496835608145446609
-0.00010555324740821139347
0.000096498982636253881344
-0.000087789490350108706905
0.000079413918687947600184
-0.000071365868308407046536
0.000063642843045556559893
-0.000056245881418668432485
0.000049179349814784654484
-0.000042450894659447029604
0.000036071569638774704561
-0.000030056180029092252864
0.000024423928668024447304
-0.000019199527004223861609
0.000014415098700172435494
-0.000010113588213826934872
6.3554413426029963974e-6
-3.2339518783278112335e-6
9.2338279250141421085e-7
0.002206754887376373526
0.0047739203704704289885
0.008513227692154385138
0.0053002658421948882689
-0.001182540833116089153
0.00075744072811315095756
-0.00058660610822936528815
0.00049144280673774629107
-0.0004287382656997011785
0.00038293620695280409735
-0.00034708247138532117008
0.00031760294783150793962
-0.00029247166774490169515
0.00027045387945320105697
-0.00025075409825149065043
0.00023283708211910061188
-0.00021633007899792721682
0.00020096629187274689433
-0.00018655058763906650762
0.00017293784809986215215
-0.00016001882880672308853
0.00014771064883328842097
-0.00013595023344795435454
0.0001246896964244702518
-0.00011389303159588174581
0.00010353371141783517019
-0.000093592930672695947393
0.000084058322596916698313
-0.000074923033424273224125
0.000066185081938765172823
-0.000057846960955782692966
0.00004991546335453521772
-0.000042401741550646884492
0.000035321642722994695322
-0.000028696414005723791233
0.000022553965939949389581
-0.000016931076146062088132
0.000011877368008052429997
-7.4631381424181259423e-6
3.7973662286767467553e-6
-1.0842162027683626492e-6
0.0021155856389062709831
0.0051467583421454792099
0.0074565472069000906107
0.011541784800874420819
0.0066589748017776113669
-0.001420865937883066099
0.00088507364640711073002
-0.0006727418779909907047
0.00055613819455349783959
-0.00048035210198908761108
0.00042568485414807799706
-0.00038336387331859679097
0.00034889959850456213469
-0.00031975903046105362037
0.00029440611743078004744
-0.00027185640682974429134
0.00025145100227147623733
-0.00023273344176663495637
0.00021537868870594396839
-0.00019915019426607534264
0.00018387288088578114829
-0.00016941555919486863153
0.00015567914926330903661
-0.00014258859344654726431
0.00013008718790971190066
-0.00011813254298524146449
0.00010669367008798865856
-0.000095748869762353044057
0.000085284207939874912401
-0.000075292442061577998122
0.000065772311234855082854
-0.000056728145497415887968
0.000048169786815837231019
-0.000040112857584385475191
0.000032579474840457100857
-0.000025599617648384073123
0.000019213576608573084262
-0.000013476429516540249163
8.4668938545397469072e-6
-4.3077402831321212875e-6
1.2298814925329380853e-6
0.0021811460064881484096
0.0048940144188631832805
0.0080645185913003098574
0.010097416127358959678
0.014503668973625173969
0.0079795529329248204468
-0.0016503529142870209791
0.0010063330746142658847
-0.00075323745442862122466
0.00061548842016018412761
-0.00052677344721807518916
0.00046334633335676351299
-0.00041465139103978144904
0.00037529740395159847196
-0.00034224952554039743847
0.00031367195846844023428
-0.0002883912986102394305
0.0002656243952828394917
-0.00024483027594933990897
0.00022562484916829854846
-0.00020772939991542799644
0.00019093823517660984505
-0.00017509766609587849145
0.00016009195863905596402
-0.0001458337119942521654
0.00013225713556058305169
-0.0001193132771788337004
0.00010696660169806580099
-0.000095192532358141787022
0.000083975703873464776324
-0.000073308767702870147843
0.000063191656555113269636
-0.000053631270601584375274
0.000044641604858876006511
-0.000036244412711146003295
0.000028470626147933149956
-0.000021363002449969089759
0.00001498104170526804427
-9.4107846631651027442e-6
4.7874739500303599091e-6
-1.3667700338281807876e-6
0.0021310288476473910743
0.0050813855082212055413
0.0076449331841732525122
0.010936497118797711468
0.012681099615605116425
0.017382108645090431154
0.0092544291758769971088
-0.0018699768107029088511
0.0011210501421598063479
-0.00082832967682153422366
0.00066996992085946522244
-0.00056863000982459275429
0.0004966451278075053704
-0.00044173020518231120375
0.00039761741556443231487
-0.0003607825724408960931
0.00032909664513095108362
-0.00030120074122172791295
0.00027618930121652852896
-0.00025343780550842652003
0.00023250358439536048581
-0.00021306596607396958225
0.00019488871044741201857
-0.00017779563128906467577
0.00016165432273779376203
-0.00014636503424508915061
0.00013185291633417374535
-0.00011806253738239624398
0.00010495397574240349137
-0.000092500041250314666569
0.000080684341228613064354
-0.000069500016693178175908
0.000058949059121888255749
-0.000049042196119387067269
0.000039799427366859145142
-0.000031251436934137573514
0.000023442386115315707199
-0.000016435224697001060907
0.000010322377869729236815
-5.2505618608343763997e-6
1.4988725167226503481e-6
0.0021709681902205724212
0.0049347490369800701301
0.0079607610200428683823
0.010351896400886912966
0.01374555970704709907
0.015192605387854366096
0.020160736394490956793
0.010476298798977422357
-0.0020786253214952802323
0.0012288381473537752708
-0.00089795632786777884012
0.00071971119360652214443
-0.00060617464950266307621
0.00052591876192827049137
-0.00046499630204441213049
0.00041629578798277512201
-0.00037582126847563996323
0.0003411604284580357514
-0.00031077477213269613684
0.00028363993128009128002
-0.00025905010228150105413
0.00023650549477981823778
-0.00021564444371337165009
0.00019620082105395796546
-0.00017797641834151729225
0.00016082252912991600475
-0.00014462737742198185855
0.00012930737662254804433
-0.00011480097414528674163
0.00010106429719877585952
-0.000088068101449873751442
0.000075795711652839820085
-0.000064241776982138344301
0.000053411774983295993045
-0.00004332231633758267326
0.000034002471275149685483
-0.000025496648483125464795
0.000017870251699309506639
-0.000011221212146396436571
5.7069070140677061638e-6
-1.6290103788370745898e-6
0.0021381624262740431
0.0050537992118595603391
0.0077103945823295801779
0.010795788183389952882
0.012999745561157258768
0.016475553230221318241
0.017617422138631459904
0.022823709186407412207
0.011638162092253585515
-0.0022751847240435134332
0.0013292330602255619072
-0.00096193098488911093488
0.00076468613361436075515
-0.00063948646715768281861
0.0005513197679047680986
-0.00048465506225022724527
0.00043157644375101696725
-0.00038763767621125875699
0.0003501557156717598178
-0.00031742017616429587298
0.00028829281096598600794
-0.0002619897914399471233
0.00023795642851750132854
-0.00021579162787893920212
0.00019520051620498234351
-0.0001759637383747506005
0.0001579170018461661814
-0.00014093713656426179524
0.00012493243021940141366
-0.00010983585851909532623
0.000095600345726530406719
-0.000082195514417806108695
0.000069605601028567833471
-0.000057828379232672308928
0.000046875089752463113033
-0.000036771576064420444071
0.000027561172809851118254
-0.000019310652370107279578
0.000012122564559562091505
-6.1642357381118539617e-6
1.7593822888642191265e-6
0.0021657359417133067679
0.0049545288476805338444
0.0079158926360009700837
0.010441134390366770568
0.013569152086278980844
0.015573400831994163608
0.019110876686036266687
0.019941578354469491653
0.025355819398405190615
0.012733363573654373695
-0.0024585782615068722047
0.0014217533812642042301
-0.0010200184673367070159
0.0008047992195812262073
-0.00066856125992680163891
0.00057290824510482705204
-0.00050081376164921854115
0.00044360207415602533099
-0.00039640138666782815761
0.00035627260494222995036
-0.00032134263756233820017
0.00029036535555179551211
-0.00026248296478462947045
0.00023708871988885095317
-0.00021374415715063075209
0.00019212721008697462591
-0.00017199860368356554059
0.00015317948899424120978
-0.00013553623206683074696
0.00011896990801109748002
-0.00010340899678718615487
0.000088804348008827009721
-0.000075125846718916561793
0.000062360468886572157028
-0.000050511632569735701573
0.000039599997713410051982
-0.000029666261332586363456
0.000020777324379770739621
-0.000013039398986414877175
6.629086799423497214e-6
-1.8918462023529763039e-6
0.0021421368787768537743
0.0050390099047928283522
0.007742929115579544927
0.010734268153954014147
0.01311187945218513591
0.016264683775665382608
0.018058120052751220074
0.021636481864155121131
0.022151706117123869089
0.027742593196991490764
0.01375562981064468547
-0.0026277868984935033091
0.0015059295002628920395
-0.0010719715596504241155
0.00083992737974810459543
-0.00069335658190312231652
0.0005906986053726546754
-0.00051352888706809191502
0.00045246122575459008607
-0.0004022258143220671862
0.00035964400156730532585
-0.00032269041756483473565
0.00029001794173246931929
-0.00026069954622547904329
0.00023407979743930960896
-0.00020968534992434196741
0.00018716885988117104184
-0.00016627268441170343902
0.00014680475628787115785
-0.00012862222043893017307
0.0001116201929063272765
-0.00009572403234195399245
0.000080884142344384477861
-0.000067072737355403820045
0.000054282321622574764354
-0.000042525947585465443681
0.000031839775364458419218
-0.000022289366277613336224
0.000013983509104640745063
-7.1073900430864467836e-6
2.0280841214766676919e-6
0.0021626315256820306897
0.004965948938342224603
0.0078913144610552982029
0.010486009063551549282
0.013491620744151814455
0.015707573780490286969
0.018866862874354881934
0.020439647361094753216
0.024037942564867106169
0.024235107778426125932
0.029970379629818903716
0.014699105237467986248
-0.0027818624650127243986
0.0015813199102412543605
-0.0011175507266154133283
0.00086994243714090963184
-0.00071381606165463156484
0.00060468502695211874292
-0.00052283214366558143138
0.00045821441660591300016
-0.00040519409136140311195
0.00036037104905335510899
-0.00032157915056357154795
0.00028737795064981526782
-0.00025677650498775622179
0.0002290745235079288189
-0.00020376665337962016578
0.00018048253088401652991
-0.00015894801916892747126
0.00013895949682600888477
-0.00012036648634035017281
0.00010305981680899028543
-0.000086963628352609602078
0.000072030219408471580809
-0.00005823722374166737025
0.000045587031544605707693
-0.000034108911144765221823
0.000023865298152211483884
-0.00001496627407370196648
7.6048470913265623147e-6
-2.1697102053240528491e-6
0.0021446176280983435445
0.0050299621960077869704
0.0077620877344355539275
0.010700167830819414991
0.013168620895052437056
0.016171771421194375319
0.018213444208819142705
0.021360767629046570092
0.022704314891536310999
0.026301535223968831779
0.026179822722957889577
0.032026432326596419388
0.015558385645241579118
-0.0029199370272378329276
0.0016475211118981738472
-0.0011565356024267729019
0.00089472402977191390621
-0.00072988339748340611829
0.00061485616824978871231
-0.00052874558094663358402
0.00046090942722936488279
-0.00040537433080711906456
0.00035853821827478561224
-0.00031810665192065181765
0.00028255421903761400721
-0.00025083190169354056593
0.00022219881036145250624
-0.00019612082662627016487
0.00017220716576839051509
-0.00015016941438045102994
0.00012979443548858713924
-0.00011092616931230149063
0.000093453389485640137099
-0.000077301677370848531659
0.000062428657920036023657
-0.000048822150838205216559
0.000036501562862010618257
-0.00002552398455129919889
0.000015999223541722693664
-8.1272138364561241367e-6
2.3183506597178419482e-6
0.0021606110693082130425
0.0049732692762784498566
0.0078760045862695991085
0.010512742043730270087
0.013448351105347931435
0.015775702828652246774
0.018759215004406928169
0.020615171286793282668
0.023732117721881802175
0.024839126924192622526
0.028414318664667943297
0.027974692217842920892
0.033898984579253273241
0.016328549113381852609
-0.0030412301121238957304
0.0017041741809266808506
-0.001188732155446453678
0.0009141674905982220365
-0.00074151083681043955964
0.00062120408316452360934
-0.0005312907863621681475
0.00046059063682500604308
-0.00040282899531139054362
0.00035422262357476150928
-0.00031236211879414517128
0.00027564608291274810087
-0.00024297375255487413872
0.00021356830197039124515
-0.0001868704581483238631
0.00016247198061305697143
-0.00014007279388436969211
0.00011945275185483338116
-0.00010045284665302645755
0.000082962834297354985252
-0.000066913562432456966165
0.000052273208989847705653
-0.000039047517732219518591
0.000027285428296106646226
-0.000017094516578795350524
8.6805375079847422275e-6
-2.4757104093112448351e-6
0.0021462900191497353102
0.0050239344088102095887
0.0077745727122548918005
0.010678688049348010232
0.013202664588378008401
0.016119703844370143169
0.018292470092134157643
0.021239065544796532299
0.022899006964548460765
0.025967341165874028165
0.026831835630675671933
0.030364209758153206304
0.029609421030064803147
0.035577318007709855731
0.017005184190219191684
-0.0031450545295642550966
0.0017509693954701210735
-0.0012139773980377556854
0.00092818887232482233044
-0.00074866451716040165882
0.00062372981560594601804
-0.00053049465759705626979
0.00045730490245909976005
-0.00039762082389474846161
0.00034749995159274527485
-0.00030443203038225959333
0.00026674923412628965635
-0.00023330584411645899745
0.00020329416858100012946
-0.00017613378652119683146
0.00015140239116531606002
-0.00012879135740990162369
0.0001080766690939735846
-0.000089099865278532626479
0.000071755969367816525436
-0.000055986844964421561486
0.000041779639236940978485
-0.000029171540158954927336
0.000018265398549917724933
-9.2713802559826453129e-6
2.6436355774864323882e-6
0.0021592073286681030788
0.0049783076880456627153
0.0078656492497184660346
0.010530350309447264161
0.013420897864660471314
0.015816766073818950286
0.018698733120694308144
0.020704580303937958869
0.02359709084768675404
0.025051868369528755314
0.028053646523739777901
0.02867101111566191717
0.032140053939134795623
0.031074634916758034203
0.037051824754817399923
0.01758441515520437437
-0.0032308211513557855488
0.0017876496229345569243
-0.0012321425937151885924
0.00093672824680039028353
-0.00075132791447912242208
0.00062244698719320783901
-0.00052639310003140594237
0.0004511053341752158179
-0.00038981665777385114141
0.00033844831999389409093
-0.00029440403359224265444
0.00025595964170693637403
-0.00022193171761657439808
0.000191487206059810794
-0.00016402900095435203492
0.00013912465082498163658
-0.00011646076889615203057
0.000095813528849357329238
-0.000077029848948095193037
0.000060016372716856516266
-0.000044735160087244352541
0.000031206963057921316718
-0.000019526682537615395054
9.90705206286626087e-6
-2.8241781520793393847e-6
0.0021474827481999675775
0.0050196679167019497371
0.0077832866585506057782
0.010664010161888100008
0.013225251108668481283
0.016086506811855478333
0.018340247690595884114
0.021170569829728711344
0.022998254224864062602
0.025819773178713950024
0.027061419315902512807
0.02997909412840303069
0.030346106400603425499
0.03373169008971743257
0.032361933347075512066
0.038314063039097970574
0.018062924215255768349
-0.0032980428273198007718
0.0018140128342416770172
-0.0012431354719195995381
0.0009397518927832953326
-0.00074950408383270866286
0.00061738410886200552601
-0.00051903340619076870895
0.00044205373452349522313
-0.00037948993546239952452
0.00032715083186452994471
-0.00028236957300537480313
0.0002433762912964206738
-0.00020895757654435839304
0.00017826100587890017031
-0.00015067782117164571346
0.000125770070283882284
-0.00010322437914802154107
0.000082822607398626648037
-0.000064424110426162842861
0.000047957202056644666673
-0.000033420023127917851191
0.000020895296655320241529
-0.000010595872702131369502
3.0196682708156760868e-6
0.0021581828477479551894
0.0049819620507895415557
0.007858224033740094701
0.01054276096760440644
0.01340200257043045154
0.015844149400242258279
0.018660037730543499782
0.02075875312979094007
0.023521003505755997527
0.025160373121513399996
0.027894377343761786481
0.028916143924096796461
0.031732663770076522205
0.031847517326166201215
0.03513000946288696115
0.033463936970324354422
0.039356805852129927932
0.018437970506805867485
-0.003346337531267927201
0.0018299139474978197137
-0.0012469017357524403081
0.00093725371977377278357
-0.00074321708505593505443
0.00060858603981183376983
-0.00050847576080834388429
0.00043022215877480462509
-0.00036672232151044185787
0.0003136972967809273549
-0.00026842574485468771057
0.00022910323768932539561
-0.00019449464073917663376
0.00016373477050756116607
-0.00013620902270558148792
0.00011147964604928987697
-0.000089239598085789125735
0.000069284320507206482403
-0.000051496657423928032547
0.00003584388740552117815
-0.000022390941207942940353
0.000011347483164264965197
-3.2327996684833072464e-6
0.0021483713266183827589
0.0050165057764415112615
0.0077896840513117015492
0.010653386030865701422
0.013241284710692924951
0.016063537028995797222
0.018372229342078289835
0.021126633988028813467
0.023058486980280171394
0.025736541307171904155
0.027178563084224438819
0.029809019156047356784
0.030605413944237663582
0.033304317635497096074
0.03316663713779804339
0.036327008367634786336
0.034374329448610751885
0.040174082583136130018
0.018707405794055387973
-0.0033754307850133351471
0.0018352661157774449039
-0.0012434260279809851709
0.00092925613197178668387
-0.00073251282648554418675
0.00059611484846398609268
-0.00049479414236733059466
0.00041569387990067289987
-0.00035160476586905825514
0.00029818543147492492966
-0.00025267671147709671643
0.00021325134488634789096
-0.00017866138465630960189
0.00014803631868938516876
-0.00012076263547981820067
0.000096410148358822410909
-0.00007468705765112785935
0.000055414606574470566167
-0.000038518027914463061887
0.00002403690909289612954
-0.000012173230797305238348
3.4667347787016944984e-6
0.0021574052819627819391
0.004984723625718244424
0.0078526573800012107492
0.010551955543189104869
0.013388228254246545212
0.015863694349560952234
0.018633154120399246167
0.020795122982338262648
0.023472097834910452607
0.025226312525455536918
0.027804474313647899415
0.029041270690403416754
0.031552731238068399783
0.032119550279979402166
0.034685057799718517981
0.034295905466592180357
0.0373158343634257283
0.035087893347557478804
0.040761213369127373527
0.018869686773178956007
-0.0033851573856593542543
0.0018300415260452821144
-0.0012327324539055905439
0.00091581045569584686457
-0.00071745946967905872911
0.000580050234350953822
-0.00047807679442711913069
0.00039856394676624078612
-0.00033423820147049340516
0.00028072177552524378737
-0.00023523495545106075687
0.00019594006439416635291
-0.00016158612996309637855
0.00013130595439639907626
-0.00010449584651421189687
0.00008074335164252048939
-0.000059785514898488058406
0.000041490127311086656338
-0.000025861140021578238669
0.000013086659618479058323
-3.725237819356936999e-6
0.0021490573319208758901
0.0050140735358508048838
0.007794571597032373309
0.010645350302829004221
0.013253248039845903887
0.016046698230613309854
0.018395156113622004775
0.021096008236492470464
0.023099024509678946649
0.025682949813589296273
0.027249837083916503524
0.029712944523098246423
0.030737831816442046425
0.033115524612120107796
0.033449878765899847583
0.035866977795748133353
0.035228851423999506512
0.03809082573472984647
0.035600539838828089102
0.041114835995976507548
0.01892388391182459308
-0.0033754624496185955348
0.0018142717492826868436
-0.0012148847211181115003
0.00089699700651203018664
-0.00069814748533938461203
0.00056048961453853578479
-0.00045842638535640257816
0.00037893947404111181031
-0.00031473404816227392714
0.00026142253737286741637
-0.00021622266628054888249
0.00017729967482822438115
-0.00014341063853762574968
0.0001137022381319894426
-0.000087592364763668960537
0.000064701563709318846826
-0.000044818618439227682706
0.000027897606876920956388
-0.00001410414889783221452
4.0128471615679519402e-6
0.002156795416901800779
0.0049868827273344936109
0.0078483303439308725041
0.010559041557078689882
0.013377735118453710792
0.015878362514207120404
0.018613354198268206114
0.020821291643558445638
0.023437910314470267409
0.025270787082914581038
0.027746494576740431697
0.029117488699410728708
0.031451009491953651641
0.032258534279997464432
0.034488445174865502498
0.034588780076057794919
0.036843307900190595427
0.035960130557915888105
0.03864754404201636649
0.035909332020312629899
0.041232925209308540414
0.018869686773178956007
-0.003346401781016597581
0.0017880476660542561652
-0.0011899859329141916015
0.00087292484381656838343
-0.00067468941928013461331
0.00053754794678430305178
-0.00043595994758524154673
0.00035693978453255574201
-0.00029321469235852847482
0.00024041462185321047245
-0.00019577365040328157656
0.00015747461561658206652
-0.00012429576864525194965
0.000095411516288688659817
-0.000070278650691322477728
0.000048576141200671669227
-0.000030188176091916483742
0.000015245761234728245204
-4.3351028803380971398e-6
0.0021496034443037421475
0.0050121426177502779076
0.0077984322948163981359
0.0106390497123042396
0.013262534996980752168
0.016033792923500768753
0.018412448203395171807
0.021073360233434662915
0.023128287865817785862
0.025645388531965056992
0.027298008276403023049
0.029650887186413069212
0.030818585859008233306
0.033008702992632763473
0.033594674500537710468
0.035663624452776079335
0.035529733582047550605
0.037608453840097279156
0.036485555456138989262
0.038982799574338897185
0.036012501707871741256
0.041114804331371247161
0.018707405794055387973
-0.0032981415695243950483
0.0017515189819007848127
-0.0011581780572260375949
0.0008437312426403399777
-0.00064721940873339085582
0.00051135734624549465417
-0.00041080868111138428795
0.00033269653706493212148
-0.000269814159863156764
0.00021783720422699963606
-0.00017403639007396875214
0.00013662900967570438246
-0.00010443116314615632851
0.000076664892862297782897
-0.000052854346475924884249
0.00003278515259759271625
-0.000016536389488538592289
4.6988524640610830869e-6
0.0021563029787509271492
0.0049886219037887077041
0.0078448601451172372058
0.01056468779698425536
0.013369446260979150766
0.015889821545342434411
0.018598097949839783343
0.020841117951905554838
0.023412533207212752518
0.025302992376801186225
0.027705754262028547574
0.0291691072372466471
0.031385197035337845946
0.032343400929982777863
0.034377090701948825226
0.034738608151633944116
0.036634324191319880582
0.0362673549737999012
0.038158028673166711
0.03680211982658413923
0.039094669559401626468
0.0359094595988600923
0.040761149119378703147
0.018437970506805867485
-0.0032309574216183912334
0.0017048933400843943193
-0.0011196410824485777823
0.00080958090059750400333
-0.00061589247959336396936
0.00048206655083917603488
-0.00038311772247241554095
0.00030635402579534739431
-0.00024467932124882649705
0.00019384446816390464466
-0.0001511793787895055642
0.0001149564656073826149
-0.000084052966875228806368
0.000057770716785370098328
-0.000035754829830800435541
0.000018007336163431113502
-5.1126686655113474304e-6
0.0021500505108116281659
0.0050105652596551040388
0.0078015739072539740239
0.010633951707517694389
0.013269992401498578067
0.016023529976275803736
0.01842603574435536757
0.021055821977102866256
0.023150554114223288746
0.025617404968480393104
0.02733299861541047077
0.029607168051480330889
0.030873394999186737562
0.032939467799769080021
0.033683217548573853423
0.035548320245871148265
0.035683794695988041475
0.037394974419802503679
0.03679742747924877042
0.038488877630190620676
0.036908015930865890827
0.038982509018277511552
0.035600798753869098928
0.040173983840931535741
0.018062924215255768349
-0.003145232728689221833
0.0016484350333628713018
-0.001074591862953727352
0.00077066488987973273728
-0.00058088365346705819456
0.00044984030538685813268
-0.00035304603140520263358
0.00027806995964310842872
-0.00021797223177386662979
0.00016861066115811010391
-0.00012740094600583743926
0.000092698494886741451239
-0.000063478477498323469843
0.000039182545358688487173
-0.000019698529748977067875
5.5874308824762645474e-6
0.0021558943572345231814
0.0049900623348901064084
0.0078419958864469096605
0.010569324721331855221
0.013362684763642467086
0.015899089493132784377
0.018585888200702089411
0.020856784069105487385
0.023392784953403323061
0.025327602496483765754
0.027675288622243722975
0.029206723268876161702
0.031338703008099732634
0.032401138585056768844
0.034304772414030626022
0.03483038199041485465
0.03651566508828538784
0.036424835679436519152
0.037941204688142181888
0.037116926559164704175
0.038599095738128308581
0.03680264529955752173
0.038646954181825964538
0.035088291390677178045
0.039356669581867322247
0.01758441515520437437
-0.003041456374379016555
0.0015824633100056710152
-0.0010232826486516373871
0.00072719935927405532539
-0.00054238690245040696103
0.00041485877777999207701
-0.00032076666317958300975
0.0002480172940168858455
-0.00018987476894031392673
0.00014233979203069060708
-0.00010294826110524857995
0.00007018137494251237669
-0.000043180045809171769155
0.000021661698907309953909
-6.137149585659236815e-6
0.0021504265435049574096
0.0050092407672089553146
0.0078042038053593765405
0.010629703224548731465
0.013276169964318281755
0.016015092710814062455
0.018437102382386177692
0.021041697463233377341
0.023168247515413197446
0.025595518504718649014
0.02735985723012405488
0.029574344261457169327
0.030913477121902158106
0.032890404070880164216
0.033743619146312093711
0.035473262340791008334
0.035778348478918791423
0.037273561837506483431
0.036957506685651676186
0.038269868203954968283
0.037224038008043240141
0.038488038063518313672
0.036486622715785953615
0.038089918411649490655
0.034374879035041415625
0.038313884839973003837
0.017005184190219191684
-0.0029202197809461505125
0.0015073502604183550887
-0.00096599928321723380882
0.0006794239906136990071
-0.0005006140185652807744
0.00037731721995871026562
-0.00028646794684168758394
0.00021638825961983657432
-0.00016059797852050227528
0.00011528501517721433304
-0.000078156364958233694202
0.000047896491654402464887
-0.000023965021857236919486
6.7801599327085318314e-6
0.0021555458894917550868
0.004991288849444987927
0.0078395637204880896159
0.010573246256093669892
0.013356997121287442252
0.015906832656859793188
0.018575771914186451184
0.020869634763657489729
0.023376777031160197488
0.025347274395453914009
0.027651332415173740632
0.029235738494322915524
0.031303641748631482099
0.032443529924793313973
0.034253342132993257506
0.03489318422749600064
0.036438210549305681869
0.03652171839003697346
0.037817640583422166489
0.037278782909532905971
0.038379058610011354307
0.037118169463193388404
0.038156322424921215505
0.035961773523013512933
0.037314580585957990376
0.03346465612948206789
0.037051598492562279098
0.016328549113381852609
-0.0027822132887701150053
0.0014235182570930516033
-0.00090305904337857235675
0.00062760022311612486493
-0.00045579353737463114429
0.00033742631116156204623
-0.00025035665265293395145
0.0001834030371973941196
-0.00013040150179270870121
0.00008778964065950645035
-0.000053535382360304843135
0.000026700110674522812689
-7.5408902257692004736e-6
0.0021507518284227260001
0.0050080966007894287934
0.0078064699803675715717
0.010626055668941075737
0.013281448040693212116
0.01600792801668784611
0.018446429693833958194
0.021029899275325693246
0.023182870795021530893
0.025577653316621048881
0.027381465185800783801
0.029548379889316423526
0.030944564124714767721
0.032853219053389975383
0.033788169570076930862
0.035419662212102289307
0.035843294211473922691
0.037194047665532386787
0.037056273369835990333
0.038144747877165031078
0.037386858396419821277
0.038268119127304545598
0.036799955419860987233
0.037605824411095141088
0.035231124400739622792
0.036325365912835521643
0.032362847268540209521
0.035577035254001538146
0.015558385645241579118
-0.002628221851660446892
0.0013314368983314813631
-0.00083480807666008438864
0.00057200929297086003129
-0.00040817003109172537688
0.00029541414293485151215
-0.00021266555534473442587
0.00014932870850278567796
-0.000099636146429638452962
0.000060381469473740337932
-0.000029992809054814301175
8.4525509841002975337e-6
0.0021552398892877678949
0.0049923645398616461069
0.0078374354779829962319
0.010576666386237565054
0.013352058514699987956
0.015913518834305035186
0.018567095575495661588
0.020880567378546373134
0.023363287812859780632
0.025363667330499757105
0.027631626107629721113
0.029259250978109963611
0.031275719309652085707
0.032476615695879688688
0.034214135033818003534
0.034939755786900819922
0.03638262493549929292
0.036588563062961919702
0.037736390738674347494
0.037379002497304556905
0.038252961915010589271
0.037281159129751999013
0.037937643731776357377
0.036271255986659616227
0.036839664492166168263
0.034298887873267839109
0.035127919107053796696
0.031075778316522450858
0.033898633755495882634
0.014699105237467986248
-0.002459120008529532776
0.0012316193688826214586
-0.0007616183803599351387
0.00051295023686009149847
-0.00035800452260088771682
0.00025153208535935392448
-0.00017367114059659172137
0.00011452262083822725548
-0.000068845257146003937529
0.00003402044861074806621
-9.5613465995868477352e-6
0.0021510420949609671743
0.005007076776996059116
0.0078084856948046535204
0.010622821050667389874
0.013286109828190764315
0.016001631813435106337
0.018454576030131419453
0.021019670335310248535
0.023195440042162786553
0.025562451179650701383
0.027399639428383043664
0.029526832695374902669
0.030969966534195287078
0.032823370911175408657
0.033823199520557212326
0.035378515660333090708
0.035891768633072227089
0.037136640559837214013
0.037124793646378306626
0.038062063963922746749
0.037488123822081880834
0.0381415993606799792
0.03696235036235618586
0.037389469900679826885
0.035535149825138882023
0.035862186892311871057
0.033170441000690278772
0.033729069786414129334
0.029610841790220266196
0.032025997373429475805
0.01375562981064468547
-0.0022758660496827433734
0.0011246180673833019413
-0.00068388426620027641663
0.00045073829900277414349
-0.00030557790981574171451
0.00020607015137008682366
-0.00013373646956423760878
0.000079540088329749338366
-0.000039040517839855682979
0.000010933300305590067669
0.0021549620252847968183
0.004993340300153549172
0.0078355086028957091426
0.010579754360010005798
0.013347615864887809097
0.015919505868136230842
0.018559369984323729919
0.020890237129068272558
0.023351450031226087592
0.025377922799299920381
0.027614668618076557095
0.029279240566924875016
0.031252307522549988983
0.032503918737769464008
0.034182366984121948908
0.034976703100321774115
0.03633959258766216745
0.036638852293722884016
0.037677294552895405416
0.037449008190806116502
0.03816911046121152436
0.037383100941415682063
0.037811212974778604103
0.036432338939455709639
0.036626662192160755239
0.034595922065303921689
0.034678929640365185007
0.031852299007182479011
0.032136789757819865252
0.027976457093671768265
0.029969837882796243145
0.012733363573654373695
-0.0020794952138980195849
0.0010110192434853530613
-0.00060201833428227246907
0.00038570503385547728541
-0.00025120248272375810979
0.00015939729402300596993
-0.00009342343209167581827
0.000045440539272438824865
-0.000012665762630862925921
0.0021513107967935796229
0.0050061336226910845232
0.0078103466393497321739
0.010619842336759883817
0.013290388430745371616
0.015995877441914061338
0.018461983262001531105
0.021010425977187517024
0.023206718583478603197
0.025548922661726553499
0.027415659275562840533
0.029508046333455067822
0.030991838860263756822
0.032798035363327967013
0.033852451378592217186
0.035344794048783499341
0.035930647914306554355
0.037091732641490674172
0.037176855159593274617
0.038001363337797859137
0.037559475012683200151
0.038056793722522207887
0.037064655872439016128
0.037263578689822993727
0.035694271986760519731
0.035653485372658975986
0.033459048612533615269
0.033296584693921388037
0.030352085156868797481
0.03036014145982508343
0.026182026561063809033
0.027741911871352260824
0.011638162092253585515
-0.001871111588452567492
0.00089143621312253431372
-0.00051644736437167734767
0.00031820404239796396589
-0.0001952564990001763437
0.00011207462157971408754
-0.00005382982490658766981
0.000014907752808400742026
0.0021546991894612809166
0.0049942624799389049631
0.007833690416055690702
0.010582661432690467031
0.013343446252038348199
0.015925103394574491208
0.018552180668091576891
0.020899185822971548722
0.023340565961489309375
0.025390931435655907571
0.027599327722739244692
0.029297146177737196636
0.031231572264628444977
0.032527790850141157174
0.034154995757860365226
0.035008007781278832736
0.03630382484885305399
0.036679740192557777004
0.037630456031824147596
0.037502868051578093776
0.038106817925930687214
0.037455733615077820734
0.037725586360243472082
0.036534780585153699218
0.036501669698987176661
0.034752534522425973619
0.034475364682482795498
0.032131179464835434727
0.031722945939985821312
0.028678499281329450351
0.02840921594915714978
0.02423788899995497212
0.025354949506002451263
0.010476298798977422357
-0.001651878042736962575
0.00076650047799527479729
-0.00042761010349187633618
0.00024863528350286357226
-0.0001382918161335741169
0.000065220349972902539102
-0.000017898011138128579148
0.0021515713065657211917
0.0050052199488138070456
0.0078121468260395650286
0.010616966909086777599
0.013294507217439907027
0.015990357302783778467
0.018469058924387135072
0.021001639794074231782
0.023217375125385282775
0.025536227164001925566
0.027430575280060757876
0.029490710516186287162
0.031011817314740754744
0.032775160764146101462
0.033878515464104209622
0.035315195344653837891
0.035964194107773742936
0.037053736644900799645
0.037219922877663363927
0.037952439512431881596
0.037615264239253825674
0.037992811351866338534
0.037138622286894247417
0.037177141754833462883
0.035796751785380585615
0.035529612882849644834
0.033612750964873951053
0.033098828431946016422
0.030620126162675652865
0.02996684048476056525
0.026841289700429905718
0.026295056824130281614
0.022155274042347364682
0.022822574408657753566
0.0092544291758769971088
-0.0014230027792407902608
0.00063684998795010630877
-0.00033596543440793493052
0.00017753601973604175318
-0.000081416121268232872004
0.00002204133143505276775
0.0021544369491162720228
0.0049951819130029423093
0.0078318799885724593682
0.010585550642684508494
0.013339312606005191824
0.015930635239701707744
0.018545102764465140221
0.020907955993095968708
0.023329955455108755406
0.025403535490753634121
0.027584568388992241088
0.029314234771062507719
0.031211963822841300023
0.032550131625065639417
0.034129681657617217068
0.035036573174848165689
0.036271682142505788864
0.036715849054972679006
0.037589909254206654437
0.037548435311181302169
0.038055497223564614156
0.037513748697189613465
0.037659641864060115855
0.036610316618328895478
0.036414239729121776129
0.034855158351940308507
0.034352617905978780806
0.032281800822812106746
0.031531422681522939685
0.028934864141579208983
0.028038033068507446129
0.024851238727148563263
0.024029561638935792255
0.01994626452334057883
0.020159211266041015197
0.0079795529329248204468
-0.0011857193700699512353
0.00050311555703081685998
-0.00024204938739101559195
0.00010595496808978938875
-0.000028075827405704567558
0.0021518402975899109039
0.0050042771272361047905
0.0078140023100547545185
0.010614008113906316787
0.01329873602694664965
0.015984705483498024967
0.018476278876913537117
0.02099271045553923019
0.023228154397691333799
0.025523455292806163279
0.027445487310054515857
0.029473502916997550494
0.031031487082543283323
0.032752847096526058262
0.033903674710350394709
0.035286962853393990205
0.035995761242601824798
0.037018529607058282234
0.037259132438847466909
0.037908789105552780645
0.037663894942763405011
0.037938523740623987356
0.037199432899404831977
0.037108674455378369926
0.035874397428240060461
0.035440686717238493032
0.03371596226300760332
0.032976857257224758838
0.030767871691978596101
0.029781574348254569287
0.027085574767141292943
0.025947079249297835002
0.022720185989953673191
0.021625339475945835419
0.017623784705346883488
0.017379971803732706993
0.0066589748017776113669
-0.00094125311648464428115
0.00036592199700920365475
-0.00014678895519250654069
0.000037484540176172858918
0.0021541543952852122047
0.0049961720207242959225
0.0078299323420517123914
0.010588654316381724108
0.013334880679701284822
0.015936551899909691504
0.018537554765759718009
0.020917275955231850019
0.023318725926057817915
0.025416811683954212173
0.027569106582245153633
0.029332025392997207323
0.03119169432390743146
0.03257303990416678852
0.034103961311111079315
0.035065296598990913571
0.036239741462107418444
0.036751251317187264718
0.0375507618215587303
0.037591662897524623593
0.038007786652455909248
0.037566435698258049861
0.037601362175749842453
0.036674974721738988075
0.036342178509509463915
0.034935993228289648129
0.034261122478689874018
0.032386644347310504161
0.031409242958228059931
0.029080607527104464556
0.02785834209267469211
0.025083790940355943293
0.023705062450206872209
0.020461154791217098424
0.019095464459983359506
0.015201665137736489936
0.014500490436671311887
0.0053002658421948882689
-0.00069075848824509087258
0.00022604901648254368078
-0.000053684708293929684043
0.0021521467962899424278
0.0050032033388313004805
0.007816113762566691269
0.010610645272603603473
0.013303534504855050298
0.015978305392853864755
0.01848443442308596977
0.020982653777983936968
0.023240252614868396326
0.02550917804196819442
0.027462080271474586286
0.029454456356354640928
0.031053128447437601676
0.032728464095072112265
0.033930954461750435768
0.035256619800758857448
0.036029349447875282817
0.036981494261019946363
0.03729984323202932148
0.037864140189494232466
0.037712789708633345117
0.037885015903587865503
0.037258000448897422293
0.037044493034901048919
0.035944894992683718425
0.035362962324773154191
0.033802125013435706527
0.032880596740439426278
0.030876581610367997613
0.029656943019228745412
0.02723152083762673387
0.025770875235620150575
0.022942838023456937331
0.021323014239939075273
0.018088787788870036949
0.016452925872990964162
0.012694958245204409072
0.011536605326871345079
0.0039112346019546471327
-0.00043522800314110517919
0.000086403325026100009411
0.0021538053268847798443
0.0049973947482662070051
0.0078275287326818414995
0.010592480814892583319
0.013329423727405993002
0.015943825011571232392
0.018528294851905953926
0.020928682546293383145
0.023305020510081567166
0.025432962711630947053
0.02755036651126660699
0.029353496422085187374
0.031167350130993213942
0.032600401646420816281
0.034073433378140950034
0.035099145997183851481
0.03620240587748812013
0.036792250677244816963
0.037505903973173822101
0.03764059647442131855
0.037954530587882956855
0.037624299746158782177
0.037538553525146580882
0.036743132707243356637
0.036268174521921696214
0.035016466054920654957
0.034173381222824322425
0.032482707531644924333
0.031303428309254734754
0.029198181188492678999
0.027726071700908199819
0.025235281367241084073
0.023526917809858257164
0.020679288774955672011
0.018810244088241728709
0.015620914484684375853
0.013708937578944343843
0.010121280797834120709
0.0085033849031402052772
0.0024999846934764863346
-0.00017637681530020009732
0.0021525827091887678143
0.0050016765846756833224
0.0078191143975829903537
0.010605869767802864722
0.013310342095033192456
0.015969236714289253974
0.018495973300737598963
0.020968450308787155324
0.023257303925475235545
0.025489104091408417937
0.027485345394553140292
0.029427835889799558611
0.031083265839545964927
0.032694649031564853722
0.033968608933520464899
0.035214961199760051596
0.03607518214042878559
0.036931309636075596241
0.037354568670889029339
0.037804670136770791408
0.037777227945684066695
0.037815359953374469815
0.037333157640491614936
0.036963506421355147984
0.036032098267076400603
0.035269076170699111532
0.033903267488312341953
0.032771476102233205816
0.030994612664002397305
0.029528761946267137286
0.027371557317970676759
0.025616539041118091944
0.023115160052189519391
0.021126772053030311306
0.018319380142739315853
0.016167211066596004896
0.013086086647192389067
0.010864845619330600027
0.0075085512667707705787
0.0054095606235215280575
0.001076535089541221921
0.002153070179082443842
0.0049999693869529726692
0.0078224692039092942654
0.010600531684389776538
0.013317949603555222734
0.015959105865849640894
0.018508858351753994218
0.020952597597954844715
0.02327632418450717103
0.025466727147308747391
0.02751125962128937094
0.029398210474935972496
0.031116771290483158236
0.032657098226763705218
0.034010368380438383368
0.035168830310408748741
0.036125848430511536698
0.03687594101361173497
0.037414811588110775946
0.037739373546357912014
0.037847767823649186159
0.037739373546357912014
0.037414811588110775946
0.03687594101361173497
0.036125848430511536698
0.035168830310408748741
0.034010368380438383368
0.032657098226763705218
0.031116771290483158236
0.029398210474935972496
0.02751125962128937094
0.025466727147308747391
0.02327632418450717103
0.020952597597954844715
0.018508858351753994218
0.015959105865849640894
0.013317949603555222734
0.010600531684389776538
0.0078224692039092942654
0.0049999693869529726692
0.002153070179082443842
0.00083920571261427924041
0.0044164451504918458749
0.010830663219458307765
0.02004655413482688695
0.032011506251073087159
0.046657027620949413521
0.063899244153779295583
0.083639399799319334378
0.10576442747629531363
0.13014759846503690947
0.15664924898252435521
0.18511758046390183976
0.21538952919489206517
0.24729170040029698365
0.28064136147429645574
0.31524748867975927929
0.35091186132908756704
0.3874301971832886122
0.42459332256800391821
0.46218837050541850154
0.5
0.53781162949458149846
0.57540667743199608179
0.6125698028167113878
0.64908813867091243296
0.68475251132024072071
0.71935863852570354426
0.75270829959970301635
0.78461047080510793483
0.81488241953609816024
0.84335075101747564479
0.86985240153496309053
0.89423557252370468637
0.91636060020068066562
0.93610075584622070442
0.95334297237905058648
0.96798849374892691284
0.97995344586517311305
0.98916933678054169223
0.99558355484950815413
0.99916079428738572076