0.00097987256346103182074
-0.00037289403894939311859
0.00028590352003462418549
-0.0002408620000878181959
0.0002114473447034748132
-0.00018995740635785997558
0.0001731479449597841423
-0.00015937227864811664078
0.00014769174609278367393
-0.00013752681543869908129
0.00012849817900068458223
-0.00012034630370651696747
0.00011288733700601991188
-0.00010598739230437214302
0.000099546784652546364365
-0.000093489960315358918202
0.000087758837644000315494
-0.000082308272434854976522
0.000077102891024681367809
-0.000072114829700968219898
0.000067322090133633854541
-0.000062707323145063058962
0.000058256916550749835859
-0.000053960303071357408399
0.000049809430530259457309
-0.000045798354021127677737
0.000041922921653429865973
-0.000038180533838247874348
0.000034569962128324669257
-0.000031091218221917826237
0.000027745467491180136827
-0.000024534984805673395097
0.000021463153998698621162
-0.000018534516722293639756
0.00001575488269066937663
-0.000013131523315489730856
0.000010673488341039294814
-8.3921188870532650891e-6
6.301901515186667361e-6
-4.4219758645965766083e-6
2.7790692125782476109e-6
-1.4142171370580023134e-6
4.038128945987290518e-7
0.0021202850095242058504
0.0022759991593503508297
-0.00062014974719818094201
0.00043672780325515119784
-0.00035656091655483739931
0.00030869886310401664496
-0.00027540995579734660406
0.00025008086390429085763
-0.00022964441990739976937
0.00021246524928846869274
-0.00019758278087443966797
0.00018439151573411975052
-0.00017248887336164531916
0.00016159592473885658168
-0.00015151305346567798486
0.0001420936912302803776
-0.00013322800902867131911
0.00012483238374312636788
-0.00011684236453735541611
0.00010920784078089984737
-0.0001018896403538170721
0.000094857084082246102507
-0.000088086195703154611277
0.00008155837175810854266
-0.00007525938123553892972
0.000069178606676337617882
-0.000063308466005796072243
0.000057643972971145458671
-0.000052182407050711424714
0.000046923073154147929026
-0.000041867138766831665251
0.000037017542465566861218
-0.000032378973902257116333
0.00002795793252287632591
-0.000023762882098454436477
0.000019804533499565803318
-0.000016096314887107660112
0.000012655139601611166987
-9.5026895132496724935e-6
6.667684889795376228e-6
-4.190306729909930681e-6
2.1323286811227086148e-6
-6.0885460598108832241e-7
0.001881099943695259361
0.0049482322806109420115
0.0035621891078941215271
-0.00085301668696224983203
0.00056813502234165288605
-0.00045075431119413647823
0.00038386393709022756655
-0.00033893368478319301025
0.00030560491475020304135
-0.00027920260832785727578
0.00025729882621177779268
-0.00023850199226983287243
0.0002219542486225175055
-0.00020709648302884562886
0.00019354809286781982564
-0.00018104090598656832122
0.00016938069944374784932
-0.00015842368948806722098
0.00014806157754058847168
-0.00013821170665906056767
0.00012881038858541580173
-0.00011980826399318627638
0.00011116700522118718278
-0.00010285692899314143999
0.000094855240998763777609
-0.000087144729355129506564
0.000079712784285828740184
-0.00007255066067018346401
0.000065652926513837575251
-0.000059017058780224127919
0.000052643161517576839714
-0.00004653379196104812181
0.000040693889983638647158
-0.000035130816615931116468
0.000029854520610447228637
-0.000024877871972587097076
0.000020217235437835530748
-0.000015893421403391125448
0.000011933287046084484982
-8.3725786172080775576e-6
5.2614786098769189588e-6
-2.677324057153506629e-6
7.6445511197874843522e-7
0.002008609571991555875
0.0043462018001211330339
0.0077534925543166758178
0.004829975355920975099
-0.0010784124420548503702
0.00069138246611545977423
-0.00053604258541822501941
0.00044966995769553367726
-0.00039288935523550574836
0.00035152401791238199998
-0.00031923502252809400017
0.000292763257998713955
-0.00027026027251524816565
0.00025059857875545894554
-0.00023305095505310408451
0.00021712731121964544897
-0.00020248560766816066829
0.00018888033187234291562
-0.00017613124310285516656
0.00016410363611886051159
-0.0001526954450018929546
0.00014182856512307245371
-0.00013144286352753988082
0.00012149195358857304835
-0.00011194015840519276378
0.000102760294956090417
-0.000093932038391181600358
0.000085440706279970234193
-0.000077276354918971132689
0.000069433114903215047708
-0.000061908717762049404903
0.00005470418384563903929
-0.000047823656900221302394
0.000041274385553244256688
-0.000035066869313890849201
0.000029215211387345966535
-0.00002373776148892140189
0.000018658208244437790175
-0.000014007439965683117912
9.8268664961604678735e-6
-6.1749193644734223357e-6
3.1419715600378328104e-6
-8.9710040045925926597e-7
0.0019256261385497197976
0.0046856363740468745099
0.0067911108061923917
0.010517687657910879661
0.0060726141534597039755
-0.0012969447902280211916
0.00080877866991743408312
-0.0006155532238788666661
0.00050963058470541880539
-0.00044094182789587271135
0.00039152288474191455193
-0.00035337204527032160988
0.00032239289670922455387
-0.00029627307244006084802
0.00027360925959828140282
-0.00025350111199910577916
0.00023534512762953817749
-0.0002187223716830518051
0.00020333371724728427254
-0.00018896068183690331356
0.00017544078021503873629
-0.0001626514772328946905
0.00015049943072127044148
-0.00013891309698309265545
0.0001278375369204708419
-0.00011723070090225142359
0.00010706073208926859793
-0.000097303988287412657706
0.000087943583603033234007
-0.000078968317022341014805
0.000070371899467167857567
-0.000062152422448199073388
0.000054312035807910450416
-0.000046856823560529768865
0.000039796889791408441225
-0.000033146696824205064946
0.000026925745806550080738
-0.000021159777620614369161
0.000015882853351104913924
-0.00001114109807145364363
7.0000536939627647259e-6
-3.5615820134729998705e-6
1.0168702038885263957e-6
0.0019853003421990108826
0.0044555353013595364259
0.0073448284556142822854
0.0092014743055548811187
0.013226539980328330173
0.007283603315374623729
-0.0015080825339211601559
0.00092077873978609874386
-0.00069023850611978430396
0.00056498103998232341844
-0.00048448777097395813493
0.00042708474528593842183
-0.00038313558743765183702
0.00034771709843409638212
-0.00031805657686298187461
0.00029247562003177672683
-0.00026990034537687291324
0.00024961301381606682659
-0.00023111687757433594911
0.00021405832108287267683
-0.00019817984102532830875
0.00018329050188935402075
-0.00016924673500419170038
0.00015593949347615665467
-0.00014328544275442364599
0.00013122078936176317099
-0.00011969688063038807736
0.00010867702345091441019
-0.000098134163248589736034
0.000088049186488362063684
-0.000078409689755088484683
0.000069209112817854155107
-0.000060446172661885986192
0.000052124567624659471999
-0.000044252951815695741412
0.000036845217382206651728
-0.000029921178061411819916
0.000023507846783505768463
-0.000017641702808247145201
0.000012372816325135210493
-7.772989571085561489e-6
3.954510679340435254e-6
-1.1290025953731766443e-6
0.0019396823997258660879
0.0046261216213786010073
0.0069626829466358948491
0.0099661098572414699433
0.011564452649148529615
0.01586610276407824901
0.0084566230217150730862
-0.0017109878874932897563
0.0010272762833485030338
-0.00076034309186919250815
0.00061617457433599665408
-0.00052411239397283356113
0.00045887915376351985259
-0.00040924790769775288575
0.00036948901804823696981
-0.00033637946060097108845
0.00030797084516733268728
-0.00028301838104445099603
0.00026069142375462278953
-0.00024041604884030770737
0.00022178441266377808775
-0.00020450005132424252931
0.00018834353752981468368
-0.00017315018251878167146
0.00015879513652469791961
-0.00014518318510104246617
0.00013224161435183967944
-0.00011991513630817465145
0.00010816223319671988592
-0.000096952504863688907982
0.000086264746522375659036
-0.000076085578008134664299
0.000066408510945603874921
-0.000057233389621299428828
0.000048566184715554150198
-0.000040419166292118391467
0.000032811547972049827665
-0.000025770806049696037243
0.000019335101571567178651
-0.000013557752627947677778
8.5161199314975495524e-6
-4.3321310477743928413e-6
1.236741705873570706e-6
0.0019760367776701992666
0.0044926189918443803065
0.0072503329269283672755
0.0094333707496299727561
0.012535191851609998988
0.013867551086751197556
0.018422723453058798185
0.009585555548533164393
-0.0019047352321631159177
0.0011279615174152002901
-0.00082583549403029548696
0.00066334433849615620871
-0.00056005655939659547843
0.00048722036957467774414
-0.00043207389818663357295
0.00038810823902263401585
-0.00035166445507153463523
0.00032053226600763472924
-0.00029330071702118203453
0.00026902912442546981969
-0.00024706815920597576505
0.00022695686549045602859
-0.00020836053314500116661
0.00019103170969726771171
-0.00017478490110981030262
0.00015947967994623176725
-0.00014500912965954652978
0.00013129177691618962613
-0.00011826586696062162542
0.0001058852552953091535
-0.000094116446103247412662
0.000082936471582395279144
-0.000072331415395917853067
0.000062295461297485286377
-0.000052830410756125648117
0.000043945675055250860625
-0.000035658825453967964642
0.000027996911198517434861
-0.00002099900201464145524
0.00001472097786137143756
-9.2451276422778941705e-6
4.7023984544365063381e-6
-1.3423551037963829379e-6
0.0019461749740035366696
0.0046010085682048413361
0.0070222992585971423279
0.0098378909208471499386
0.011855033196780686665
0.015038622705629573513
0.016098648395243037004
0.020883138936347433508
0.010664514299495520941
-0.0020883882972767946467
0.0012224486512804368933
-0.00088656696978323361846
0.00070647927807137891818
-0.00059239989310428907067
0.00051225142484406247859
-0.00045180224126857125623
0.00040379670794124507163
-0.00036415774384634792075
0.00033042352746036245374
-0.00030102326755320292963
0.00027491026075516641574
-0.00025136240834060403902
0.00022986741777601332227
-0.00021005356167526204778
0.00019164623836321729353
-0.00017443979596124919962
0.00015827873155947016266
-0.00014304484202641697122
0.00012864826737946882241
-0.00011502115222756095898
0.00010211311811069388818
-0.000089888027770782871017
0.000078321707397181753162
-0.000067400418607140491974
0.000057119966067833714466
-0.00004748541028058087655
0.000038511450611665470344
-0.000030223687409295535793
0.000022661243580724068163
-0.000015881840451318662507
9.9720854746255425908e-6
-5.0714264298358366414e-6
1.4475837207011214931e-6
0.0019712749189765537483
0.0045106246059402762674
0.0072094726065029830865
0.0095146845677366196837
0.012374326400916406518
0.01421512396066037593
0.017463383311031005352
0.018246037976850343855
0.023234563125853359141
0.011687873688586645003
-0.002261034135642639251
0.0013103299038130402455
-0.00094233993285931819827
0.0007455015399015358881
-0.0006211430921352337034
0.00053402844325817266929
-0.0004685297678400727736
0.00041668181997321086915
-0.00037400992264985241593
0.00033781288598342399664
-0.00030636767647792355655
0.00027852650809276232024
-0.00025349783443397224113
0.00023072033117903603706
-0.00020978690085953271048
0.00019039700748748024299
-0.00017232577116893707536
0.00015540335874778525588
-0.00013950091350032587611
0.00012452076557255081336
-0.00011038952729238758783
0.000097053192188998525106
-0.000084473675659215219211
0.000072626442894505334295
-0.000061499015747384732411
0.000051090268478145383975
-0.000041410543369826327814
0.000032482783753402130635
-0.000024345181811615349433
0.000017056504062635654362
-0.000010707046947546924034
5.4442948832838620682e-6
-1.5538724063146000124e-6
0.0019497918564057751339
0.0045875467489591326914
0.007051925609375511945
0.0097818369525973837425
0.011957282744338079007
0.014846157899740912751
0.016501338275727663958
0.019796874369936824641
0.020298474147238992967
0.025464763855150556637
0.012650298196097539131
-0.0024218011407224194262
0.0013912018063875826862
-0.00099294114180796929482
0.0007803044491481632704
-0.00064624888850580660373
0.00055256320352670737383
-0.00048230460042361358816
0.00042683941067667862579
-0.00038131832625920315214
0.0003428145176215619361
-0.00030946136833373091735
0.00028001571193029422288
-0.00025362044821542526193
0.00022966796812867977707
-0.00020771780442719008596
0.00018744499323720194103
-0.0001686066061670599979
0.00015101944821364897382
-0.00013454485175937780432
0.00011907812256435722845
-0.00010454113026698184814
0.000090877096726116065279
-0.000078046986388045697243
0.00006602713671649394339
-0.000054807941238530122097
0.0000443935576691508559
-0.000034802811505078696391
0.000026071799434109104749
-0.000018259418132083688471
0.000011458965584090139866
-5.8255162241865566817e-6
1.6625027649665654154e-6
0.0019684500831900154598
0.0045210186141414246027
0.0071870934751508038814
0.0095555686847660095224
0.012303634485729363897
0.014337578767546096304
0.017240425209441970049
0.018701735447591136157
0.022026966636698464109
0.022245221774685117814
0.027562132272814379713
0.013546770079720446716
-0.0025698702292602119703
0.0014646795943477018727
-0.0010381594416300463275
0.0008107728278620805922
-0.00066766413583563764026
0.00056784631083235821152
-0.0004931498715867174413
0.00043431761233364035028
-0.00038615071840729549577
0.0003455118190812580439
-0.00031040030118314578393
0.00027948398105516232265
-0.0002518445915930245803
0.00022683136917864893787
-0.0002039727871130813917
0.00018292122192289388132
-0.00016341710832297998498
0.00014526507515165342863
-0.00012831770291526749294
0.00011246428850555039566
-0.000097623010049764508585
0.000083735491538108933972
-0.000070763152535526497559
0.0000586849965470734382
-0.000047496713003736720877
0.000037211211278243042829
-0.00002786108260564270057
0.000019504269894987348736
-0.00001223628701876346802
6.2193345747390675957e-6
-1.7746782675526720425e-6
0.001952048879542643733
0.0045793130778732850048
0.0070693678380677406283
0.0097507727655531556681
0.012009013178295208046
0.014761368064831336678
0.016643248698909921288
0.019544630674240025576
0.020804819322750647832
0.024142062326266999432
0.024076106826260253804
0.029515746553023151875
0.014372615489227629857
-0.0027044826901116143408
0.0015304059130404376951
-0.0010777960568725737825
0.00083679467062127951543
-0.00068533251689939266649
0.00057986059856803196503
-0.00050107753350475785832
0.0004391508411247939218
-0.00038855927699057498734
0.00034597125397959570918
-0.00030926257166546096983
0.00027701897722604243911
-0.0002482658604871140154
0.00022231277623209936931
-0.00019865973142801155891
0.00017693845778800660152
-0.00015687439314039033918
0.00013826140215174143448
-0.00012094461302842638152
0.00010480860356972653929
-0.00008976924572310737579
0.000075768172402147182036
-0.000062769258861017985569
0.000050756832808218426121
-0.000039735640091791586469
0.000029733028969602792628
-0.000020804674092302922699
0.000013047374481253905299
-6.6299396034864717175e-6
1.8915848945784611439e-6
0.0019666121841465661596
0.0045276791142729530897
0.0071731576273445523997
0.0095799174752459087336
0.012264192080208993474
0.01439974350475750774
0.017142085180164262826
0.018862302354421854568
0.021746765570921131759
0.022799603545859566175
0.026131156619955162239
0.025781566085725392042
0.031315430717164673445
0.01512352881249782363
-0.0028249461864290981277
0.0015880565473215529289
-0.0011116709911354162868
0.00085826826376142199187
-0.0006992022532427593624
0.00058858926718944452838
-0.00050609677497802681502
0.00044136836331296047821
-0.00038858920435782090318
0.00034425092446250814178
-0.00030611688481705359648
0.00027269823712590921968
-0.00024296924779364171855
0.00021620357890715228189
-0.00019187563271109578076
0.00016959875527709481019
-0.00014908526711368562752
0.00013011993418272492148
-0.00011254202088730359835
0.000096233028525417888815
-0.00008110836682914882107
0.000067111916073783546603
-0.000054212928398408617141
0.000042405139341071013668
-0.000031708480578188465852
0.000022174734351034670004
-0.000013900851221517238182
7.0616372922647923294e-6
-2.0144393598841069608e-6
0.0019535697873816411053
0.0045738299483332495617
0.0070807296603926688506
0.0097312130075373063977
0.012040039268422518928
0.014713867641065015662
0.01671542954369885239
0.019433315105378828158
0.020983178214353394178
0.023835359183615390381
0.024675670019034964754
0.027983896436733552223
0.02735269492178120119
0.032951808838250997494
0.015795595112349028081
-0.0029306395935631775929
0.0016373444491919602375
-0.0011396272368448357613
0.00087510673971102701336
-0.00070923098426928611402
0.00059402101983216814227
-0.00050821933727921690601
0.00044099972089337783328
-0.00038628420292347835849
0.00034040604871446049551
-0.00030102799707633834549
0.00026659455571440119766
-0.00023603445296781954535
0.00020858954754940986536
-0.00018371176515241551043
0.00016099858226017561199
-0.00014015135091766485452
0.00012094770977126291858
-0.0001032230216612450586
0.000086857840892683967941
-0.000071769631291712869748
0.000057907741039550411787
-0.000045251243255161300188
0.000033809897423632174064
-0.000023629555404483060485
0.000014805908740097219094
-7.5190022114104870386e-6
2.1445318880672876096e-6
0.0019653360033900754676
0.0045322608153335373755
0.007163736758438116368
0.0095959470690506224685
0.012239179192847172864
0.014437195277493302249
0.017086854855119590984
0.018944064250634914082
0.021623087808504722324
0.022994817337496346112
0.025799533603835849969
0.026423223105347637881
0.029690635599953197044
0.028781292365130512132
0.034416354651757427526
0.016385310531580699373
-0.0030210170043506722982
0.0016780227023390189689
-0.0011615336637628193863
0.00088724109644962780633
-0.00071538895164476594336
0.00059615339304419830114
-0.00050746295710698410933
0.00043807825103846430657
-0.0003816900394330481236
0.00033449254490022253111
-0.00029406030251095570684
0.00025877956601196728156
-0.00022753945642095777114
0.00019955441483183344467
-0.00017425729756569901916
0.00015123251593645015448
-0.00013017292786330385418
0.00011085141318044997497
-0.000093101913468138312045
0.000076806882498207454562
-0.000061889403951258667574
0.000048309144143865285402
-0.000036062153068344438904
0.000025185760436419852733
-0.00001577261369027701925
8.0070276221542385026e-6
-2.2832681440054131569e-6
0.0019546536816320085549
0.0045699517827581672012
0.007088654097825977494
0.0097178561958494330254
0.01206061054771670672
0.014683600564621962148
0.016759045040841776536
0.019370695400856606041
0.021074061304098041277
0.023699977469369125148
0.0248867269656759622
0.027629058599201105918
0.028033140245258679262
0.031242486037134544764
0.030059902975418101381
0.035701436482354688882
0.016889600557341292298
-0.0030956110697872359429
0.0017098867605128293181
-0.0011772870520609508911
0.00089462224195214655954
-0.00071766111374307494069
0.00059499494888302442257
-0.00050385362637091994891
0.00043264339897855953659
-0.00037485689758075763824
0.00032656941448561451462
-0.00028528024421265802286
0.00024932618429456461097
-0.00021756301500930820459
0.00018918245225982113592
-0.00016360200113433879881
0.00014039615985976659995
-0.00011925218952767698926
0.000099941131839751265347
-0.000082298753169260245858
0.000066213376483343893848
-0.000051619018083914653736
0.000038493421721714936058
-0.000026862058046933965384
0.000016812239636980003284
-8.5312861556291488372e-6
2.4322138684604194782e-6
0.0019644054980060819071
0.0045355808281117340524
0.0071569877435537916378
0.0096072351223951641656
0.012221977940178674044
0.014462150615546910154
0.017051545039792610365
0.018993570998320568421
0.021553436449363418252
0.023094332225281592477
0.025653153587330847434
0.026649037889111784924
0.029314404332467369346
0.029497019038039440651
0.032631364785571447476
0.031181855112764766878
0.036800357347951153625
0.017305836048414171071
-0.0031540357624659880008
0.0017327761450727868074
-0.0011868135307369440392
0.00089722238099002881168
-0.00071604854816525122406
0.00059056671410506890185
-0.00049742707205793932692
0.00042474223741735960722
-0.00036584093646740361163
0.00031670034336139910217
-0.00027475796869894341918
0.00023831033847503549016
-0.00020618649927695907072
0.00017756047130776583801
-0.00015183849883308088175
0.00012858877016822741517
-0.00010749643607078399828
0.00008833443970636590279
-0.000070944822431962359341
0.000055227622275376574423
-0.000041136227774690394329
0.000028679902595666195122
-0.000017937648597316365043
9.0981129255989361131e-6
-2.5931454817573241368e-6
0.0019554602095376138487
0.0045670808636178227684
0.0070944651079573127854
0.009708199177611196518
0.012075197798298034607
0.014662679536188278778
0.016788212681750562921
0.019330564064460817822
0.021129173958395079466
0.023623672665361752443
0.024994352477709440742
0.02747243341704917741
0.028272557103260491772
0.030846790906364403056
0.030807220639061069879
0.033850036613729138919
0.032141295313915363351
0.037707390088135718907
0.017631846941271257032
-0.0031959886088448177217
0.001746575707250100264
-0.0011900695727292748752
0.00089503593075357826748
-0.00071056935492104205376
0.00058290309784559773139
-0.00048822970070863911499
0.00041443044604784112432
-0.00035470531497654063856
0.0003049547864836729033
-0.00026256849568528500326
0.00022581226210451371912
-0.00019349537172682708114
0.00016477957712523947861
-0.00013906443306440594302
0.00011591604987705835957
-0.000095021830907078269962
0.000076161652930860086831
-0.000059190300900819573444
0.00004402874177801289638
-0.000030664297860334593359
0.000019163749971170416144
-9.7148239203671384295e-6
2.7681101441492286713e-6
0.0019637003270683620419
0.0045380859780478312497
0.0071519354791299382031
0.0096155860266453752815
0.012209455866420599608
0.014479939100529588587
0.017027044065024081868
0.019026769710861039205
0.021508715091720831434
0.023154750566242589038
0.025570595746987878018
0.026764220629897837447
0.02914833304384172365
0.029748816281512906882
0.032218234170040518134
0.031956909267450368045
0.034892152082533235036
0.032933218532155974917
0.038417807367745160469
0.017865933563128535324
-0.0032212524146975679641
0.0017512165170043936236
-0.0011870426372867734673
0.00088808007822796496202
-0.00070125919045070888628
0.00057205243117244195501
-0.00047631916119599291167
0.00040177291351910982377
-0.00034152085286313327426
0.00029140871684323398302
-0.00024879259804988426391
0.00021191757032685604103
-0.00017958055688589605461
0.00015093698175250801531
-0.00012538495143455157862
0.00010249366809543683083
-0.000081958539391662536636
0.00006357358308019376277
-0.000047216432091821273315
0.000032844807113048872095
-0.000020508070895716869858
0.000010389985214236574267
-2.9594994467451872617e-6
0.0019560816890833907469
0.004564876773704392191
0.0070988964511486956725
0.0097009081359443798606
0.012086062897270712091
0.014647368419378552612
0.016809088763577002626
0.019302632279921309382
0.02116621387813262614
0.02357460401425952303
0.025059760280700624483
0.027384045583352888827
0.0283947123010888372
0.030672115773552805152
0.031070116175998358258
0.033421587419218688774
0.032940087614826380072
0.035752280882129389664
0.033553494045052945342
0.0389279064199084452
0.018006875492855493586
-0.003229696496633127263
0.0017466764156536277561
-0.0011777515151243663294
0.00087639504944912634297
-0.00068817151438457389714
0.00055807722024052253196
-0.00046176462644900453588
0.00038684407179105194652
-0.00032636644989647629149
0.00027614517608829830297
-0.00023351755358515263471
0.00019671831778457203515
-0.00016453996532436038699
0.00013613824146410328171
-0.00011091604789380782101
0.000088452341223652934218
-0.000068458632963945588065
0.000050754222932691956412
-0.000035256854627644558125
0.00002199148293735024777
-0.000011133753185015110017
3.1701421039184590429e-6
0.0019631485498062269257
0.0045400400055312962049
0.0071480173628176509491
0.0096220072738388589695
0.012199937682065906273
0.014493260696466180924
0.017009035662808656445
0.019050610647219648479
0.021477509113849917821
0.023195433106718034482
0.025517434325625062956
0.026834285408883658365
0.029054560339541858544
0.029877329580743399329
0.032035837088665722978
0.032229566889224249721
0.03445057871651390452
0.033751627961846941949
0.036425940293535889236
0.033998886871195048921
0.03923502841234078431
0.018053937923449746994
-0.0032212774266297971377
0.0017329802550620217274
-0.0011622464109933751731
0.00086004413498140019206
-0.00067137760183131992402
0.00054105417393714902412
-0.00044464686396766681568
0.00036972804425224793044
-0.00030932936108659883046
0.00025925475055723506651
-0.00021683793342998469409
0.00018031427045525552341
-0.000148480514858875939
0.000120500449846680307
-0.000095789619378510272403
0.00007394593428306653419
-0.000054709375146498321564
0.00003794343800309122858
-0.000023639147029407894822
0.000011958313169405454527
-3.4034228841632841883e-6
0.0019565749848181451824
0.0045631320718857167695
0.0071023867328508928065
0.0096952075664695947562
0.012094474083986715995
0.014635665263713193046
0.016824793702206493238
0.019282027144960136607
0.0211928903575269386
0.023540287342497650392
0.025103878074410506227
0.027327057713026046066
0.028469085802366961411
0.030573424074892123551
0.031204346152907004216
0.033232385689610403281
0.033221123894442062064
0.035299843611212916038
0.03438729883309338772
0.036909618641381436978
0.034267074570057359417
0.039337572343532621252
0.018006875492855493586
-0.0031960392936513745508
0.0017101998374895687212
-0.0011406087853010475233
0.00083911349985620452375
-0.00065096635605729002815
0.00052107404869969790529
-0.0004250581485571578926
0.00035051867736642251367
-0.00029050542391199539524
0.0002408361114944537793
-0.00019885663708623302443
0.00016281472085841574166
-0.00013152118285498059611
0.00010415727985314354665
-0.000080161788629305153611
0.000059165409648695859883
-0.000040957424102429662539
0.000025481764639547381791
-0.000012878455003690531594
3.6634378386728946106e-6
0.0019627046263688088287
0.0045416083334864650852
0.0071448862866839599241
0.009627105904728901326
0.012192444739011229224
0.014503633047669053695
0.016995204582821808709
0.019068617428970891955
0.021454413550425593461
0.02322481039542078199
0.025480176949080974317
0.026881622589114037391
0.028994023576505143978
0.029955648908152413277
0.031932711077561189437
0.032368848149642288922
0.034255520275878577508
0.034039619665655900186
0.035964953072993222949
0.034843787048029105687
0.03720079362299776064
0.034356659329895100365
0.039235003400408555137
0.017865933563128535324
-0.0031541134852026464055
0.0016784535646723672244
-0.0011129509678506504395
0.00081371179571103070068
-0.00062704394534246197158
0.00049824134348274037741
-0.00040310206538646393612
0.00032931952954305598451
-0.00026999935479279975577
0.00022099681093070096732
-0.00017968649272978955259
0.00014434138620528958057
-0.00011379802159393569504
0.000087267530219658870947
-0.000064227559501191657154
0.000044364685196574916591
-0.000027557263341695148867
0.000013912340652870409775
-3.9552001462984003776e-6
0.0019569770167779144128
0.0045617131426210687979
0.0071052144658170726381
0.0096906150097022847914
0.012101199565141395055
0.014626396931650067031
0.016837084390499286086
0.019266132927973407056
0.021213112549113983522
0.023514811810237695948
0.025135816815069838783
0.027287035531167720513
0.028519418716350745995
0.030509626120680932263
0.03128623543821438326
0.033125326378137939384
0.033364770668634743472
0.035099901797536981256
0.034680790784696916332
0.036442436481178112703
0.035118715054957408905
0.037297945419628768864
0.034267175278460886909
0.03892785573510188837
0.017631846941271257032
-0.0030957179913073767655
0.0016379058007672212457
-0.0010794155505677401734
0.00078396958563698628403
-0.0005997332813687557964
0.00047267387519476794179
-0.00037889325760828397794
0.00030624391448563751964
-0.0002479252881884624377
0.00019985464059596241616
-0.00015945296739448903572
0.00012503336167958325175
-0.000095472905439031320333
0.000070030508621373344107
-0.000048248465769246319937
0.000029913107830930268917
-0.000015082544917121108994
4.284917384449792814e-6
0.0019623382724038209656
0.0045429002057751027233
0.0071423158643855594193
0.0096312708092462840029
0.012186364534694098345
0.014511979008473870884
0.016984190865862108532
0.019082776657359962883
0.02143652503506182588
0.02324715860700506259
0.025452434891028159144
0.026915979688133127594
0.028951417477732218785
0.03000874728652061177
0.031865948193396999582
0.032453920719799999643
0.034145042051149988208
0.034186929859410982534
0.03576112095460045339
0.035141300412152001747
0.036729799533876238397
0.035210653465909465177
0.037200564516447931212
0.033999090981184283841
0.038417729645008502064
0.017305836048414171071
-0.0030211562332685690284
0.001588765950396631868
-0.0010401745608733913131
0.0007500385869562066087
-0.00056917335401210963203
0.00044450227032910850753
-0.00035255719513576917199
0.00028141515189169752818
-0.00022440785037237637004
0.00017754009874576036475
-0.00013829899636246419276
0.00010505601520233730428
-0.000076749633259266093326
0.00005271558944678603249
-0.000032609527765548583523
0.000016417490588967607032
-4.6603710840182656398e-6
0.001957312913053603222
0.0045605296048563308083
0.007107565976151263051
0.0096868127698888841634
0.012106734885197693015
0.014618825648833162112
0.016847032666946802279
0.019253409850235589032
0.021229087467151290617
0.023494999566700966995
0.025160200232335311662
0.02725714216057523223
0.028556048526195438578
0.030464620640004955464
0.031341864040403491552
0.033055901307374056768
0.033452631700196970082
0.034986528994409099779
0.034831050483563954527
0.036235720752627990598
0.03541875603682796275
0.036825536960642568929
0.035119128743758840613
0.03690915417831802154
0.033553807122029684745
0.037707283166615578084
0.016889600557341292298
-0.0029308154191932901362
0.0015312872492799547814
-0.00099542841213889750402
0.00071209073319658045154
-0.00053551843976021248671
0.00041386942651911606224
-0.00032423009219583514252
0.00025496729489300060472
-0.00019958430379027725514
0.00015420100258836963616
-0.00011639393387271469003
0.000084617759202701230512
-0.000057905484007482827343
0.000035724117962265560253
-0.000017953464057465541734
5.0914452900550865501e-6
0.0019620283950660690546
0.0045439912910785474209
0.0071401508294785200735
0.0096347649514055303453
0.01218129045998775239
0.014518897486605382173
0.01697513544738140484
0.019094304214568121332
0.021422130512459180194
0.02326489596399284003
0.025430769320058382116
0.026942307643504443277
0.028919488276020958733
0.030047503210163813815
0.031818729681119013934
0.032511841497149431464
0.034073261417193540303
0.03427717955192811961
0.035645383921975562187
0.035293788875218606342
0.036521213942817971282
0.035511722453855295688
0.036729139937355753116
0.034844626029807442842
0.036425227546305333449
0.032933649394489323172
0.036800218119033256894
0.016385310531580699373
-0.0028251644270593713629
0.0014657652598651351283
-0.0009454046214979373306
0.00067031705409325555084
-0.00049893721164077170725
0.00038093003967694389342
-0.00029405920951368044198
0.00022704684643141470412
-0.00017360881168944481157
0.00013001135325594520885
-0.000093950885927764912517
0.000064003642791327729526
-0.00003935854264987331368
0.000019737503367164283958
-5.5908764680118261477e-6
0.0019576005950339963539
0.0045595173209121121465
0.0071095723070481458352
0.0096835802672464332585
0.012111418409495775777
0.014612457874004408758
0.016855338302390595761
0.019242880728358041656
0.021242170758098357914
0.023478970398834535064
0.025179648682423815343
0.027233691510358558286
0.028584232396195084102
0.03043076939014806277
0.031382600677148646297
0.033006655516129218291
0.033512606558968183399
0.034912700093904680487
0.034923287833828053568
0.036118151329180549007
0.035572751264817609339
0.036616095184178710895
0.03541972996587881903
0.036441098110526356763
0.03438858714283148705
0.035751299333673177902
0.032141856665490624359
0.035701260656724576339
0.015795595112349028081
-0.0027047512132553502342
0.0013925360566740585235
-0.0008903562772926587911
0.00062492637316011350805
-0.00045961180644210037559
0.00034585038463764770372
-0.00026220400831249937146
0.00019781649973129378264
-0.00014666101031576820355
0.0001051890384968890229
-0.000071262295695356199662
0.000043648555395574203711
-0.000021831629632547902263
6.1753395404225361859e-6
0.0019617595662819477484
0.0045449366814084368671
0.0071382790670097602925
0.0096377759774909155281
0.012176936787497596417
0.014524801491408176444
0.01696745897182855479
0.019103999180992545239
0.021410136965820190703
0.023279514348647872117
0.02541313841308238186
0.02696342022525816851
0.028894316245568945341
0.03007745886971855245
0.031783065857409151944
0.032554417484254246464
0.034022170362476226315
0.034338973859702432921
0.03556981076735956766
0.035387616201794562507
0.036402340190068808076
0.035666507483586533511
0.036519847760689013988
0.03514327785906762612
0.035962896135785273426
0.033753403833066920149
0.034890872105818000883
0.031182564515839845817
0.03441613641112715429
0.01512352881249782363
-0.0025701997387094137311
0.0013119740737155013898
-0.0008305602277600839775
0.00057614383131372383018
-0.0004177369719300898773
0.00030880874264447421836
-0.00022883913673411665388
0.00016746312599173971757
-0.00011896377328958552333
0.00008003323659604146448
-0.00004877941155630934542
0.000024319204427748569705
-6.8670572245025181085e-6
0.0019578535420274851803
0.0045586282583041881312
0.007111330841306989149
0.0096807553859342531208
0.012115495277949805158
0.014606942270841039044
0.016862489210621927746
0.019233880355927346772
0.0212532604265888947
0.023465516622896397381
0.025195787788625351723
0.027214484772469319813
0.028606969576303518279
0.030403932018136037599
0.031414251766910049561
0.032969280794589410305
0.033556888338450485227
0.034859937957315456157
0.034986674905316471624
0.036041129697922531619
0.035667779731731391463
0.036496435123890068976
0.035574600144586193251
0.036232944659761828507
0.034683833283974482098
0.035297004613727734808
0.032942406444061305081
0.033848417120033972528
0.030060784311657618468
0.032951540315107261601
0.014372615489227629857
-0.0024222063935822584433
0.0012244895659348244575
-0.00076631494909370942717
0.00052420927624039404995
-0.00037351957717369679006
0.00026999734452022488467
-0.00019416143408208921987
0.00013621512862419990519
-0.000090822053711205470066
0.000055010377720502425968
-0.000027314759172583345414
7.6962473794199084704e-6
0.0019615198051896163135
0.0045457789841259625918
0.0071366145028070065223
0.0096404464419469628493
0.012173089389525050652
0.014529995419471004415
0.016960742756433882893
0.019112426100519255348
0.021399791751526568379
0.023292011885635181071
0.025398219402244842771
0.026981075870935343036
0.028873548681370527207
0.030101792549843993831
0.031754607333021036148
0.032587699841238504864
0.033983173901795665988
0.034384840727649693203
0.035515538474135538643
0.035452383145201908326
0.036324151286894132957
0.035762364027818235945
0.036399901704118282668
0.035297549513923430299
0.035756843754129231504
0.03404382578599598393
0.034446865250518222236
0.031959848235299318153
0.03262934966632810249
0.028782378030647945387
0.031315101207715471684
0.013546770079720446716
-0.0022615358806193014509
0.0011305256024881721911
-0.00069793803770742222741
0.00046937564947519262902
-0.0003271791660118238767
0.00022962786320315115404
-0.00015840617880995594638
0.00010438202707594067569
-0.00006271525936256082713
0.000030979704559277056724
-8.7049562679518183237e-6
0.0019580826241570970761
0.0045578238349248882161
0.0071129192502041529144
0.0096782101299740338865
0.012119156507485298846
0.014602009442254326154
0.016868852485760995317
0.019225919038304858908
0.021263001462274547939
0.023453794363561335703
0.025209719295468962197
0.02719808128970787528
0.028626152855890902485
0.030381602476755025064
0.031440170776484407189
0.032939227669328458744
0.033591756121445382655
0.034819389901255532227
0.035034025914413834286
0.035985487574472495911
0.03573373527378069295
0.036417337215233224906
0.035670936468089425237
0.036113185452516273801
0.034836854471865835437
0.035093976697251955729
0.033226637911155877222
0.033416869951667205349
0.030810885775549892892
0.031239998766803616555
0.027354029172067677028
0.029515341300163312858
0.012650298196097539131
-0.0020890164779772666315
0.001030554451752048915
-0.00062576327287049585524
0.0004119077677024822145
-0.00027895126899166529349
0.00018794556258132894373
-0.00012188624075543354444
0.000072452606412731109295
-0.000035548430258431031938
9.9532705162885076087e-6
0.0019612989993283782415
0.0045465540238174177974
0.0071350852627357899783
0.0096428942077793145437
0.0121695734887310233
0.014534723846995845327
0.0169546565867999725
0.019120020828588183402
0.021390527614738426614
0.023303120934278784671
0.025385070067854293481
0.026996486967251894907
0.028855620505747647302
0.030122536859423096446
0.031730691138198382039
0.03261521770441361349
0.033951526885851521672
0.034421275089340861898
0.035473480783402046774
0.035501146795078034612
0.036267248820144959414
0.035829349338806731668
0.036320118662188910729
0.035394054240273646652
0.035637703805192366479
0.034194990276855131272
0.03424773088252265737
0.032236592619903226076
0.032212333316833289866
0.029501556085094111372
0.029687570911314577912
0.025783210255627853186
0.027561630527837717513
0.011687873688586645003
-0.0019055345268623172596
0.00092507312021598493128
-0.00055013726760085917927
0.00035208267008887152828
-0.00022909809399699856651
0.00014526614410533051433
-0.000085094390714740032183
0.000041373712760425392066
-0.000011529792054490106789
0.00195829754320136252
0.0045570697451305374961
0.0071144061303136175117
0.0096758325522932688606
0.012122567063338683883
0.014597430318158542994
0.016874734592818480702
0.019218596507346909663
0.021271908632923208167
0.023443147795780430497
0.025222274684797896509
0.027183428187211676303
0.028643117860344565826
0.030362078777223208219
0.03146254195731858734
0.032913665905187815717
0.033620922383123114434
0.034786111892789591341
0.03507204764417929677
0.035941920687932332697
0.03578388356793497385
0.036359238255240098028
0.035738840724955820757
0.036032890393810273578
0.034933270355082151609
0.034975829840674690062
0.033375404406741339525
0.033222423304429970002
0.031078938799853993684
0.030839457518099936331
0.028038751700383880796
0.02798010712922412705
0.024078147740914641369
0.025464135674450084652
0.010664514299495520941
-0.0017120278392811047216
0.00081459764818710916813
-0.0004714160748803260552
0.00029019511013872128573
-0.00017794020900519974056
0.00010207895719110072639
-0.000049010249504139676626
0.000013570152918526971918
0.0019610874820258600244
0.0045472959202462651531
0.0071336233434305209484
0.0096452297339805787605
0.012166227308934049406
0.014539209719550730023
0.016948904868884114137
0.019127165422011077925
0.02138185900974716753
0.023313451915875804719
0.025372927807590996115
0.027010603687858498153
0.028839347424558507126
0.030141172369700338106
0.031709456091658677788
0.032639329286245209119
0.033924210244342131126
0.034452192416882110374
0.035438478783652324366
0.035540835416559802937
0.036222111518855988339
0.03588091898140903796
0.036260819144916962938
0.035462838001831600829
0.035556994599563696098
0.034291139830820707412
0.034130865569754119231
0.03238251282413876473
0.032023264122884689736
0.029759837255420969516
0.029305287537851855192
0.026430195820944737223
0.026126431886225373749
0.022247785859758089715
0.0232337638311541578
0.009585555548533164393
-0.0015094774096286520126
0.00069965554399804990242
-0.00038996354469059103738
0.00022657996221197744193
-0.00012595471114012422126
0.000059379326856321352972
-0.00001629165074813562508
0.0019585083852161900708
0.0045563304497484760523
0.0071158620958567455047
0.0096735084644698978758
0.012125893205347840772
0.014592977436798943495
0.016880434495458096345
0.019211530263358447178
0.021280462414275487732
0.023432980766794589434
0.025234187881249474387
0.027169625737449028096
0.028658966231932884055
0.030344010129859336168
0.031483027991501336277
0.032890536199469573397
0.033646959500330744917
0.034756855281929384607
0.035104898746017816144
0.03590501730877585232
0.035825407448181172489
0.036312375898223736518
0.035791966573047209085
0.035972283175097378356
0.035003002458787891274
0.034894690477872793137
0.033471230269515251909
0.033107000523762369834
0.031221701206649819193
0.030656305532693400146
0.028286351824691739861
0.027617652553413726993
0.024684421817859081608
0.024136090469042482513
0.020301752315642538848
0.020882098984559618542
0.0084566230217150730862
-0.0012988961333290015525
0.00058077565777087833633
-0.00030615914539951974522
0.00016169526915234820519
-0.000074123302677899347856
0.000020062727196197553608
0.0019608741295174368181
0.0045480438080213612242
0.0071321512053593286158
0.0096475778955168149876
0.012162870009727655096
0.01454369878396574169
0.016943167221491557992
0.019134265879684122134
0.021373281550806737623
0.023323622809548630533
0.025361042564856964248
0.027024331046623039277
0.028823640668210348198
0.030159008438507285196
0.031689324387946645899
0.032661944039710484335
0.033898897995312972674
0.03448045130746657897
0.035406979325296937709
0.035575927632780913994
0.036182997720715178873
0.035924585345010139968
0.036211930826736315481
0.035517808805174197972
0.035494810760116850012
0.034362059083012275315
0.034049101460059457509
0.032478145443129622019
0.031909246801561038037
0.029899340526561550878
0.029128366565892911551
0.02666645541415495501
0.025785084163169036397
0.022810766337190966587
0.022019267105110826186
0.018250332357280230042
0.018421328577351306328
0.007283603315374623729
-0.0010813116734089222224
0.00045847640628706907939
-0.00022045023982603923113
0.000096463017341165233545
-0.000025555215276947241098
0.0019587282567181751151
0.0045555599007141746593
0.0071173781620942802895
0.0096710918099134038417
0.012129345453568303037
0.014588366408369861827
0.016886320297623596092
0.019204257793890533851
0.021289231709199633441
0.023422604200733819774
0.025246284356387167812
0.027155692581889092505
0.028674859078988091856
0.030326025942017988275
0.031503246641095022929
0.032867925051448811403
0.033672140382593315998
0.034728902797730593565
0.035135856345622043221
0.035870780223240163304
0.035863251554989716731
0.036270527324132388679
0.035838310205495948436
0.035920827808093973962
0.035060360165295229791
0.034830394468511393946
0.033543855987053046419
0.033024122175160504525
0.03131758096509977476
0.030543330697435708108
0.02842283808174603516
0.027446912204711215042
0.02490907350745316371
0.023816689205069162717
0.020819398014285623077
0.019786664320945195452
0.016104467373512712089
0.01586415142097726865
0.0060726141534597039755
-0.00085773694606892946254
0.00033326740959585135422
-0.00013363805534617285042
0.00003411898837234384385
0.0019606422273225229007
0.0045488563471406638266
0.0071305531351527164766
0.0096501238453457897302
0.012159235746885091069
0.014548548422504809668
0.016936983804919067574
0.01914189588567898282
0.021364095468304932731
0.023334472991620045749
0.025348420049095299564
0.027038835975595254392
0.028807139696217309119
0.030177624510092432212
0.031668466579617027296
0.032685180356881428511
0.033873133153073766197
0.034508911801872251724
0.035375634040947706827
0.0356103751726684976
0.036145193849238527053
0.035966047281776421535
0.036166446430712880127
0.035567763490138210137
0.03543982512564536923
0.034422791764955999226
0.033981686722350745264
0.032553493751941753297
0.031824241179751160247
0.029996459046240188314
0.029015491250970507879
0.026800776901442179477
0.025619831414723172262
0.023024223359260908005
0.02172191795422654763
0.018721441139370795109
0.017449288628848371192
0.013875824164633787684
0.013223640748974258321
0.004829975355920975099
-0.0006291143385284327635
0.00020579651857956862553
-0.000048864445069492233467
0.001958980671810084893
0.0045546756427578551661
0.0071191167371783661353
0.0096683232904591582756
0.012133295019873323466
0.014583100052152638583
0.016893028807992310642
0.019195988969038915883
0.021299174078380594653
0.023410878193789221122
0.025259902502211439615
0.027140073951401941553
0.028692587816937682874
0.030306074683775871388
0.031525537298184218588
0.03284317172383158221
0.033699488330396755856
0.034698816826183471648
0.035168838641543750286
0.035834724055250212089
0.03590258398048979999
0.036227684110892680265
0.035884940597125571371
0.035870078832916131216
0.035115632305001925591
0.034770095786316409362
0.033609820415238836747
0.032951661969147967067
0.031397642131830236337
0.030454154108024492889
0.028523276729832742208
0.027332042151710726304
0.025043297565983300469
0.023654949985501147281
0.021023423684240838841
0.019510044781849521796
0.016529382106339918606
0.015017960941943383936
0.011577093284577755065
0.01051296739880420003
0.0035621891078941215271
-0.00039623396191024035202
0.000078645183226804280508
0.0019603539815280447298
0.0045498659900195789508
0.007128568522518152985
0.0096532830269521548218
0.012154730996432657624
0.014554551491147636291
0.016929342358317253833
0.019151306563566762983
0.021352791481089496318
0.023347789444650413679
0.025332975366097335378
0.02705652261697532657
0.028787098117222091379
0.030200134551841499331
0.031643372631748767588
0.032712977090190253287
0.033842509580688380668
0.034542493490152004523
0.035338953263778052993
0.035650308754498962106
0.036101837181414141784
0.036013018762817247886
0.036115640626064804245
0.035622659285476170801
0.035380536247079869479
0.034486839713085215773
0.033912429123711255915
0.032628527371931118368
0.031742703278163734148
0.030085461700256790678
0.028917719851816905033
0.026909148643706773681
0.02549817917306951793
0.023163282127884821313
0.021558673018898441651
0.018921030233162037928
0.017188655999227492777
0.014258507767645230813
0.01250178922347424535
0.0092232229085867990002
0.0077445279629864239963
0.0022759991593503508297
-0.0001605398826021422089
0.0019593413140274649124
0.0045534125358377596617
0.0071215991465756648067
0.0096643726877065467747
0.012138926405404221284
0.014575598749636300723
0.016902572555089106878
0.019184242620381818517
0.021313273716300372505
0.023394281893895583645
0.025279133238196379641
0.027118075144246566827
0.028717485510964079577
0.030278148843217565086
0.031556620262569731494
0.03280880159699964662
0.03373727819302915473
0.034657470450849469819
0.035213884452012254606
0.035785827429328428057
0.035955494069160237337
0.036170583170044557048
0.035946428895577353318
0.035803981955958038869
0.035186590991517832695
0.034693980369263197118
0.033691442277038584281
0.032864111023476757664
0.031491643440045509798
0.030353045017300019403
0.028632343641449239802
0.027213886463147410399
0.02517209821319439368
0.023513274192611989087
0.021181336852898258208
0.019330483375714445427
0.01674009809847036203
0.014757164037107107434
0.011933780962215933138
0.009900812711929768394
0.0068384746957536188688
0.004924892357650094778
0.00097987256346103182074
0.0019597451269220636415
0.0045519983187007016594
0.0071243782157882430543
0.0096599507118419501981
0.012145228306919407951
0.014567206630749247458
0.016913246043430146172
0.019171111097066328786
0.021329028598991041882
0.023375747377173290005
0.025300596392195078262
0.027093540159440893432
0.028745230978455259714
0.03024705762499564726
0.031591190224698056163
0.032770621063161398746
0.033779201114682584596
0.034611672096828342141
0.035263693882542514063
0.035731867126257070649
0.036013750985710987173
0.036107875846899493989
0.036013750985710987173
0.035731867126257070649
0.035263693882542514063
0.034611672096828342141
0.033779201114682584596
0.032770621063161398746
0.031591190224698056163
0.03024705762499564726
0.028745230978455259714
0.027093540159440893432
0.025300596392195078262
0.023375747377173290005
0.021329028598991041882
0.019171111097066328786
0.016913246043430146172
0.014567206630749247458
0.012145228306919407951
0.0096599507118419501981
0.0071243782157882430543
0.0045519983187007016594
0.0019597451269220636415
0.00076383387874614324118
0.0040202212033779267896
0.0098608895098723342472
0.018256693492960003295
0.029164021576181069091
0.042526046396930635272
0.058273117390691568331
0.0763231418953424755
0.09658201793153068236
0.11894412640252243927
0.14329288236552147257
0.16950134312425093342
0.19743287018019953214
0.22694184166995764043
0.25787441160713263797
0.29006931198536537376
0.32335869356784809668
0.35756900098354318645
0.39252187756974089549
0.42803509524464334461
0.46392350456270688229
0.5
0.53607649543729311771
0.57196490475535665539
0.60747812243025910451
0.64243099901645681355
0.67664130643215190332
0.70993068801463462624
0.74212558839286736203
0.77305815833004235957
0.80256712981980046786
0.83049865687574906658
0.85670711763447852743
0.88105587359747756073
0.90341798206846931764
0.9236768581046575245
0.94172688260930843167
0.95747395360306936473
0.97083597842381893091
0.98174330650703999671
0.99013911049012766575
0.99597977879662207321
0.99923616612125385676