0.002848449625256571987
-0.0010794805298942993002
0.0008214323638224373101
-0.00068444369020487842859
0.00059214338314925862896
-0.00052227312141468799036
0.00046551897650794684407
-0.0004172018298597814154
0.00037469523450267697818
-0.00033641361351904289651
0.00030135195548754659163
-0.0002688531333401399754
0.00023848067934046099089
-0.00020994491249941238157
0.00018305804019172934502
-0.00015770598819013858378
0.00013383048145436067577
-0.00011141786239148426989
0.000090492813180978989519
-0.000071116286654445454556
0.00005338804621046178941
-0.000037455933086902980247
0.000023538065532546144643
-0.000011977723771891026733
3.4200649410794736402e-6
0.0061635807109537844792
0.0065887466537580343155
-0.0017817804802690536088
0.0012410565917001460193
-0.00099856805442416207214
0.00084880077056772034861
-0.00074052731048116549169
0.00065474106984557448112
-0.00058270690398937658049
0.00051983496512321517129
-0.00046348880987197336308
0.00041206045920225590492
-0.0003645308779983537053
0.00032024160053596068797
-0.00027876766007254939723
0.0002398431655072999039
-0.00020331623454095939025
0.00016912151335296942367
-0.00013726424434233633304
0.00010781309918380047551
-0.000080901429166095863651
0.000056739596043260482822
-0.000035647460619349000653
0.000018136754640932109149
-5.178214398334745748e-6
0.0054682859719373318296
0.014324532096102499131
0.010234789175326578164
-0.0024241139882170285982
0.0015911992593577924942
-0.0012395320075758697567
0.0010323043261763710815
-0.00088756199751948787661
0.00077567446536860154719
-0.00068337085619379474043
0.00060384661779681243968
-0.00053327974457796018239
0.00046938554239637140505
-0.00041074194186488181938
0.00035644522235907075464
-0.00030592197173109806606
0.00025882112496201059033
-0.00021495017222573065938
0.00017423777608804918067
-0.00013671412328288966567
0.00010250581996500440245
-0.000071847173994887156352
0.000045118478286997989485
-0.000022948404979061289315
6.5508915520290940543e-6
0.0058389347058214750566
0.012581769585138108429
0.022277095552262356467
0.013726173993958797981
-0.0030205572581436271219
0.0019014786338127451376
-0.0014418388237499436398
0.0011778837511746234146
-0.0009976030124257739319
0.00086081644897504160119
-0.00074967862962708510919
0.0006551188467472198529
-0.00057208647347982179926
0.0004975878343624625101
-0.00042977472200738511408
0.00036748226209467704489
-0.00030997851374592185641
0.00025682234195469320646
-0.00020778114782567333274
0.00016278501298605277675
-0.00012190677869545691452
0.000085366678936162315042
-0.000053572151934276549587
0.000027235763128906267503
-7.7728388560411167349e-6
0.0055977380569141712254
0.013564293604259487926
0.019512142267613447122
0.029889838276750305728
0.017009583453089229302
-0.0035673326591160908013
0.0021758941897609746097
-0.0016129258946081845487
0.0012946160666787039085
-0.0010804415719148812446
0.00092015677979737452508
-0.0007915190397654553974
0.00068326145649670739494
-0.00058913304212031163366
0.00050544247537393790315
-0.00042992018735449719807
0.00036114321742657182759
-0.00029822521117368727994
0.00024064235775107604913
-0.00018813538945041997484
0.00014065980967564595243
-0.000098374757972863171778
0.000061678491979488368645
-0.000031337570503853098245
8.9404399961217958581e-6
0.0057711520918662419013
0.012898357576812063301
0.021102782139518357425
0.026149637806229315359
0.037047782444426491684
0.020035175083750254503
-0.0040579642646290096289
0.0024134633174872629884
-0.0017542581406066134745
0.0013853063174268605266
-0.0011396571832404998612
0.00095771714809726472906
-0.00081314656915884651805
0.00069262438466191189713
-0.00058877279778477642897
0.00049724434089623880487
-0.00041537426128502199804
0.00034150111913549134923
-0.00027460273425646960764
0.00021409500481917558288
-0.00015972431455973853798
0.00011152462618944865773
-0.000069839181501580756607
0.00003545530266190127225
-0.000010110775634538459183
0.005638631309313429433
0.013391894713526099688
0.020005308599126093866
0.028322008910137140538
0.032392812497137536562
0.043642955982633400322
0.022757065495740912453
-0.0044858057191467658492
0.0026120193302269183427
-0.0018655926615507393385
0.0014507922413376229611
-0.0011767595044069994667
0.00097544176702191516132
-0.00081678837084818456796
0.00068561572070964953888
-0.00057352454056519147129
0.00047557497303291590764
-0.00038875051231912097655
0.0003111861300424057241
-0.0002417584929979035715
0.00017986617243251980722
-0.00012532548136548792461
0.000078361900613798033375
-0.000039741474170316736389
0.000011326777604169321311
0.0057441809803599625628
0.01300585627327885699
0.020831001702556275981
0.026809082073055762683
0.035110724617129756478
0.038146494648244721076
0.049575713957539435867
0.025133987266762661051
-0.0048447716058372343787
0.0027692939838447637079
-0.0019462479942313525531
0.0014912810919494225423
-0.0011925207455897905003
0.00097448468392407745471
-0.00080386483154839112403
0.00066384513823541519213
-0.00054513519045870301532
0.00044228512017057250205
-0.0003519863671630072277
0.0002722224150333748363
-0.00020182578129901992092
0.00014025582625594124712
-0.000087529673369403877419
0.000044334342711171322356
-0.000012627052166752757407
0.0056575588821521129074
0.013319009026258432452
0.020176954241043762582
0.027957077803996201696
0.033207484037478374507
0.041365852954555694592
0.043323121014730110665
0.054756321353426629497
0.027129906118565913279
-0.0051296434963273046357
0.0028833227472838141626
-0.0019955807817482501301
0.0015068623945360767695
-0.0011874984927827627507
0.00095572561734194781743
-0.00077548803605568917535
0.00062859935336687522864
-0.00050503016397380503412
0.00039892105642190010315
-0.00030674990225763253278
0.00022642524704980937834
-0.00015683132095888660905
0.000097640575552683064602
-0.000049377213254331786919
0.000014051260740843691518
0.0057302710685604247124
0.013058213739379243475
0.020713153577849764598
0.027040859377751443063
0.03465918569874464341
0.039103772584984233749
0.046992663391434846515
0.047843999096475510322
0.059106368244933479542
0.028714564786427912085
-0.0053362353090262982483
0.00295262843516138828
-0.0020131949021251688829
0.0014977334669455690782
-0.0011622684866162659956
0.00092000327712800322424
-0.00073269150240459360226
0.00058106662509464574229
-0.0004545336358093001141
0.00034694509575046426401
-0.00025467087380096710894
0.00017566435384698008944
-0.00010904037404209279453
0.000055033599356862879824
-0.00001564424069464715086
0.0056681560291139790908
0.013279750754279897432
0.02026263169041828213
0.027796918028080835978
0.033495073867128043799
0.040834925455484400142
0.044408591230834188342
0.051905969080027697221
0.05164045681624743636
0.062559988728119878203
0.029863940883946193057
-0.0054614960036527576775
0.0029763149988978063241
-0.0019990421560367309726
0.0014643067508076309578
-0.0011175361579993952612
0.00086822922581975372117
-0.00067654595617006167259
0.00052245622644821518032
-0.00039499696754719618433
0.00028788450924876551565
-0.00019753463333601173551
0.00012215875050029333355
-0.000061503252186864874473
0.000017460241031505566793
0.0057219581282049938256
0.01308865470431733926
0.020648174446205993946
0.027158104022983525679
0.034459714684258017705
0.03944248212843130701
0.046390409065101426185
0.049041499045655963097
0.056031371048833126813
0.054654857776000075989
0.065064875689191002474
0.030560610747577510422
-0.005503575165825292516
0.0029541168312766344993
-0.001953471325082386944
0.0014072612954182830559
-0.0010541910595713026454
0.00080144620929555520285
-0.00060822431217363909023
0.00045407635758968542302
-0.00032790272837437038692
0.00022348955157179612198
-0.00013755802248764102277
0.000069042820883175040127
-0.000019568244635977337692
0.005674839761476244052
0.013255489038989391792
0.020313571986655436158
0.027707350749801700749
0.033641756121762676803
0.040599398903482700356
0.044793270353142201201
0.051241306616447974064
0.052932247858813232251
0.059306378070296254062
0.056841460503697965662
0.066583082409646782774
0.030794013431678862801
-0.0054618609144917619299
0.0028864212641944204516
-0.0018772484974404298922
0.001327564378318594307
-0.00097333208292265196273
0.00072086063833962370485
-0.00052904873598219134959
0.00037741078441578180055
-0.00025500276188410478641
0.00015600636399772016996
-0.000077995731473323160711
0.00002205948903689992198
0.0057164674951491213116
0.013108450486632893591
0.020607136373140797351
0.027228858436345799841
0.034347069634552828991
0.039616273809910823584
0.046122355303655463996
0.049466528324229766898
0.055314003296703129203
0.056021868277437541114
0.061681353092974773058
0.058167104663878386345
0.067091602029183018118
0.030560610747577510422
-0.00533699392129861636
0.0027742717968557481802
-0.001771558811701300255
0.0012264754878693590044
-0.00087627807361960127948
0.00062786803906920199703
-0.00044054777807955910112
0.0002942439649340702838
-0.00017859609555283761854
0.000088838603198729371011
-0.000025058877691849851628
0.0056794390094816384072
0.013238996559702933505
0.020347419600152862994
0.027649882621253607698
0.033731282396929693088
0.040465347135047705191
0.044991674765033609725
0.050944520489695383774
0.053391583011312072837
0.058546665730855219431
0.058263575017084755156
0.063120263651191751817
0.058611711864459919278
0.066582717498807778522
0.029863940883946193057
-0.005130859155264054033
0.002619355420884390198
-0.0016379945465023751199
0.0011055397606476365635
-0.00076457528798389113527
0.00052409303905041480412
-0.00034457004016324001546
0.00020694666023487419766
-0.00010225744676382880151
0.000028743221399164883104
0.0057125434912077911248
0.013122459708159205751
0.020578618724695249122
0.027276683634070615874
0.034273837779979425713
0.039723405071750044743
0.04596866462729112502
0.049686907908430676359
0.05499250373953642016
0.056509126295727820945
0.06089015025450865211
0.059623488028209451766
0.063601221765482894485
0.058168593059993632564
0.065064117076918684362
0.028714564786427912085
-0.0048465560078016529842
0.0024239754370498117788
-0.0014785323999530216089
0.00096657758251627525722
-0.00064001879256618480634
0.0004114886101661528995
-0.00024357522719660826998
0.0001192795681368251564
-0.000033371818047280738401
0.0056828479897723002824
0.013226870520770400418
0.020371937775100473263
0.027609179308876482572
0.033792741659128649225
0.040377100069758141539
0.045115209935059924803
0.050773004697499127135
0.053631212883764951329
0.058204617608911513345
0.058772156150550438297
0.062308719987937783595
0.060081164468821648832
0.063116802276903270975
0.056844559020608571951
0.062558773069183128805
0.027129906118565913279
-0.004488346819901307396
0.0021910099767517142407
-0.0012955027870551855859
0.00081168286870008409672
-0.00050472981607860573269
0.00029262410960939374576
-0.00014151571874236382114
0.000039340368361031066506
0.0057095263026798967314
0.013133158964804897309
0.020557108024022560205
0.027312092161661654716
0.034220992687477478525
0.03979812775246713417
0.045866117358644832133
0.049825689413354749599
0.054804947427590529573
0.056765284434620408978
0.060531746599440777238
0.06014673681123094339
0.062780547608947516102
0.059629940403205598302
0.061674129762123738667
0.054659835589011060462
0.059104583842969060937
0.025133987266762661051
-0.0040615829660576109617
0.0019238555192557879307
-0.0010915577109512978743
0.00064326591486183328042
-0.00036142335190311965305
0.00017163703423721164096
-0.000047281729846818588898
0.0056855724729089746526
0.013217234781686385367
0.020391216450039358294
0.027577673469283083888
0.033839300733745938796
0.040312108660498412578
0.045202944861439419182
0.050656725045844443078
0.05378423726409891065
0.058002654113421015641
0.059042266047182736575
0.061938009866003205412
0.060612585096335810441
0.062297980999562020311
0.058277089526554763153
0.059294722234406563508
0.051647792906904908215
0.05475378025267208795
0.022757065495740912453
-0.0035726058151328913149
0.0016263544090409220414
-0.00086966092221954457536
0.00046426975152706246132
-0.00021440140601003105713
0.000058267941199714540922
0.0057070100261476824331
0.013142038004854167359
0.020539417532154737084
0.027340823361728147305
0.034178891220738197142
0.039856255162681333424
0.045788733725738294513
0.049926473414389830752
0.054675186498416848556
0.056931885231959585365
0.060316654565677162543
0.060428597110493108947
0.06240117343251657212
0.060163504347057756115
0.060867538951132885975
0.056043823255428963643
0.056014070377738440033
0.047854511216038059113
0.049572095256110834535
0.020035175083750254503
-0.0030286155382480330809
0.0013027101816882806042
-0.00063320378886520109729
0.00027913573070400532965
-0.000074252841353097927382
0.0056879588105170221781
0.013208830878019921729
0.020407899858673667959
0.027550722745890459135
0.033878507096502812651
0.040258485556950928981
0.045273488633730748857
0.050566199744699009381
0.05389866901970525473
0.057859049760210321368
0.059222439292518448211
0.061710354537275332478
0.060904765406861018207
0.061912740534920476242
0.058807724988095011589
0.058509571144770705414
0.05296519617045312265
0.05188090042813350665
0.043338236801720850296
0.043637682826616599808
0.017009583453089229302
-0.002437490288832709765
0.00095743608303970920594
-0.00038680029674341929497
0.000099161193598972748519
0.0057046720893691850907
0.013150257544387162363
0.020523150502587432877
0.027366981308981433648
0.034141073684873915518
0.03990756515451445623
0.045721912139307498238
0.050011152191570628895
0.054569790750877748414
0.057061647310761147125
0.060157656489899771228
0.060623633660792558334
0.062160113336837547401
0.060466102648407800992
0.060477560397519471223
0.056568313123880782568
0.05525741524955760049
0.049090090782350698687
0.046955969815231768546
0.038168871533687763869
0.037039724164322085725
0.013726173993958797981
-0.0018075172016092001391
0.00059572372237796020234
-0.00014203545530833108264
0.0056903483589611148799
0.01320044171249512992
0.020424459872366158338
0.027524195161912483119
0.033916661086213454201
0.040207064290783398672
0.045339893215393775725
0.05048292470575105276
0.054000991112169815968
0.057735051544586922236
0.059371436545533315359
0.061531963437019902664
0.061118641320961354197
0.061654501239732981027
0.059124035150095573674
0.05811250042904961891
0.053484137771763225011
0.051155536531044809978
0.044481826665305453824
0.041309882175076378763
0.032427967646820666109
0.029876461976134624561
0.010234789175326578164
-0.0011470387885864304997
0.00022861327857581214432
0.0057020774649114787197
0.013159356552875136522
0.020505225811272505328
0.02739560839187433548
0.034100068335344554467
0.039962537068316708531
0.045651395235824161239
0.050098853020172352677
0.054463128471672785948
0.057189286407348524266
0.060006649427964935511
0.060800979894619060157
0.061952557741356079307
0.06070916103595276494
0.060191370577764359477
0.056909294607732608998
0.054842519141121203139
0.04961323346367974762
0.046254658301962990397
0.039221549396932788658
0.035017734960602620676
0.026211291396217449944
0.022251358830922209937
0.0065887466537580343155
-0.00046668146044064050526
0.0056934791855720645003
0.013189471031287959658
0.020446040285120610183
0.027489803921004498943
0.033965778859967996814
0.040141466454154954461
0.045423638178300845916
0.050379392395916806371
0.054125981755677465882
0.057586835561045962753
0.059544823727700656769
0.061331166407654433226
0.061349546184017264611
0.06139007462849516082
0.059426529812404839522
0.057765543186374867066
0.05388511700262914958
0.050685176363385103517
0.045048612014973878062
0.040592623288915196997
0.033427023523029199975
0.028136791678122474392
0.019648145986830719018
0.014256973837410367931
0.002848449625256571987
0.005696899250513143974
0.013177493307516068631
0.020469578350653156328
0.027452347987917595963
0.034019166906178458604
0.040070350167500509007
0.045514130991481824906
0.050267974533525322101
0.054259812237131826558
0.05742912957285582417
0.059727881767892386114
0.061121221495155020844
0.061588026863357725602
0.061121221495155020844
0.059727881767892386114
0.05742912957285582417
0.054259812237131826558
0.050267974533525322101
0.045514130991481824906
0.040070350167500509007
0.034019166906178458604
0.027452347987917595963
0.020469578350653156328
0.013177493307516068631
0.005696899250513143974
0.0022215151047509510456
0.011668039270241244251
0.028512714385512830293
0.052504001060862315574
0.083278685619582999289
0.12037036848132118471
0.16321681576326581776
0.21116853487938851614
0.26349863427714251974
0.31941384709530608113
0.37806655813950578398
0.43856765369464480181
0.5
0.56143234630535519819
0.62193344186049421602
0.68058615290469391887
0.73650136572285748026
0.78883146512061148386
0.83678318423673418224
0.87962963151867881529
0.91672131438041700071
0.94749599893913768443
0.97148728561448716971
0.98833196072975875575
0.99777848489524904895