0.032371241542217423318
-0.011451017283183870288
0.0076332038724235449258
-0.005133733563225344982
0.0031750587736856376368
-0.0016068190370461058556
0.0004581095237494529823
0.070043541378726076273
0.069926347872319166975
-0.016590006578847771164
0.0093496227834433320763
-0.0053970919318961378546
0.0026458438667300373798
-0.00074385019017192361733
0.062153935787349864536
0.15200552205783099256
0.095457512626279736238
-0.018375244215451837389
0.0087125625984751819838
-0.0039535801588104381209
0.0010767156156279167382
0.066332928617684700552
0.13359576922388228842
0.20770188076597078209
0.10448979591836734694
-0.016786855513411309614
0.0062569265207560455328
-0.0015904455332498539168
0.063665767468806929897
0.14380627590344877207
0.18220246265408429049
0.22735483605218653127
0.095457512626279736238
-0.012152826313192658611
0.0025885472970849820994
0.065486333274606770253
0.13720685187790829657
0.19631211718445561033
0.1996299690532913618
0.20750503183140724364
0.069926347872319166975
-0.0053010582942912296377
0.064284373560685393653
0.14145951478168443981
0.18773996647887383484
0.21411332539996003886
0.18328182138013592755
0.15130371302782220424
0.032371241542217423318
0.064742483084434846635
0.13985269574463833395
0.19091502525255947248
0.20897959183673469388
0.19091502525255947248
0.13985269574463833395
0.064742483084434846635
0.025446043828620737737
0.12923440720030278007
0.29707742431130141655
0.5
0.70292257568869858345
0.87076559279969721993
0.97455395617137926226