0.04283112309479258626
-0.014763725997197412475
0.0093250507064777511914
-0.0056688580494835119009
0.0028544333150993351309
-0.0008127801712647621123
0.092673491430378863187
0.090190393262034651892
-0.020300102293239585952
0.010363156240246423731
-0.0048871929280376714634
0.0013555610554850617755
0.082247922612843873808
0.19603216233324500606
0.11697848364317276185
-0.02048252774565609763
0.0079899918996623357972
-0.0020756257848663341936
0.087737871974451506714
0.17239079462440696799
0.25443949503200162132
0.11697848364317276185
-0.015651375809175702271
0.0034143235767412987124
0.084306685134100110745
0.18526797945210697525
0.22359381104609909996
0.25425706957958510965
0.090190393262034651892
-0.0070112452407936906664
0.086475026360849934632
0.17752635320896996865
0.2396258253358290356
0.2246319165798677725
0.19514451252126671626
0.04283112309479258626
0.08566224618958517252
0.18038078652406930378
0.23395696728634552369
0.23395696728634552369
0.18038078652406930378
0.08566224618958517252
0.033765242898423986094
0.16939530676686774317
0.38069040695840154568
0.61930959304159845432
0.83060469323313225683
0.96623475710157601391