0.00069920179277247389389
-0.00026624984577439630229
0.00020436774787232569145
-0.00017245292082337724381
0.00015171829316953269323
-0.00013666400687097070402
0.00012497184629865938964
-0.00011546398961264356465
0.00010746812321057176579
-0.00010056839278805053358
0.000094491953051333281698
-0.000089051520205710042894
0.000084113878786166160016
-0.000079581511507609454008
0.000075381334609766337777
-0.000071457499749605570193
0.000067766632504026025007
-0.00006427458843113497855
0.000060954186093300615841
-0.00005778358731457373547
0.00005474511713335813934
-0.000051824389169043415948
0.000049009647379486420125
-0.000046291263899882905938
0.000043661351309265108862
-0.000041113460054731213491
0.00003864234014642049539
-0.000036243752014145734501
0.0000339143154671248671
-0.000031651388584841413633
0.000029452970458701590045
-0.000027317623247406280958
0.000025244410172262429893
-0.000023232846980361678183
0.000021282865130252302864
-0.000019394785574057723235
0.00001756930258054445874
-0.000015807477624227145602
0.000014110744026219366205
-0.000012480923870578967111
0.000010920259887986953544
-9.4314667575551014225e-6
8.0178091044993722228e-6
-6.6832182958643639743e-6
5.4324688943797346578e-6
-4.271452678795582919e-6
3.2076242625288266165e-6
-2.2507777217863156801e-6
1.4145481172608012293e-6
-7.1983890798937373409e-7
2.0554156914504012622e-7
0.0015129590906268401691
0.001625084445813150073
-0.00044329116879432685711
0.00031268883084887839273
-0.00025583985170027479596
0.00022209104623820013195
-0.00019877959900777227783
0.00018118017162618564236
-0.00016709933821055782834
0.00015536609556975844556
-0.00014529138220908192276
0.00013643976674592313618
-0.00012852078292825469609
0.00012133230909712522664
-0.00011472889041947658923
0.0001086029697586929613
-0.00010287322966189360743
0.000097477059863809011779
-0.000092365524877629312201
0.000087499904099085963264
-0.000082849253291417515079
0.000078388648335078718907
-0.000074097896106158687624
0.000069960572278849221042
-0.000065963292477629941425
0.000062095152990575340328
-0.000058347296733791769679
0.000054712573170615949749
-0.000051185269757006176416
0.000047760898640994224314
-0.000044436026696826126823
0.000041208140110635514753
-0.000038075537042679585746
0.000035037243635275054185
-0.00003209295000141130592
0.000029242963954787245314
-0.000026488181240140464518
0.00002383007199809777519
-0.000021270684267954183731
0.000018812666649187594801
-0.00001645931404348701631
0.000014214643080409596283
-0.000012083508113151137127
0.000010071775958946640349
-8.1865907699732014389e-6
6.4367861217032964347e-6
-4.8335558485753078402e-6
3.3916238201141544453e-6
-2.1315061750025438405e-6
1.0846757350248126373e-6
-3.0971476975875269572e-7
0.0013422851321869776346
0.003533083787305503928
0.0025462978244554324848
-0.00061074243183286311429
0.00040764689086795861201
-0.00032428948520292546861
0.00027705440319947571579
-0.00024554940309755946043
0.000222367465232265247
-0.00020416334959532158624
0.00018919783738233582492
-0.00017647249237363129532
0.00016537041509990049059
-0.00015548828775633935905
0.00014655042018894214003
-0.00013836150393577034646
0.00013077909300323245425
-0.00012369678664534540569
0.0001170335285270493098
-0.00011072655909458876329
0.00010472663407248458896
-0.00009899469557999343131
0.000093499501579967645782
-0.000088215903864380785758
0.000083123575012075837913
-0.000078206052592381287281
0.000073450011757981466007
-0.000068844705118642146478
0.0000643815271457804339
-0.000060053672753679530273
0.0000558558682369892423
-0.000051784158733804376591
0.000047835740674889699957
-0.000044008830828850240106
0.000040302565937295670285
-0.000036716928820202387214
0.000033252698422427999052
-0.000029911422740474585662
0.000026695415088285639449
-0.000023607775944918424851
0.000020652444983840691684
-0.00001783429132037600508
0.000015159255442243148408
-0.000012634565472211085202
0.000010269067015787041105
-8.0737381088858073116e-6
6.0625290861583059148e-6
-4.2538285806971335246e-6
2.6733000220235692217e-6
-1.3603583594515787658e-6
3.8842847449049106119e-7
0.0014332716783035901509
0.0031032277507982997181
0.0055422951420805306376
0.0034581585016194555742
-0.00077377658336634956171
0.000497402308977121883
-0.00038688463825911478918
0.00032576927400491588745
-0.0002858713080755123576
0.00025703937150552914959
-0.00023473173166030215635
0.00021661108749195853812
-0.00020134992350034582823
0.00018813684670054769865
-0.00017644702080613118074
0.00016592537801795835955
-0.00015632283756343624867
0.00014745940880653098514
-0.00013920180348104547866
0.00013144929383597899782
-0.00012412446699079370865
0.00011716699799668676999
-0.00011052934591160552189
0.00010417371058449869013
-0.000098069837261753256574
0.000092193404492911374193
-0.000086524821699285071244
0.000081048319933917598002
-0.000075751256186219458769
0.000070623575832810044258
-0.000065657394133648811828
0.000060846668845042191217
-0.000056186943835478714103
0.000051675149177779377422
-0.000047309447295475778634
0.000043089117868803876978
-0.000039014476719682933151
0.00003508682608125800712
-0.000031308435775886895193
0.000027682557163117603286
-0.000024213474663754992682
0.000020906603829792101894
-0.000017768651393930678496
0.000014807863572699537998
-0.00001203440841376569602
9.4609758286327390852e-6
-7.1037590256536788977e-6
4.9841701905868465012e-6
-3.1321625239453463913e-6
1.5938179564458286966e-6
-4.5508261621563913744e-7
0.0013740571654528031668
0.0033455887479302255999
0.0048543703046244218187
0.0075304396422490311911
0.0043571786808502630649
-0.00093305620863731180659
0.00058372211618171550744
-0.0004459365213099535824
0.00037080316309292297226
-0.00032241079098852084165
0.00028787075580486920629
-0.00026143903233833635539
0.00024017253131626024196
-0.00022240779385713769268
0.00020713342807171766239
-0.00019369883298533094245
0.00018166633888638909557
-0.00017073065755397648257
0.00016067241535933404824
-0.00015133004577230981719
0.00014258209387168932977
-0.00013433568864991947089
0.00012651880818957100658
-0.0001190749543072781745
0.00011195940216626315508
-0.00010513650578717605025
0.000098577727709243254442
-0.000092260175600811996628
0.000086165500527754101378
-0.000080279057819397435721
0.000074589261853032590216
-0.000069087086459730951903
0.000063765676605945867659
-0.000058620046758110125056
0.000053646848320469951751
-0.000048844193692686858162
0.000044211528471909069507
-0.000039749546602008205172
0.000035460146246818231481
-0.000031346427228146278365
0.000027412734508131434326
-0.000023664757133964958866
0.000020109699546534548224
-0.000016756554547591387093
0.000013616529398145820129
-0.000010703719417094430607
8.03621409266826428e-6
-5.6380347163606329797e-6
3.5428899646985069422e-6
-1.8027574728599600096e-6
5.1473138908845090962e-7
0.0014166394197983460464
0.0031812916197730886194
0.0052501792495962320992
0.0065880542216861110282
0.0094902151613124968663
0.0052399971004258026449
-0.0010884209150461633938
0.00066704360919253863257
-0.00050219715849788647787
0.00041308961989288106015
-0.00035620479918039977148
0.00031595311441263141635
-0.00028539992841608722683
0.00026099960513578243265
-0.00024075291805525167484
0.00022344758039446318437
-0.00020830603957626324535
0.00019480685159138706478
-0.00018258747274841868255
0.00017138825091405503614
-0.00016101859330696910114
0.00015133570040007756953
-0.00014223073638149781185
0.00013361956763387281273
-0.00012543639949718640753
0.00011762930493081234925
-0.00011015701968240742156
0.00010298660469279537405
-0.000096091714645905262018
0.000089451298255468956747
-0.000083048611568270854344
0.00007687046213556966972
-0.000070906626428763984239
0.000065149399666164900955
-0.000059593248973016036733
0.000054234549250037991953
-0.000049071387429030227091
0.000044103425754884818009
-0.000039331818971889214352
0.000034759184364258327175
-0.000030389628124126199929
0.000026228837352159890566
-0.000022284255553659948203
0.000018565373421409556904
-0.000015084191413965419257
0.000011855958266047333257
-8.9003900491046165351e-6
6.2438114694269293871e-6
-3.9233116713381945085e-6
1.9962455716923908988e-6
-5.6996355408554819107e-7
0.001384086711230632307
0.0033030963740887782393
0.0049770089797522912372
0.0071355267568563416121
0.00829763672165741364
0.011414455712378605485
0.0061033251434453585683
-0.0012394792438498666405
0.00074739551664024407733
-0.00055590709181723764575
0.00045299794663487928451
-0.00038770471974829719172
0.00034179016857914925625
-0.00030715043689274236763
0.0002796467299795409489
-0.00025694832186641940885
0.00023764394270523736705
-0.00022082986713064928203
0.00020590110142671489319
-0.00019243780310402917164
0.00018013987580687486205
-0.00016878748720197343788
0.00015821627047517655559
-0.00014830121185266658142
0.00013894587104644279322
-0.00013007498341058759479
0.00012162926818064490923
-0.00011356171253533386428
0.00010583486549183514104
-0.000098418837102227180166
0.000091289799680657311909
-0.00008442885283484787372
0.000077821156792427841732
-0.000071455267170552305986
0.000065322623985374001305
-0.000059417161500395052873
0.000053735015512776951185
-0.00004827431225008413621
0.000043035029190368405205
-0.000038018923639091439761
0.000033229530608027072974
-0.000028672238471881077895
0.00002435446063789053723
-0.000020285936983727940667
0.000016479226047232852597
-0.000012950501147121823648
9.7208734921305431614e-6
-6.8187243494177664153e-6
4.284238900424178273e-6
-2.1797792206447694826e-6
6.2234796620826884272e-7
0.0014100299124372791458
0.0032077675071546614333
0.0051826368995750385142
0.0067540805468292275703
0.0089941729136569859798
0.0099766341889078178524
0.01329607996548255781
0.006943949648540619299
-0.0013857628251020391688
0.00082465263397489193008
-0.00060710297487492840931
0.00049066305208471363882
-0.00041711057973752741687
0.00036562649501182316122
-0.0003269657738071859205
0.00029640990686935262273
-0.00027130361306246802073
0.00025004040388569823185
-0.00023159248289698660226
0.00021527249655235525198
-0.00020060397607826461299
0.00018724675294570588438
-0.00017495195040465465497
0.00016353372492198916495
-0.00015285091405862808264
0.0001427947652496805978
-0.00013328051965804927058
0.00012424151022822002043
-0.00011562494120037504984
0.0001073888178418262369
-0.000099499679343478471492
0.000091930903350839141911
-0.000084661424813342896851
0.000077674760596925998183
-0.000070958264054297579572
0.000064502556258075460306
-0.000058301096503822928106
0.000052349866347076591432
-0.000046647150476399607294
0.000041193405375522008456
-0.000035991214098402277795
0.000031045333835139643263
-0.000026362854127303914493
0.000021953500838581111645
-0.000017830150781285664411
0.000014009678615246554358
-0.000010514376678208517112
7.3744686952783578681e-6
-4.6330068913434778592e-6
2.3570859929894357719e-6
-6.7294817077774299727e-7
0.0013887187814299783643
0.0032851681874713388936
0.0050196181310447394662
0.0070437330443426901973
0.0085061205797921646922
0.010819161475055638874
0.011618720263542502579
0.015128134667993785499
0.0077587428225400021136
-0.0015267796127459124105
0.00089862581866159219341
-0.00065573048883541582596
0.00052611083059554784542
-0.00044450188300187846744
0.00038757936068638105825
-0.00034499044110141868168
0.0003114534225562685406
-0.0002839973822679086345
0.00026082572172533006919
-0.00024078963324189004418
0.0002231212970837464697
-0.00020728881912413341278
0.00019291273426154911711
-0.00017971562895447666868
0.00016749051840878510259
-0.0001560803148467904572
0.00014536410320345982848
-0.00013524773205990778814
0.00012565721861307761988
-0.00011653403547996908809
0.00010783168474484766996
-0.000099513170919944927937
0.000091549113873322046739
-0.000083916325926540626484
0.000076596732001637994362
-0.000069576548487457227932
0.000062845661885879512277
-0.000056397166390033828324
0.000050227033048106377847
-0.000044333894006541114748
0.000038718935081029656355
-0.000033385900181807558664
0.000028341224067630631237
-0.000023594329112185985066
0.000019158154273971134118
-0.000015050045755750229893
0.000011293266982366560021
-7.9196867695787014968e-6
4.975030109363944203e-6
-2.5309153215508164141e-6
7.2254830817270861808e-7
0.0014066329932772521212
0.003220620304287543267
0.0051534359730042854078
0.0068122892825168278944
0.0088787640482381033479
0.010226668142125704085
0.012603725939916791578
0.013217733666856812459
0.016903833600658496502
0.0085446733010470840591
-0.0016620364005213260839
0.0009690996793429107529
-0.00070169267178177218973
0.00055931314857019972606
-0.00046989629162965359688
0.0004076990238625201779
-0.00036129873873436723051
0.00032486963913602017611
-0.00029513566608798081534
0.00027011628115832777824
-0.00024854547155652339602
0.00022957739011289393167
-0.00021262632783452993071
0.00019727461311089297308
-0.00018321704894556120118
0.00017022603961008124344
-0.0001581289519505923972
0.00014679298572160563832
-0.00013611480377599624702
0.00012601326622170193687
-0.00011642424038244920504
0.00010729683086584815558
-0.000098590601622527617625
0.000090273504671667844309
-0.000082320321987497486818
0.00007471148749747412864
-0.000067432196937858172694
0.000060471741641298591477
-0.00005382302278537022976
0.000047482218316827797698
-0.000041448588024030625508
0.000035724415198742977252
-0.000030315098574675042399
0.000025229429771987512823
-0.000020480126953812112844
0.000016084761445006413097
-0.000012067351394110733325
8.4612187296998024785e-6
-5.3145878829812023303e-6
2.7034381021833134644e-6
-7.7176718559250395065e-7
0.0013912984945063670138
0.0032755603752395313043
0.0050407875501215002264
0.0070036119261621116587
0.0085794687743781915727
0.010680719956453906115
0.011909322821580009675
0.014341257222543034523
0.014767690649907416659
0.01861659008956060127
0.0092988172308150732107
-0.0017910500728660378293
0.0010358505535352397789
-0.00074487313790531692478
0.0005902146766039057686
-0.00049327873599668665115
0.00042599911186785750264
-0.00037592567371501755571
0.00033670990944447553561
-0.0003047825014311552957
0.00027798603494363998409
-0.00025494171556967245646
0.00023472855323455155357
-0.00021670896746776905432
0.00020042842545817359875
-0.00018555490003466861811
0.000171840874376915706
-0.00015909867930361983089
0.00014718401334816594831
-0.00013598464984479205862
0.00012541252671384665604
-0.00011539809873743660591
0.00010588623805633922171
-0.000096833216691795548172
0.00008820446060485401863
-0.000079972865018854235827
0.000072117526842620494025
-0.000064622794837847212462
0.000057477569587445238988
-0.00005067480847274510374
0.000044211209370674629376
-0.000038087063619379327742
0.00003230628715454375612
-0.000026876663158938572993
0.000021810368418982434529
-0.00001712492667623725762
0.000012844879022551676839
-9.0048047169620561821e-6
5.6552650113147355326e-6
-2.876470692658206164e-6
8.2112220314631758363e-7
0.001404618667274653561
0.0032280369317085206205
0.0051374484108929679599
0.0068415468017801013058
0.0088280621543600042258
0.010314738420035615614
0.012442845215168365417
0.013547810056626834605
0.016025317227997982253
0.01626280087422761704
0.02026004549481989932
0.010018369071374113297
-0.0019133541121190635914
0.0010986560604232737411
-0.00078514831883107167684
0.00061874713906925994781
-0.00051461704500789034468
0.00044247312128526281754
-0.00038888393478605700949
0.00034700172808164877668
-0.00031297703201979634769
0.00028448340443323225805
-0.00026003422639115394011
0.00023863662988903067286
-0.00021960338801941400732
0.00020244466701088383841
-0.00018680273100454529983
0.0001724109664919564477
-0.00015906728745814900082
0.00014661636664223659244
-0.00013493746183449131958
0.00012393589132082574858
-0.00011353695051614801067
0.0001036814997474509092
-0.000094322720827539520408
0.000085423708172473689696
-0.000076955668553777497443
0.000068896575263079696034
-0.00006123017138058214671
0.000053945251651230806815
-0.00004703517896351408524
0.000040497613956503899068
-0.000034334458979092158255
0.000028552045821198076761
-0.000023161639476451148409
0.000018180406809159167057
-0.000013633155603097547784
9.5555144473302318007e-6
-6.0002210040892507917e-6
3.0516116683320884372e-6
-8.7106836288360368052e-7
0.0013929074181294251833
0.003269687059800611314
0.0050532445581344315666
0.0069813877998396822086
0.0086165619532311281207
0.010619751553715346404
0.012011703611699815971
0.014158573912395747392
0.015136017428849260934
0.017649661491169250479
0.017697485108465509467
0.021828095123648968395
0.010700651999470021663
-0.0020285028704736918587
0.0011573006786006643803
-0.00082239444424796296563
0.00064483743100863605948
-0.00053387090028508736493
0.00045710394489762480793
-0.00040017377502303368012
0.00035575879773439139832
-0.00031974362511792374634
0.00028964134486360432785
-0.00026386294556255469091
0.00024134728100877909688
-0.00022135994858917290648
0.00020337756028271713321
-0.00018701793867697806453
0.00017199631470735576389
-0.00015809690058084263108
0.00014515389935365040231
-0.00013303849695868638984
0.00012164975661021347787
-0.00011090812454070194416
0.00010075072433237010953
-0.00009112790346396362521
0.000082000675691393714055
-0.000073338819113330581744
0.000065119467044511673941
-0.000057326082113925595514
0.000049947742856377296341
-0.00004297870314804926313
0.000036418213785363331896
-0.000030270628759075541626
0.000024545866524721037318
-0.00001926037940280458061
0.000014438951313819120562
-0.000010118031439219995189
6.3523678151203373564e-6
-3.2303319608344258255e-6
9.2202395900499426981e-7
0.001403309069838531058
0.0032327860981973177966
0.0051274995567228105826
0.0068589600692098479811
0.0087997897495304728356
0.010359424531534760923
0.012371916782056918261
0.013664072853028030116
0.015821526632660414574
0.016668021180225933199
0.019208263140064500437
0.01906639362759172555
0.023314912271741551109
0.011343127851912517187
-0.0021360746774879097017
0.0012115792873965317278
-0.0008564918045624458814
0.0006684125269635729973
-0.00055099725337194755454
0.000469869659627565171
-0.00040978904983843566168
0.00036298721693920436575
-0.00032509812801157545263
0.00029348360626298332562
-0.00026645811009902780594
0.00024289611535938352087
-0.00022201873345927034798
0.00020327093431828846626
-0.00018624749521367045664
0.00017064653643166016552
-0.00015623936934028784119
0.0001428503566831736931
-0.00013034312079180134413
0.00011861089338697717339
-0.0001075696378682302763
0.000097153072012589178804
-0.00008730902308827806771
0.000077996738784564814201
-0.00006918490134548856539
0.000060850175344083724991
-0.000052976177822088391046
0.000045552803690130383979
-0.000038575877452222508297
0.000032047142619541238786
-0.000025974654221039553774
0.000020373729899859676178
-0.000015268793518758790861
0.000010696856060499018622
-6.7144963580389864066e-6
3.4140388658483454216e-6
-9.7438879631484108621e-7
0.0013939905427472116188
0.0032657795245196060055
0.0050613515466339626755
0.006967406427517723359
0.0086387912028881488798
0.010585621065864908125
0.012063745085617543188
0.01407799865095298752
0.015265704164834482022
0.017425524582566145554
0.018138109084423799171
0.020695336306864980593
0.020364424633067171976
0.024714970714566670889
0.0119434065601557755
-0.0022356742787916073116
0.0012612995860754968536
-0.00088732751554116980984
0.00068940260787235391257
-0.0005659537594722020695
0.00048074719739841061045
-0.0004177210580832724843
0.00036868943269830175769
-0.00032905188270533566023
0.00029602876964465697513
-0.00026784427745320278896
0.00024331267729349534262
-0.0002216134823556534736
0.00020216208196451766153
-0.00018453172093162859217
0.00016840454805748278516
-0.00015353985370539031955
0.00013975285820279940035
-0.00012690019050502656755
0.00011486973298845868827
-0.00010357339062713301493
0.000092941866814970320893
-0.000082920848966143117623
0.0000734682094154182758
-0.000064551958925864975812
0.000056148779485170720685
-0.000048243027640712800463
0.00004082615170378020901
-0.000033896516587472988392
0.000027459692476405191231
-0.000021529362376376796901
0.000016129194659441792702
-0.000011296462502122690219
7.0893738083715250418e-6
-3.6041250973432918643e-6
1.0285581253727758312e-6
0.0014024008807263011467
0.003236048930365067645
0.0051207820964553496181
0.006870410566822894802
0.0087818798198835297091
0.010386319444248111667
0.012332116896597184425
0.013723229045738106468
0.015731633776365181869
0.01681063759474889464
0.018964609037003947162
0.019540801610335058508
0.022105358498810863909
0.021586742275351066528
0.026023065782374296311
0.012499255037514352445
-0.0023269348504354878416
0.0013062838507428801319
-0.00091479740776700293067
0.00070774314430233614864
-0.00057870104229164722048
0.00048971475928840013583
-0.00042396106943599809477
0.00037286684705003474078
-0.0003316143816601291743
0.00029729292642702718869
-0.00026804300752149188949
0.00024262311425746756075
-0.00022017422994118314153
0.00020008436099705388474
-0.00018190683952537463938
0.00016530906930136472035
-0.00015003927382920364434
0.00013590429507553413277
-0.00012275440067790461779
0.00011047266667655450901
-0.000098967427207539826683
0.000088166831842165087521
-0.000078014888045927175118
0.000068468579395223481132
-0.00005949579018933718375
0.000051073864049111509074
-0.000043188697612295227486
0.000035834335847531129806
-0.000029013109553257906596
0.000022736465490155668277
-0.000017026845104155807355
0.000011921430424298262699
-7.4798246531465699087e-6
3.8020094581452599461e-6
-1.0849341663257747471e-6
0.0013947611850590069974
0.003263020206520697451
0.0050669970157288915076
0.0069578732753831415585
0.0086535089717799567219
0.010563901968268236028
0.012095153458697650484
0.014032720248939977184
0.015331724995350579773
0.017326664867324155142
0.018293121584629772378
0.020433062214039427303
0.02087087197424299593
0.023433091792834445654
0.022728794009886352162
0.027234334059902181156
0.013008605484174271891
-0.0024095197155339395638
0.0013463702727851542204
-0.00093880737575328502801
0.00072337633781597419937
-0.00058920423832783199649
0.00049675345143138745192
-0.00042850203383397992699
0.00037552158089871553483
-0.00033279506813838219849
0.00029729149955476002029
-0.00026707469122078103436
0.00024085200192659644097
-0.00021772911893700496183
0.0001970689888635658751
-0.00017840675019058901507
0.00016139637056580970591
-0.00014577603267361666523
0.00013134503032027047538
-0.00011794796628408532952
0.00010546371970513979729
-0.000093797613956982690754
0.000082875788729760378639
-0.000072641132073386009442
0.000063050352253743385094
-0.000054071918644615403943
0.000045684708124227662042
-0.000037877281568752907231
0.000030647805707597469766
-0.000024004759941674745838
0.000017968790281258710202
-0.000012576564611079982066
7.8888037684710822375e-6
-4.0091733069313780507e-6
1.1439364098258501167e-6
0.0014017400640334960088
0.0032384084170743134014
0.005115979396171049003
0.0068784584620787248917
0.0087695858777956268241
0.010404209460726708235
0.012306712662533577181
0.013758996231362260514
0.015681073924706346906
0.01688325937300457706
0.018857157663083402457
0.019707636225526214992
0.021825428128535185842
0.022123365229418764468
0.024673602803729333656
0.023786327103171751088
0.028344271705478755729
0.013469563078261390359
-0.0024831238312966497104
0.0013814140139356036529
-0.00095927437476082519672
0.00073625214864223732997
-0.00059743407778966408371
0.00050184841966603587158
-0.00043133976240810159068
0.00037665769125952165213
-0.0003326045795764329198
0.00029604050365687840411
-0.00026495981940594689249
0.00023802361538278621835
-0.00021430566868923615041
0.00019314630547080083893
-0.00017406428326516853468
0.000156701522036066755
-0.0001407872614041725612
0.0001261141460174200603
-0.00011252188055073747699
0.000099885833007414034646
-0.000088108963722757927102
0.000077116052266011574257
-0.000066849561389421363159
0.000057266713157522397012
-0.000048337513822349955984
0.000040043587413610538342
-0.000032377793267658828719
0.000025344746771789902551
-0.000018962606026702061688
0.000013267012108209936733
-8.3194673461370240765e-6
4.2271957393885061595e-6
-1.2060115213458152664e-6
0.0013953331238720903382
0.003260982818960391368
0.0050711263872568415129
0.0069509976643488268155
0.0086639209358105162791
0.010548922828993001728
0.012116113977399507832
0.014003757992167915017
0.015371691734417497935
0.017271029801424057579
0.01837206452344966654
0.020317420192907459466
0.021048914611570944247
0.023136532815916252473
0.023293616389403529642
0.025822281391315913728
0.024755404155822055278
0.029348751361414791242
0.013880413023934673254
-0.0025474750840063754608
0.0014112880555912771808
-0.00097612717491397194052
0.00074632904403893941114
-0.00060336765502149560032
0.00050498964898257717931
-0.00043247375479360911683
0.00037628202213441156796
-0.0003310556168105371373
0.0002935574275753550862
-0.00026171987438885942087
0.00023416282637797498814
-0.00020993167623129810188
0.00018834667761990156066
-0.00016891210939254400835
0.00015125931106285331618
-0.00013510975112922513544
0.00012025039893133440862
-0.00010651690848170237704
0.000093781914778867375873
-0.000081946774317719590295
0.000070935697176060335353
-0.00006069160045638032773
0.000051173263284724988107
-0.000042353543087215218991
0.000034218565551631512097
-0.000026767972699876882829
0.000020016583526608992762
-0.000013998384426286798441
8.7752462553998380906e-6
-4.4577897579376982766e-6
1.2716434892458312364e-6
0.0014012409062164515924
0.0032401830448158513592
0.0051123955213314485952
0.0068843939412624060976
0.0087606627917830408304
0.01041692555851656204
0.012289132116506240272
0.013782921731017406299
0.015648684646839881782
0.016927259815191162544
0.018796664730462201854
0.019792603138551822895
0.021702022573019725753
0.022311962778240228686
0.024361503635507121924
0.02437726753088523628
0.026874858070817398967
0.025632417540539723235
0.030244037617094818598
0.014239626930064665525
-0.0026023354129514666269
0.0014358838883637426052
-0.00098930693855556720923
0.00075357454903173368949
-0.00060698898216118504786
0.00050617253037467557198
-0.00043190778167003304993
0.00037440480197894236003
-0.00032816355452580644422
0.00028986185573058837695
-0.00025737796064627648415
0.00022929574271445555749
-0.00020463586491476391305
0.00018270115907174827247
-0.00016298341524966245588
0.00014510494041451048666
-0.00012878068400223102803
0.00011379299945895327068
-0.00009997443510839149591
0.000087195788663552123074
-0.000075357720691219092868
0.000064384858570323087625
-0.000054221722550410447638
0.00004483007645834314987
-0.000036187516911079276604
0.000028287328079384401917
-0.000021139934474605758164
0.00001477689171177961177
-9.2599259357521713857e-6
4.7028414342298112805e-6
-1.3413645766618930483e-6
0.001395772055907742872
0.0032594249242180562492
0.0050742629381084064577
0.0069458265564781433938
0.0086716472505872166293
0.010537999466215828576
0.012131065096932608572
0.013983664215456602841
0.015398473104658490598
0.017235349562009595832
0.018419924802531188754
0.020252298968048943865
0.021139590434607701496
0.02300581651836297988
0.023492078406952733515
0.025495787492340899874
0.025370283808375236793
0.027827420087137272054
0.02641410267324145834
0.031026800982421237641
0.01454586849564803515
-0.0026475017750891522618
0.0014551120698014470167
-0.00099876766161747471151
0.00075796565056448244314
-0.00060828938507751657328
0.00050539826021953028596
-0.00042965029211057870537
0.00037104006047534398669
-0.00032394686773301099023
0.00028497590442858589864
-0.0002519592515716995596
0.00022345016703200946368
-0.0001984483582607868085
0.0001762419844547790651
-0.00015631242513818408698
0.00013827458873504697268
-0.00012183824860367061567
0.00010678230480457198549
-0.00009293726906831671028
0.000080173154646330241917
-0.000068391041668514801062
0.000057517246928692923036
-0.000047499450693766933885
0.000038304438810081736154
-0.000029917394340690450751
0.000022343027620772692994
-0.000015609495973746014916
9.7777369441685361269e-6
-4.9644540537648307123e-6
1.4157676286816586776e-6
0.0014008522752014235843
0.0032415604184396425599
0.0051096297078287675828
0.0068889361347546484264
0.0087539116703068264003
0.010426405965096654836
0.012276265438958716543
0.013800033899203278264
0.015626169305215891401
0.016956783823528213841
0.018757835614554863777
0.019844140492194169315
0.021632515352684196309
0.022408014669018191068
0.024223954148668877459
0.024584868346389034872
0.02653516787285734003
0.026268968312504275213
0.028676426111575702395
0.02709755004986057091
0.031694130329325036934
0.014797998480740385946
-0.0026828069569678358131
0.0014689026676242801936
-0.0010044765048287136587
0.00075948908771827268184
-0.00060726777967789452528
0.00050267411451081062564
-0.00042571469129766420649
0.00036620591259507059567
-0.00031842742407050891937
0.00027892452430183607834
-0.00024549130463945774959
0.00021665592854918702202
-0.00019140103402190945668
0.00016900295403971000944
-0.00014893482853103918594
0.00013080589802395503629
-0.00011432221171749737676
0.000099260509780261799689
-0.000085450502427666171413
0.000072762691039852196887
-0.00006109999352538077406
0.000050392121940036330233
-0.000040592122228993650064
0.000031674860900818890342
-0.000023637669628407957285
0.000016504091380929712035
-0.000010333460736752415198
5.2449994234392439015e-6
-1.4955203347981469449e-6
0.0013961183269319055134
0.0032581992153662602684
0.0050767186016246261485
0.0069418072323107639554
0.0086775942972435067283
0.010529696416424802376
0.012142252803871430994
0.013968916378687171241
0.01541766887866746399
0.01721050785194732917
0.018452073513036381054
0.020210469729013261215
0.02119461277393609736
0.022932178359126281547
0.023593156260918984109
0.025351905849236711661
0.025586264942886199308
0.027475780616678793949
0.02706997570813810552
0.029418719519270753224
0.027680215992155166753
0.032243543761374084262
0.014995078944375813023
-0.0027081202374373422282
0.0014772055994334924113
-0.0010064140314523349681
0.00075814154933337078246
-0.00060393085367434957365
0.00049801362604073710356
-0.00042011951910493462643
0.00035992474239796729249
-0.00031163067602548947444
0.00027173570450044284288
-0.00023800428220031003461
0.0002089451269152418316
-0.00018352780021577488347
0.00016101975487467340302
-0.00014088816458678998643
0.00012273844744012138239
-0.00010627451838363299223
0.000091272426407316411457
-0.00007756254795432365671
0.000065017466505584909283
-0.000053543817460995398115
0.000043077105362739596425
-0.000033579036695124702028
0.000025037446172641694566
-0.000017469721337277865918
0.000010932556148222602617
-5.5471789141903347107e-6
1.5813821496524322324e-6
0.0014005419397414625023
0.0032426577256563401734
0.0051074356577217163048
0.0068925167761937338649
0.0087486344454081671398
0.010433737017955021112
0.012266448647557145447
0.013812876722545980705
0.015609605930587023024
0.016977982624487043288
0.018730766525942271649
0.019878790843058146307
0.021587841742133008343
0.022466320502233957628
0.024146452562674841496
0.024690605620857671443
0.026385477033959060813
0.026492541147220356688
0.028314128360855756728
0.027770324594493142224
0.030051540207032848338
0.028159932054646988903
0.032672997875210520907
0.015136376733684448785
-0.0027233479029846531382
0.0014799908759443546989
-0.0010045743625290333805
0.00075392979321394067521
-0.00059829317062636091372
0.00049143668354162463688
-0.00041288855041836525565
0.00035222330910543657318
-0.00030358577723541900684
0.00026344060457036219994
-0.00022953110602533918467
0.00020035231921463174738
-0.00017486482832415584285
0.00015233025955405146564
-0.00013221221396974559136
0.00011411427745616680817
-0.000097740005190020367109
0.000082866469825970845942
-0.000069326523040973020421
0.000056996915871120892172
-0.00004579061869589869425
0.000035652489328705176103
-0.000026558143820823592923
0.000018516844655281407464
-0.000011581313411601609787
5.8740974286214817768e-6
-1.6742247389163036414e-6
0.0013963979774617643017
0.003257211355430964749
0.0050786903676583666468
0.00693859759466370139
0.0086823085223604553193
0.010523176025697844433
0.012150937033785296314
0.013957629506329772565
0.015432111189231864326
0.017192197410930788565
0.018475191622378140605
0.02018127627158463832
0.021231636360092317704
0.022884823189035757537
0.023654534893751043507
0.025270820239107397582
0.025696279717571207332
0.027320823703070068733
0.027300324355483425346
0.02904709360175956315
0.028367408535864350185
0.03057253491386534412
0.02853491305243332153
0.032980895382126582127
0.01522136621121408597
-0.0027284336166211020891
0.001477248752343700272
-0.00099896525694506090567
0.00074687069646151819966
-0.00059037720769476854463
0.00048296956587684822763
-0.00040405083182625431945
0.00034313279164514422508
-0.00029432564084968800803
0.000254073634248234612
-0.00022010756889648970941
0.00019091467781750522922
-0.00016545077782129778351
0.0001429748464683321091
-0.00012294945649263658098
0.00010497854538426082551
-0.000088767342898519809986
0.000074096022442051811816
-0.000060802243687887933873
0.000048769799002594120522
-0.00003792185640354043926
0.000028218279990197905516
-0.000019657666966848708397
0.00001228704457605035274
-6.2293543865643876135e-6
1.7750570567966040582e-6
0.0014002886420473160855
0.003243551734517510881
0.005105653970977598034
0.0068954104442219866736
0.0087443971397974357931
0.010439575310297902593
0.012258709559663130996
0.013822877845470396874
0.015596896029817754588
0.016993966173695752416
0.01871078013468561498
0.019903741346760346663
0.021556631049876732447
0.022505583556017393656
0.024096585545564122108
0.024754837576345566239
0.026301097922734117228
0.026606437372611281522
0.028154466713121994686
0.028006608939678977952
0.029671950326247122687
0.02885900571808090084
0.030979766009985977173
0.028803763676547099772
0.033166091063236378005
0.01524973121030147004
-0.0027233586408082060646
0.0014689897908217977969
-0.00098960812123435112792
0.00073699124339987105131
-0.00058021333495105238786
0.00047264492045035309801
-0.00039364066525264817747
0.00033268878391149919484
-0.00028388695438557344595
0.00024367249868313865099
-0.00020977242525257110794
0.00018067214780764071776
-0.00015532705093668912021
0.0001329967959878799306
-0.00011314567305546855871
0.000095380428398415701823
-0.000079410384737750360492
0.000065021451610841723516
-0.000052059272772413859288
0.000040418890553702696726
-0.000030039778096909663372
0.0000209065590169244747
-0.00001305832206673306439
6.6171571087892650627e-6
-1.8850565023682977473e-6
0.0013966285284881511837
0.0032563982460128645337
0.0050803086043348146169
0.0069359746702057598567
0.0086861390817103282242
0.010517916057255145729
0.012157880487888123016
0.013948701540769126532
0.015443389622637952415
0.017178113944992687928
0.018492655916245885596
0.020159687599240863174
0.021258329152471711218
0.022851706481646332158
0.023695898442494045771
0.025218617643925194599
0.02576313733410030917
0.027233451797372468725
0.027417693256224202283
0.028883304691955585369
0.028608767425419222072
0.030186374169175540436
0.029243287192290107845
0.031271718724313958475
0.028965483670084471669
0.033227896037224042169
0.01522136621121408597
-0.0027081419147576845584
0.0014552448363183045148
-0.00097653795238457222828
0.00072432845543172011389
-0.00056783974163023210028
0.00046050169238592116196
-0.00038169754654728801593
0.00032093125077733645053
-0.00027231016407869269195
0.00023227822656050749332
-0.00019856748521072316285
0.00016966763884772562279
-0.00014453812883641172651
0.00012244283925200581659
-0.0001028508088366204466
0.000085374455848139901061
-0.000069730209248533966587
0.000055713253105420822527
-0.000043181824846239142982
0.000032048839340070810425
-0.00002228059142479024163
0.000013905281252498322832
-7.0424638046646029594e-6
2.0056080831834860467e-6
0.0014000778102838640914
0.0032442947941976786643
0.0051041769623224665794
0.0068978001585836297409
0.0087409155055213497227
0.010444341711522900114
0.012252440905586615831
0.013830902381210117706
0.015586812168120977248
0.017006480132268197272
0.018695374466820166789
0.019922623865292059785
0.021533516212909788918
0.022533925444270982908
0.024061677948635706843
0.024798157755814073142
0.026246742074373882967
0.026675685551952418517
0.028064411825104765515
0.028127030551023894477
0.029504625541714435555
0.029104560277939147255
0.030588451059377986959
0.029518823674154956894
0.031447306784957205321
0.029019471544658585381
0.033166080325412825079
0.015136376733684448785
-0.0026828399864588948619
0.0014360649068337829886
-0.00095980321573677803849
0.00070892926563618882603
-0.00055330231298641021936
0.00044658500930242402933
-0.00036826606561051703063
0.000307904454171033447
-0.00025963944236329049568
0.0002199352015910767464
-0.00018653774319296501629
0.00015794729969008028615
-0.0001331320643121252277
0.00011136397760712482986
-0.000092120285507018796527
0.000075022574535257893489
-0.000059798360666428310817
0.000046257182896584177744
-0.00003427708370764101
0.000023800227045177283466
-0.000014840008810851335209
7.5111659699599726959e-6
-2.1383541965147145739e-6
0.0013968222033952953555
0.0032557160705404904808
0.005081663092762642367
0.0069337867245761890143
0.0086893199155278844352
0.010513573237546729992
0.01216357318152797754
0.013941443114542233996
0.015452468178574419318
0.017166909150048491775
0.01850636203522283001
0.020143012661131859586
0.021278565551499921944
0.022827143868411824361
0.023725793365436877597
0.025182037875244479773
0.02580826584143330195
0.027177130438723090752
0.027489090343368903665
0.028790884536154820524
0.028731812248898103007
0.030016116480585706518
0.029492144262710888941
0.030876684321043247143
0.029684590873094801158
0.031505876452055275048
0.028965526822994679529
0.032980873704806239797
0.014995078944375813023
-0.0026475467998933123705
0.0014115209991409035466
-0.00093946565914142217387
0.00069085033973124098836
-0.00053665446015601323166
0.00043094602546234447432
-0.00035339577420800677138
0.00029365685939256689134
-0.00024592265530124717295
0.00020669122500394596695
-0.00017373158626503462113
0.00014556094859376536758
-0.00012116124985316105181
0.000099816766412540237079
-0.000081017081605932642658
0.00006439748301928614295
-0.000049702215573197085772
0.000036763064457019401436
-0.000025490229071852807012
0.000015877047286238821128
-8.0303237399601223034e-6
2.2852586130422743704e-6
0.0013998991058797459347
0.0032449238922028609022
0.0051029291096476173848
0.0068998129118579814363
0.008737995031328934087
0.0104483193399507864
0.012247242409119710787
0.013837507175141202268
0.015578585638605385001
0.017016583911054315921
0.018683084964057812593
0.019937477632967964794
0.021515626210657540704
0.022555449805801079338
0.024035747948842590186
0.02482950712098899488
0.026208612002370453239
0.026722470227973593695
0.028006317352508804258
0.028200329335827494972
0.029410164415366579219
0.029229791048885701296
0.030415872580049290252
0.029770079352858086943
0.031050000202106066466
0.029739973332884667398
0.031447208927256885599
0.028803850799744617375
0.032672964845719461858
0.014797998480740385946
-0.0026023933380289666347
0.0013817038102687601397
-0.00091560006370635588629
0.00067015784401850550365
-0.00051795690450879624793
0.00041364172863967001804
-0.00033714102835732645938
0.0002782410348068433061
-0.00023121135374415298229
0.00019259765055405727878
-0.0001602011529247173557
0.00013256277856595427702
-0.00010868366013588717367
0.000087865397877960333561
-0.000069615152067999406637
0.00005358823575495045388
-0.000039554308606300270578
0.000027380868484262721947
-0.000017034058917902613168
8.6084731866575861752e-6
-2.4486896564757965598e-6
0.0013969878179162661291
0.0032551333456800649768
0.0050828179119666964335
0.0069319264992126571633
0.0086920143340797534368
0.010509911595192295741
0.0121683458480806354
0.013935398747775005532
0.015459968398151311304
0.017157737643762682919
0.01851746130698381618
0.020129675411816543304
0.021294521694135471341
0.02280809395242870499
0.023748538531576504027
0.025154822500166888977
0.025840968983893764717
0.027137574514783567526
0.027537375880837337045
0.02873121311170103061
0.028806761086867484401
0.029919943829213782882
0.029619117828276282058
0.030702403759479476274
0.029937334162208641655
0.031107751805680456653
0.029684766771863689497
0.031271521128986372281
0.028535045818950179028
0.032243498736569924154
0.01454586849564803515
-0.0025475471222919065905
0.0013467233746278881687
-0.00088829393061449133726
0.00064692715997330698927
-0.0004972774173121949838
0.00039473471335881748492
-0.00031956081453794550581
0.00026171356433234183041
-0.00021556082530071727195
0.00017770965909895766781
-0.00014600295991542771431
0.00011901254042151362907
-0.00009576491837536424308
0.000075585189958108564291
-0.000058005265364223285719
0.000042710111113309500474
-0.00002950955323923224548
0.000018332710802458511937
-9.2560325917561031583e-6
2.6315296372049157664e-6
0.0013997449501216096808
0.0032454660501920703348
0.005101855574846617141
0.0069015401115271315366
0.0087354972961751318879
0.010451706872772220888
0.012242837803801796413
0.013843069220622895448
0.015571707367630414675
0.01702496174352384503
0.018672992182321365514
0.01994954235408467447
0.021501278434048434823
0.022572462704366081103
0.024015593804313782028
0.024853405134614194403
0.026180194383598206238
0.026756424997451032445
0.027965461912784110421
0.028249958117414875493
0.029349114951942346783
0.029306135105750183515
0.030318321443277432489
0.029898348665389955209
0.030874640204098204991
0.029993289890228264508
0.031049721404589356988
0.02951917891833716388
0.030979464827307193254
0.028160113073117029287
0.031694072404247536926
0.014239626930064665525
-0.0024832115692254720895
0.0013067086159830574816
-0.0008576471024688551853
0.00062124254414346860969
-0.00047469051519557092449
0.00037429292558480568775
-0.000300718574079682426
0.00024413500419640369814
-0.00019903026883205543206
0.00016208678690300557364
-0.0001311990017598775552
0.00010497756606383229889
-0.000082481829615523135167
0.000063068642335043249779
-0.000046305430082514700641
0.000031923061976505050697
-0.000019799872420583625566
9.985846810448786877e-6
-2.8373206715038045889e-6
0.0013971319420557019565
0.0032546266813842378443
0.0050838204026554651315
0.0069303153876651979468
0.008694340778173917137
0.010506762173551482173
0.012172431721339085624
0.013930252840168453817
0.015466312381795279239
0.017150038202550548446
0.018526698764454086086
0.020118684917065946184
0.021307522084161175951
0.022792772612306736751
0.023766562721380216591
0.025133619826157930025
0.025865951657285690466
0.027108038265915324725
0.027572479370249444948
0.028689185536360629152
0.028857574164918095311
0.029857716835869631313
0.029696600461176270959
0.030603809084179434706
0.030066450400293760373
0.030931936175396549197
0.029937742773445594761
0.030876121122390393169
0.029243828844712686634
0.030572124136394743832
0.027680448935704793118
0.031026728944135706511
0.013880413023934673254
-0.0024096252048920105251
0.0012618068125264885037
-0.00082377131628720883848
0.00059319673090802135846
-0.00045027711209121809848
0.00035238938736909907961
-0.00028068205015923287282
0.00022556993818047988194
-0.00018168319932988946102
0.00014579391066250629262
-0.00011585869508667641894
0.000090536309491209304357
-0.00006892862814139643846
0.000050436425890009850609
-0.000034680661109915667177
0.000021469261654023456701
-0.000010813927334091221904
3.0704616728574495868e-6
0.001399609597066293603
0.0032459416958869116399
0.0051009151162570019937
0.0069030499911307012116
0.0087333199677272281914
0.010454649454079815387
0.012239028080158375965
0.01384785570966762806
0.015565823158902354183
0.017032079888936645721
0.018664484023019567785
0.019959622090482215019
0.021489412962662801254
0.022586369870817620339
0.023999335000862288477
0.024872395929011284829
0.026157998229752716343
0.026782424634486713962
0.027934890331134515043
0.028286107554658530211
0.02930604265998530645
0.029357973346097985673
0.030255117708157572938
0.029976712963712019165
0.03077533700200460486
0.030122804729343418428
0.030874072184836273531
0.029770905047702861697
0.030587591966541290129
0.028859744812838534562
0.030051011366056895496
0.027097839846193727397
0.030243949879165996219
0.013469563078261390359
-0.0023270607371302119466
0.0012121829718569538022
-0.00078678968341778265563
0.00056289047440626990649
-0.00042412412959514251526
0.00032910191722201160097
-0.0002595232014532560356
0.00020608722908959105828
-0.0001635882796263426791
0.00012890306571897808359
-0.00010006237564286004394
0.000075784740124897054713
-0.000055228516095100694371
0.000037858541160186256613
-0.000023383747260184033348
0.000011760474551986744642
-3.3364784885482210361e-6
0.0013972596491351219377
0.0032541780649332315241
0.0050847068451423938874
0.0069288935678499911304
0.0086963885714192674195
0.010503998960793280036
0.012176002481183119667
0.013925776578649991505
0.015471800936955776565
0.017143418520738783522
0.018534584109376403036
0.020109379274821612603
0.021318428210210282948
0.022780053317782017065
0.023781349400606411203
0.025116458041312790219
0.025885865938028273307
0.027084902189196397382
0.027599429677303536802
0.028657660610319920065
0.028894668002432504424
0.029813726080417776854
0.029749305886825029604
0.030539828158589678603
0.03014544092287341192
0.030832257488741322278
0.030067210841529456406
0.030701255501202877496
0.029493404437320238593
0.030185201199808603888
0.0283683606534800961
0.029418061235882616078
0.026414455775084192288
0.029348645872056720281
0.013008605484174271891
-0.0022358239848734762662
0.0011580191104251988376
-0.00074683608900941127969
0.00053043202469704739691
-0.00039632407129120070977
0.00030451287700037404391
-0.00023731826522998702341
0.00018576064972942445467
-0.00014482095185873858595
0.00011149682819306665224
-0.000083907767416630738047
0.000060848389920569407862
-0.000041556272144230410198
0.000025598633181973462044
-0.000012851314894397304942
3.6424004859407903591e-6
0.0013994885197112735625
0.0032463668821681548861
0.0051000754735640115395
0.0069043955728146128856
0.0087313842068046819371
0.010457257735361449622
0.012235663396443975043
0.013852064961233707468
0.015560674342692299455
0.017038272738045056609
0.018657130251819483605
0.019968269563353003112
0.021479318886985970502
0.022598088871982869287
0.023985780547519090827
0.024888037408352150381
0.0261399653690264484
0.026803221861447246584
0.027910865321698550153
0.02831394479082796633
0.029273643830821444939
0.029395912600483718007
0.030210332118692809187
0.030030130353111430008
0.03071077542994966383
0.030202169494175912891
0.030774346804088301115
0.029899886620318862828
0.03041411895818762414
0.029106282202192371756
0.02967043803358771752
0.027771510715826994901
0.028675623455636349439
0.025632842305779900585
0.028344145818784031624
0.012499255037514352445
-0.0021362526620627453109
0.0010995134284739678463
-0.00070405449987082058219
0.00049593653241316808504
-0.00036697457537380074083
0.0002787090073452734785
-0.00021414813128517764182
0.0001646702513431321304
-0.0001254666097064672883
0.000093674756603493622498
-0.000067522458183003579363
0.000045906436416016346323
-0.000028186447544484648496
0.000014119961261232501014
-3.9972951813533589635e-6
0.0013973750274195750119
0.0032537730167236434379
0.0050855062751024934446
0.0069276134657410338386
0.0086982281670410843371
0.010501523563227982087
0.012179190594414311945
0.013921795813668711586
0.015476659493376224018
0.017137589629734880919
0.018541485682144975701
0.020101290101674091569
0.021327835789524625051
0.022769176552791177492
0.023793871253496580679
0.025102083465655837905
0.025902341235360085094
0.027066026347027807285
0.027621073189666547108
0.02863279371383472137
0.028923332443238587514
0.029780528682412400484
0.029787995806787108384
0.030494366949724551043
0.030199419745134676598
0.030767306698056142869
0.030146703652783514965
0.030601805350074233229
0.029621468456053324287
0.030013718019564044376
0.028610989793897659689
0.02904520761960153312
0.027071423439996992596
0.027826453672063950527
0.024755911382273046928
0.027234184353820312201
0.0119434065601557755
-0.0020287150107416365146
0.0010368793658728713503
-0.00065859816411675399993
0.00045952537720634725027
-0.00033617798047197743563
0.00025178148024552220525
-0.00019009935387174892237
0.00014290520127317394838
-0.00010562686501330283506
0.000075566158812377249992
-0.00005108942427881221064
0.000031244102276902294146
-0.000015610632893305859437
4.4130427977361689343e-6
0.0013993779743412626289
0.0032467548527604518006
0.005099310145268903956
0.0069056201471784121297
0.0087296261552192849206
0.010459620470951745614
0.01223262494111175669
0.013855852154461697359
0.015556061522532226736
0.017043793798404037734
0.018650610639452234813
0.019975887967404142868
0.021470488900285531892
0.02260825896504046956
0.023974122143399829068
0.024901357003016115711
0.026124780606216774058
0.026820515263135803544
0.027891169168661147852
0.028336403503446157357
0.02924797636063635814
0.029425350425049111726
0.030176405383965296502
0.030069482533050609103
0.030664751155887442289
0.030256566305243556559
0.030709190532527199747
0.029979269861105914243
0.030315256016763201498
0.029233009744541567526
0.029501526041134505961
0.028009384200501765879
0.028311823301241294063
0.02627071362955920772
0.026873702772910989663
0.023786930787632173162
0.026022887797799460702
0.011343127851912517187
-0.0019136082728015077822
0.00097034451515650104347
-0.00061062867843435401519
0.00042132542186823491954
-0.00030404098758041034632
0.00022382644405320848203
-0.0001652664951662011244
0.00012056966931684436676
-0.000085432387829946705816
0.00005735693402906316724
-0.000034903907811945613029
0.000017382793428982349417
-4.9054842935832702381e-6
0.0013974815615859427935
0.0032533992235871345719
0.0050862432810957446323
0.0069264350346781311435
0.0086999184103867070092
0.010499254580254409871
0.012182104420365996099
0.01391816992584031414
0.015481067431294640895
0.017132325305242217381
0.018547686718773769125
0.020094064224862152189
0.021336184531895531653
0.022759594522938364956
0.023804812444620157286
0.025089637978492668515
0.025916460244016173673
0.027050034281063482661
0.02763917629125913303
0.02861229235708801744
0.028946583091942419897
0.029754093862061614523
0.029818161574044270281
0.030459771406045875634
0.030239354862145454807
0.030720822369192112986
0.030201385141419392844
0.03053661641293145226
0.029700516543888021717
0.029915740586598695638
0.028735978193561678901
0.02887942763515236473
0.0273037221029717217
0.027472997056807868082
0.025372373537339907723
0.025820904519276667855
0.02272951244171088662
0.024714758574298726233
0.010700651999470021663
-0.0017913569809007418017
0.00090014935316463695495
-0.00056031488907508236135
0.00038146821623074329321
-0.00027067461531450879352
0.00019494667519090116527
-0.00013975735286374111369
0.000097795408469398009024
-0.000065070796600771060246
0.000039351090776433402983
-0.000019518168174311167949
5.4961674155226045136e-6
0.0013992746539078313915
0.0032471172799579680576
0.0050985958699149542204
0.0069067614887915809165
0.0087279905173036236775
0.010461813794042446123
0.012229811926367168285
0.013859347251260040521
0.015551820104059096385
0.017048848988137664219
0.018644669640593660507
0.019982792891096995787
0.021462534170320625474
0.022617359128561954678
0.023963768788865328497
0.0249130863668562312
0.026111533689176083302
0.026835444656775329808
0.027874362998385494519
0.028355317968808505301
0.029226674453130561619
0.029449380594838535299
0.030149225176209775046
0.030100342500876941121
0.03062953515343271724
0.030297017753592056241
0.030662335810447585948
0.030034116837479866896
0.030250192115142779985
0.029311513557047539634
0.029404714023315866647
0.028132252132047682273
0.028149709982655403518
0.0264966530352375179
0.026531828013356434127
0.024379762935959444942
0.024671961439142622677
0.021587599643401760633
0.023314658111059106918
0.010018369071374113297
-0.0016624110331897528982
0.00082654572786655107781
-0.00050783158291797802558
0.00034008924045440399276
-0.00023619492827764828083
0.00016525578081598967596
-0.00011370479265947809605
0.000074770201458809842517
-0.000044852761982102990275
0.000022131959917779525531
-6.2150817297057732321e-6
0.0013975824633418014702
0.0032530453623189583522
0.0050869403838995502341
0.0069253218079558732045
0.0087015124826779744529
0.010497119127527842548
0.012184839918471734702
0.013914775960240177171
0.015485179357925460471
0.017127433665713547446
0.018553423252259471792
0.020087412951220971697
0.021343826429352598088
0.022750878498662881587
0.023814695593468930506
0.025078482940047559126
0.025929006507743689763
0.027035959373214576265
0.027654939809813007287
0.028594651958866767656
0.028966324464582223643
0.02973198161132556395
0.029842973875403460097
0.0304318521466725174
0.030270891548051256235
0.030685017320637608698
0.030242303996969998342
0.030489462434836666623
0.029755429335517074491
0.029850938677050444348
0.028813750956352430315
0.028784036361560486346
0.027424116138424870973
0.027315051830237798273
0.025591211856480686279
0.025491788811025391541
0.023296598443707645231
0.023431128841730351299
0.020365453445404803548
0.021827788215614264423
0.0092988172308150732107
-0.0015272434874664331517
0.00074979499517258756843
-0.00045335792546179592527
0.00029732746531070746113
-0.00020072575560230082497
0.00013488858732233455706
-0.000087294922923200510384
0.000051808098789364743198
-0.000025391483613231158259
7.105091038580774009e-6
0.0013991753527305402917
0.0032474654535241168326
0.0050979102367938461719
0.0069078557845092113459
0.0087264247130946368631
0.010463909439406598877
0.012227130413844529249
0.013862669867309251085
0.01554780074365467927
0.017053622186895425141
0.018639083049654177047
0.019989255924431398796
0.021455127021725413557
0.022625783962183735783
0.023954245317249409173
0.024923798587531230761
0.026099531290336041269
0.026848852651851112873
0.027859416649491874126
0.028371957029263482894
0.029208161231678519504
0.029469983695259069955
0.030126272692527622292
0.030125960481647291931
0.030600861374378764338
0.030329236380992858836
0.030625949471373733142
0.030075478854258004596
0.030202784216586155976
0.02936641957136787796
0.029340282462852593695
0.028209137578971003272
0.028055961713957327324
0.026614256517386760541
0.026378509707082911013
0.024590811051166184712
0.024356709411941204597
0.022126942555254834648
0.022102996670721815517
0.019067638463405315841
0.020259670862151472505
0.0085446733010470840591
-0.0013863479555784922752
0.00067016563022442613918
-0.0003970756530260744415
0.00025332605872590120453
-0.00016440668653757721815
0.00010402772072208325397
-0.000060840324093420438172
0.000029548587338756879035
-8.2294077323043334603e-6
0.0013976810372367750792
0.0032526998069478509625
0.0050876206188015010254
0.0069242366900084898498
0.0087030640947181595697
0.01049504424660735552
0.012187492132616746002
0.013911493626193424583
0.015489144421012373596
0.017122732502275975677
0.018558915526549116765
0.020081072036754767708
0.021351076965891936949
0.022742652870215068202
0.023823967458425671488
0.025068086623516162118
0.025940614236346905788
0.027023042482449321344
0.027669276933996024462
0.028578767031049275978
0.028983905306551222629
0.02971253099696074098
0.029864500670138548425
0.030408001199428805357
0.030297368319224712112
0.030655542735449730537
0.030275241904019386838
0.030452469096323374238
0.029797245154490076928
0.029803285780604905305
0.02886861569421232383
0.028720043493371221094
0.027500000326144016439
0.027223123538790689352
0.025705757545792275241
0.025343500516130123571
0.023499233759625169942
0.023130757586826912842
0.020875193168344495481
0.020692468631583642419
0.017699008642968554228
0.018616126214840080529
0.0077587428225400021136
-0.0012402353709125469007
0.00058793002334821455754
-0.00033916727420403358404
0.00020823678190836143752
-0.00012741604110377904895
0.000072977517866125503389
-0.00003499929584503874756
9.6848041149694234441e-6
0.0013990765337157255308
0.0032478118056333107103
0.0050972286558022084475
0.0069089425345436327905
0.0087248717383787346469
0.010465984522236358736
0.012224480437672002801
0.013865945796242657486
0.015543848499207308142
0.017058301268259028475
0.018633625675728548699
0.019995544737372704585
0.021447951149416442934
0.022633905837477957783
0.023945114216815373928
0.024934007518770629429
0.026088169232402841362
0.026861451395925854719
0.027845487472682689405
0.028387322956778491908
0.029191236670639548771
0.029488608143638945655
0.030105782829952001095
0.030148511957140677549
0.030576012942086221211
0.030356667655353259482
0.030595583336486800023
0.030109219742446908404
0.0301651098391562807
0.029408750208535066007
0.029292340967374334912
0.028263981363576975798
0.027992418530766333111
0.026689085752637082485
0.026288514581411011803
0.024702100168159352267
0.02421377889411873692
0.022320629208813211213
0.021818414578677570744
0.019546075090663512955
0.019204737436505074831
0.016264693968119276188
0.016903248470182043396
0.006943949648540619299
-0.001089429678591840673
0.00050336001194378743753
-0.00027981555195645985001
0.00016223645640968357801
-0.000090041250664173544537
0.000042401384471638712712
-0.000011626326892331357992
0.0013977812375787395189
0.0032523486708469449155
0.0050883114100104407913
0.0069231357275883289148
0.0087046364882083955866
0.010492944701998727114
0.012190171060843484284
0.013908185234064966539
0.01549313118444211369
0.017118018840566049196
0.018564404931022119348
0.020074757066387318033
0.021358268969749674922
0.02273453001607511851
0.023833078104798774049
0.025057927236529099943
0.025951888344363169781
0.027010581423693333023
0.027683004891076918667
0.028563682712964178924
0.029000447191615412987
0.029694415798582999072
0.029884323023259790904
0.030386315179904231433
0.030321103154247527031
0.030629537404013527675
0.030303786551381729147
0.03042105467922156415
0.029831941618276449489
0.02976478444868274533
0.028911597115489195437
0.028671691663233360222
0.027554924946442631615
0.027159956023653429999
0.025779567025643306415
0.025255458396895124299
0.023607166390332010051
0.022993406140717776742
0.021059513830360894071
0.020424442862496523785
0.018144636514995267137
0.017645253693911405764
0.01477009012843976015
0.015127378540931105239
0.0061033251434453585683
-0.00093446151152700019494
0.00041672064004311248976
-0.00021920975361743046378
0.00011558666915857373238
-0.00005292748246247809322
0.000014316874314315480755
0.001398973549099033336
0.0032481726460546077552
0.0050965189605822031641
0.006910073191769484219
0.0087232577517496307463
0.010468138242585557957
0.012221734478304682556
0.013869333923659829041
0.015539769900633664175
0.017063117764742008228
0.018628024089754272621
0.020001978958383968266
0.021440635817911932541
0.022642152278070149556
0.023935884507740581227
0.024944275525778666898
0.026076804217321559819
0.026873976756856615816
0.027831732674298110493
0.02840238339799376138
0.029174785602864341154
0.029506545663225302935
0.030086249603397531307
0.030169766862676102195
0.030552889442110579362
0.030381833115672127731
0.030568168821925358348
0.030139133899735024756
0.030132388625133123857
0.029444661261080694322
0.0292527555846030394
0.028307865609215276014
0.027943413520617765191
0.026744319304931393652
0.026225517007924807027
0.024775062494634241705
0.024127566038366802675
0.022425256098689251941
0.021686703927356130554
0.019720785028335595177
0.018953839260810546193
0.016676256982201287058
0.016019682803577890705
0.013220855687888699965
0.01329507120193688053
0.0052399971004258026449
-0.00077585779961197073652
0.00032826278155280012016
-0.00015758360068536712954
0.000068877271853211526617
-0.000018235834253398258581
0.0013978888541558593369
0.0032519716490991601061
0.0050890527589461664627
0.0069219550379552717813
0.0087063211476078578655
0.010490697920268699721
0.012193033757492571316
0.013904655851628829985
0.015497375945533469679
0.017113011359228133077
0.018570221727122014987
0.020068084569976372872
0.021365843852693225095
0.022726005250427042579
0.02384260159183964193
0.025047354268721391748
0.02596356412002807383
0.026997746203280890842
0.027697060371263400641
0.028548340946589062002
0.029017147729443037709
0.029676276019300169327
0.029903992388223871944
0.030365013642969709566
0.030344154694718928686
0.03060459892639011613
0.030330773020261908786
0.030391828421676175744
0.029863639080562055038
0.029730332650130691363
0.028949154897424380969
0.028630583905901640867
0.02760015363251001246
0.0271098568140767572
0.025835544629462154686
0.025192208908014035832
0.023679679692239833338
0.022908663497682172067
0.021161131467623783085
0.020298177175086562949
0.018309763705825277215
0.01741175739308268896
0.015146682481987081255
0.01433383581839119218
0.011622928170709001629
0.011413050409488917096
0.0043571786808502630649
-0.00061412263901012004278
0.0002382253442864431509
-0.000095419856303925453838
0.000024346420092144620941
0.0013988586681611634269
0.0032485750736698543174
0.005095727811434810316
0.0069113328330483243018
0.0087214611207261798086
0.010470533225022972551
0.012218684695304482833
0.01387309143350853906
0.015535254296473934906
0.017068439998264376016
0.018621847936293901414
0.02000905558558510899
0.021432612434715930222
0.022651168877743776367
0.023925827597031233933
0.024955420957159901013
0.026064520415644019561
0.02688745100734500134
0.027817012991704825222
0.028418407191284288859
0.029157394385429719111
0.029525373385647961848
0.030065909144937845504
0.030191705147434979971
0.030529257244127457012
0.030407269016110028706
0.030540802259689925197
0.030168579756784398879
0.030100687234663231567
0.029478829963484085122
0.029215861458286864008
0.028347804566293352052
0.027900027851350391987
0.026791666747716249732
0.026173533805911980031
0.02483258469701074653
0.024063260141117682181
0.022498118857124486675
0.021602653922440389155
0.019820127055256268055
0.018832366193290448578
0.016832307230588638969
0.015803356953155516585
0.013562130023076322711
0.012593534925149831926
0.0099825918918744834069
0.0094881339450668756915
0.0034581585016194555742
-0.00044969949316966566801
0.00014694114082800042791
-0.000034868092758642363109
0.0013980151570704572967
0.0032515292499857517248
0.0050899223488888414004
0.0069205708318196082819
0.0087082948326143678238
0.010488067938960491097
0.012196381219874930095
0.013900533862553449683
0.015502326389637761079
0.017107180893414544123
0.01857698201664630573
0.020060345918693145018
0.021374608583851757687
0.02271616712656550896
0.023853560421889123001
0.025035227003848907277
0.025976908402411248112
0.026983134987351630957
0.027712990307194456808
0.028531038018863135427
0.029035881123059081057
0.029656050634234451422
0.029925776361605845611
0.030341598172487539716
0.030369282410670190475
0.030577668473195321367
0.030359608847416096103
0.030360969371233278355
0.029896658387171658399
0.029694991657060765323
0.02898701035722358571
0.028589980419223919813
0.027643792519342297199
0.027062822943168126123
0.025886431875345311328
0.025136871578964475236
0.02374026270012260886
0.022841743991581373733
0.021235933583840142836
0.020213210635121857889
0.018408436624247810597
0.017293509951689489704
0.01529511817984773898
0.014133448700178798058
0.011929595883691241421
0.010804283686054530759
0.0083067104708325675177
0.0075270594350717742626
0.0025462978244554324848
-0.00028291489567920378197
0.000056118453357970153139
0.0013987133003147065405
0.0032490842158912753334
0.0050947271550858675135
0.0069129253794187969939
0.0087191909175491014376
0.010473557414729901993
0.012214836877660690338
0.013877827521122291958
0.015529569153193155364
0.017075131959013758522
0.018614093775673633438
0.020017925476099038999
0.021422574683207997511
0.022662425631826936599
0.023913301301551691465
0.024969267111073917644
0.026049303918349955088
0.026904088912887505663
0.027798901584912026094
0.028438045720018695535
0.029136173017992896426
0.029548236062839777667
0.030041343158508632221
0.030218040894198281619
0.03050107971916196371
0.03043736726761236474
0.030508695714905801882
0.030202792895090048348
0.030064255784857784733
0.029517608313145693173
0.029174586244587487814
0.028391753956030245087
0.027853191572746975821
0.026841649096658971705
0.026120084198010437389
0.024889907105270011928
0.024001542010731027589
0.022564923394727909147
0.021529824781868298023
0.019900298376002303457
0.018742925843839228344
0.016933980506524409673
0.015684584983290562056
0.013706719125455052956
0.012405429885898489414
0.010257903154613405158
0.0089701972134008009257
0.0066036281723900327556
0.0055358868177051918267
0.001625084445813150073
-0.00011455550508189238133
0.0013981980439758027476
0.0032508887305342895198
0.0050911811007936041684
0.006918567780960697464
0.0087111497374379973031
0.010484265653530400873
0.012201217817996337402
0.013894582515377102962
0.015509467835975504855
0.01709877806885172322
0.018586714201742159468
0.020049219066618805561
0.021387193254913823961
0.02270206318144926152
0.023869243817731006541
0.025017904860602762613
0.025995928103218291479
0.026962359003503142395
0.027735581637697084078
0.028506571483376737331
0.029062284020837368709
0.029627648350065613305
0.029956243573284501178
0.030308997219383043304
0.030404090082281751445
0.030540575880657671293
0.030399071071118906832
0.030319044731268780475
0.029941148241372139625
0.029647821350649815308
0.02903699187416271216
0.028537037447443904786
0.027699871861776045893
0.027003400744953915696
0.025949444335844517757
0.02506996757477831046
0.023811431785701784662
0.022765837215332643828
0.021317190120153877167
0.020125789662953936636
0.01850314250857881314
0.017189914994882218652
0.015410017521869432461
0.014003363286693882163
0.012081678440592057747
0.010616658207722575994
0.0085626390685309934365
0.0070887699240622883922
0.0048882279010385392782
0.0035164187374006964483
0.00069920179277247389389
0.0013984035855449477878
0.0032501688916263001461
0.0050925956489108649696
0.0069163170032389111483
0.0087143573617005261298
0.01047999420085160529
0.012206650286890717137
0.013887899297081238598
0.015517485645080004227
0.017089346602094168118
0.018597634461630146421
0.020036738142748226593
0.021401303998940043327
0.022686255703825034374
0.023886813120311551
0.02499851007502870489
0.026017210968348543782
0.026939126156522780717
0.027760826047869346508
0.02847925386012933105
0.029091736991296070299
0.029595996961480771892
0.029990157888751626045
0.030272753467368897569
0.030442732422428171941
0.03049946242060294008
0.030442732422428171941
0.030272753467368897569
0.029990157888751626045
0.029595996961480771892
0.029091736991296070299
0.02847925386012933105
0.027760826047869346508
0.026939126156522780717
0.026017210968348543782
0.02499851007502870489
0.023886813120311551
0.022686255703825034374
0.021401303998940043327
0.020036738142748226593
0.018597634461630146421
0.017089346602094168118
0.015517485645080004227
0.013887899297081238598
0.012206650286890717137
0.01047999420085160529
0.0087143573617005261298
0.0069163170032389111483
0.0050925956489108649696
0.0032501688916263001461
0.0013984035855449477878
0.0005450045755482524155
0.0028693697816237126895
0.0070420041320485017081
0.013048315990338066384
0.020866075693045902721
0.030466227998518808282
0.041813068845109884588
0.054864390985236348361
0.069571644408853814263
0.085880118088467583573
0.10372914395030939738
0.12305232275731223712
0.14377777121148167771
0.16582838941231495657
0.18912214769963836312
0.21357239182434808174
0.23908816531690707874
0.26557454785697946819
0.29293300838684806103
0.32106177165579524511
0.34985619683233403023
0.37920916677610064808
0.40901148652146122734
0.43915228949055561652
0.46951944992471063763
0.5
0.53048055007528936237
0.56084771050944438348
0.59098851347853877266
0.62079083322389935192
0.65014380316766596977
0.67893822834420475489
0.70706699161315193897
0.73442545214302053181
0.76091183468309292126
0.78642760817565191826
0.81087785230036163688
0.83417161058768504343
0.85622222878851832229
0.87694767724268776288
0.89627085604969060262
0.91411988191153241643
0.93042835559114618574
0.94513560901476365164
0.95818693115489011541
0.96953377200148119172
0.97913392430695409728
0.98695168400966193362
0.99295799586795149829
0.99713063021837628731
0.99945499542445174758