0.0018677078948121939647
-0.00070935916307186167705
0.00054193595472480169782
-0.00045418973700407543261
0.0003959909085736086596
-0.00035269586459372790594
0.00031815316019635630233
-0.00028925317636188407699
0.00026423377526910705319
-0.00024201604878837918212
0.0002219019345603963777
-0.00020342121766099536729
0.00018624773334217417561
-0.00017015054574498977914
0.00015496406117831985774
-0.00014056898139532091216
0.00012687976114795945857
-0.00011383613139770668015
0.00010139726111822895385
-0.000089537697009336353726
0.000078244553106351775512
-0.000067515629008266889923
0.000057358275419191359221
-0.000047788936036445365636
0.000038833406617700324812
-0.000030528006523804381487
0.000022922138273113633267
-0.000016083336043724488759
0.000010107590382834911414
-5.1435116365324669701e-6
1.4686638161754268087e-6
0.0040414160710943598795
0.0043296551975776456158
-0.0011755115693410383578
0.00082353838985655820183
-0.00066776475436046855688
0.00057317789885649844554
-0.00050607282137463672558
0.00045390528692577706604
-0.00041087823943225037869
0.00037391797247613470894
-0.00034123393632433242497
0.00031171067383789804632
-0.00028461859818805430601
0.00025946341967619500846
-0.0002359020053748333484
0.00021369261956995419403
-0.00019266411516873472179
0.00017269614097803834674
-0.00015370605720851352181
0.00013564011681375852906
-0.0001184674833560549858
0.00010217623801905233473
-0.000086770887742879025284
0.000072271137064391635814
-0.000058711904223828897212
0.000046144824978203671526
-0.000034641929192652637799
0.000024303131771233715782
-0.000015271734953540277996
7.7708699281479456734e-6
-2.2187857582711810088e-6
0.0035855135581971911376
0.0094130674629188697684
0.0067522547962448554502
-0.0016085542821679141584
0.0010640242152998930356
-0.00083697171857034793253
0.00070539889029959315214
-0.00061522294103386443986
0.00054684078743911243802
-0.00049143149428620105428
0.00044443605718977283264
-0.00040326078039601113564
0.00036632407192395901412
-0.00033261101956709619012
0.00030144559914098897393
-0.00027236560559027340995
0.0002450499449142360251
-0.00021927435826710227425
0.00019488343691784805226
-0.00017177242761308001464
0.00014987519668367545602
-0.00012915626498603983615
0.0001096057095675026469
-0.000091236281849617624617
0.000074082502901635425455
-0.000058201907868188615968
0.000043679216844396717629
-0.000030635445345907254787
0.000019247207796555147671
-9.7924839350547111452e-6
2.795810721782484193e-6
0.0038285523047466900835
0.0082678292289099964334
0.014697009230904658543
0.0091080684780963660061
-0.0020197380094083083605
0.0012838329567459439183
-0.00098511519036741258138
0.00081630955533332951765
-0.00070311930135993313026
0.00061883345991349187092
-0.00055153943049251784393
0.00049513851783695172088
-0.00044619473991889724931
0.00040263307594506138769
-0.00036313437928368525184
0.00032682775109002045889
-0.00029312272573150808526
0.00026161239422150843218
-0.00023201485986965545909
0.00020413655145989711029
-0.00017784861876651687505
0.00015307154334217035115
-0.0001297652026115912956
0.00010792284418772237205
-0.00008756822477567879554
0.00006875583269861160885
-0.000051574933152538096798
0.000036159698208563154432
-0.000022711547818230048084
0.000011552853499486301052
-3.2980619080786761987e-6
0.0036703874253588840205
0.008913516200452412194
0.012872812331343548574
0.019833583684314930553
0.011373426881800275726
-0.0024084003177787688582
0.0014864448919086221734
-0.0011175707962379828481
0.0009121838522376715996
-0.0007764092769784352817
0.00067661127634354226606
-0.00059784259864528707551
0.00053248081144248643678
-0.00047624944829111168096
0.00042657718614797219587
-0.0003818366014993892942
0.00034095800505740568401
-0.00030321932952580802801
0.0002681252139781658112
-0.00023533421838728400388
0.00020461345506208295657
-0.00017580963657064741275
0.00014883047703788660972
-0.00012363306309775834018
0.00010021740572248268748
-0.000078624521482235711395
0.000058939544962163157867
-0.000041302241425427272172
0.000025931779796795287697
-0.000013187547635541139918
3.764200452827326259e-6
0.003784117846604856211
0.0084758337755105844428
0.013922337638341323311
0.017351621445402261007
0.024772007502622730446
0.013525770606229213428
-0.0027718522181610082069
0.0016719050727443324925
-0.0012356557722709194844
0.00099504506005572451693
-0.00083752165152301792055
0.00072282872493653238182
-0.00063310722644546211002
0.00055926619147886061215
-0.00049621512221407003915
0.00044089956772371710169
-0.00039139054036763698396
0.00034642305369753898737
-0.00030514535895372385354
0.0002669748886691071069
-0.00023151177480839189518
0.00019848519228516485103
-0.00016771942551147255831
0.00013911250155812537515
-0.00011262351356539437142
0.000088266824619204816126
-0.000066113072018455677783
0.000046299235046843392218
-0.000029055210456740014888
0.000014771149616878586603
-4.2154639803759927761e-6
0.0036971869703923397641
0.00880027562833815115
0.013198081002783752662
0.018793380376489624671
0.021659212085869726373
0.029463543847668970171
0.015543696640257106728
-0.0031069918491430326226
0.0018392964128186034574
-0.0013394247225061447248
0.0010655037287004247661
-0.00088741456610157195225
0.00075866773565236502509
-0.00065865875013408451673
0.00057690885126148741653
-0.00050755617676988231315
0.000447087179105946492
-0.00039328559255391549426
0.00034470011094695036445
-0.0003003553612569047811
0.00025958610013672215225
-0.00022193794253501448858
0.0001871061138657448893
-0.00015489720843912394788
0.00012520588708884915251
-0.000098002415037345401331
0.000073329746626444442092
-0.000051311950189284227513
0.000032181787068582230669
-0.000016354044161156311356
4.6661654431986709651e-6
0.003766451345195815939
0.0085464111636370079502
0.013743155381981698918
0.017789013324843633482
0.023477048700543280744
0.025752430793228738244
0.03386177911591465383
0.017407145808852591542
-0.0034107462881117898371
0.0019874336105825771069
-0.0014284964160364783135
0.0011236366265178467058
-0.00092645872303972090304
0.00078469827789299124022
-0.00067520547926003801707
0.00058621359878954756533
-0.00051114400603488354528
0.00044605609259907966291
-0.00038846628520962377155
0.00033675019399405891352
-0.00028981826543062828314
0.000246930012466044233
-0.0002075831782020332366
0.00017144591690761909878
-0.00013831533583041319132
0.00010809375673621335304
-0.000080778986903197593722
0.000056469260728131572557
-0.000035390673949392029369
0.000017975899533544228655
-5.1275363635175607872e-6
0.0037095742391299153263
0.0087524614412036894241
0.013311165456183051917
0.018551470184898245937
0.022203609682343331384
0.027926687799255102212
0.029590374257818321923
0.037923130862936362571
0.019097596649694154107
-0.0036802411411117134929
0.002115116405396589004
-0.0015023618012601833704
0.0011693235198413559982
-0.00095478477430933622932
0.00080122456894825000742
-0.00068317626939157039826
0.00058770057226495214205
-0.00050756622514638524099
0.00043844397836352150481
-0.00037760752092576409869
0.00032327619037980627272
-0.00027425872940812178355
0.00022974969848558925417
-0.00018920865890660080439
0.00015228726037174520181
-0.00011878638539122439355
0.000088634846542377197196
-0.000061887910460154737559
0.000038752817524546617687
-0.000019672005436369879376
5.60952803634333522e-6
0.0037573601455861790206
0.0085807145894497034237
0.013665604394043778018
0.017942503123561010261
0.023175552076564703639
0.026398148202328668334
0.032098140001271206316
0.033134753302362525197
0.041607316558120475856
0.020598247940397315976
-0.003912885164193080729
0.0022212416100931241347
-0.0015605190312740609504
0.0012023966052177990194
-0.0009724399906204247379
0.00080844374469373511352
-0.00068287757794049475288
0.000581758278559397011
-0.0004972741689668124296
0.00042475117951476346301
-0.00036124882533675620461
0.00030485026543421518527
-0.00025427806321438489362
0.00020867535646797880033
-0.00016747715930545004284
0.00013033463755513237839
-0.000097074180893346844591
0.000067684693515806433516
-0.000042338358691503218493
0.000021476966453079185537
-6.1218543289133229767e-6
0.0037164861974896274145
0.0087267906542163827529
0.013367443724181143608
0.018445579562363888236
0.022395372818983168164
0.027568944607814017957
0.030330942806887934707
0.035950029039701140358
0.036350244985634565722
0.044877773727599950682
0.021894185152119469032
-0.0041064216126867145814
0.0023048607072616645794
-0.0016025403696402475925
0.0012227143345480150375
-0.00097946621255110092482
0.00080652561241728395472
-0.00067457327502360104883
0.00056872223724476434342
-0.00048065957708088649578
0.00040541501206256531152
-0.00033986617089256927214
0.00028198346946589252605
-0.00023042231393257931213
0.00018429220199419074413
-0.00014302314230663071124
0.00010629106102886164691
-0.000073985735810929674025
0.000046222113708009923949
-0.00002342737815966780068
6.6747389111504925795e-6
0.0037519543005957641818
0.0086005619756817977379
0.013623038971687915485
0.018019826152537752241
0.023042838556497326719
0.026625953949288815422
0.03168783666773620732
0.033962870033154645458
0.039444141569735824617
0.03920482633196010686
0.04770203419216885522
0.022972528473410369554
-0.0042589634929945269852
0.0023652129863860421751
-0.0016281084735808528949
0.0012302008004696750433
-0.00097594139750488277874
0.00079565538661717265804
-0.00065852778183483653031
0.00054891797435665676231
-0.00045809714798825921259
0.00038085185610926621507
-0.00031391390524896039949
0.00025516824300811332299
-0.00020322676387389768414
0.00015718953644748061931
-0.00011651118546708439104
0.000080935352489876187911
-0.000050488617287187844894
0.000025564227178670034888
-7.2795758543166420905e-6
0.0037208138177404823757
0.0087110386878035139156
0.013400678879248504053
0.018386730381985009318
0.022492635434847825075
0.02741100144059224517
0.03059237927810131583
0.035491255033263895517
0.037257793278045985529
0.042545803299455269585
0.04167008219698476523
0.050052052883437582757
0.023822560728079878202
-0.0043690192039672106001
0.0024017459843146309511
-0.0016370371904827411595
0.0012248677145301433266
-0.00096200264999921978024
0.00077605745784154386662
-0.0006350303139704448421
0.00052268562160437844869
-0.00042996958822566615856
0.00035148304784901495953
-0.00028385232577019728909
0.000224909236986724955
-0.00017325283263518442783
0.00012800901427667448675
-0.000088706132634091557627
0.000055237664693458178231
-0.000027935461560502316373
7.9496267116080924962e-6
0.0037484209327919893079
0.0086133374543244042651
0.013596418645655496164
0.018066061879963355734
0.02296851954802371299
0.02674197509487653911
0.031506367802350188928
0.034255302821783682291
0.038941396380548125295
0.04018293262150637039
0.045224225359848470564
0.043721481397217257711
0.05190449013422980444
0.024435833846582181273
-0.0044355112491067701725
0.0024141283120636963754
-0.0016292835748107810518
0.0012068266893607591031
-0.00093785899405211487973
0.00074800868834037733835
-0.00060440876602637764079
0.00049039461220682949588
-0.000396683620526798933
0.00031775316085173233138
-0.00025016997504657927948
0.00019175276712227741162
-0.00014113055830884362242
0.000097511859683131652267
-0.000060591193515159860932
0.000030599109041320796484
-8.700854763591911689e-6
0.0037237482635884883092
0.0087004844633086071989
0.013422456188113395407
0.018349468371422756578
0.022551272251394325987
0.02732210573369902956
0.030725899900479107823
0.035288099585398565947
0.037578354320810874207
0.042003976163692208826
0.042709193443574648066
0.047452812614661188057
0.045338616720814266119
0.053240945743845380403
0.024806252806668076969
-0.0044577891998104237674
0.0024022572351411913967
-0.0016049543247555606661
0.001176295579210380302
-0.00090379799469487922151
0.00071184556675339207196
-0.00056703774540164535963
0.00045245320070645633212
-0.00035868207551196636908
0.00028014660408133423097
-0.00021340823653291682054
0.00015632594614380849688
-0.00010762535878579698958
0.000066702523704906783086
-0.00003362737589301599276
9.5530080030559539553e-6
0.0037459468911887290001
0.0086221980683856514971
0.013578279023673175112
0.018096732492703825428
0.022921052196910141197
0.026812332474649375826
0.031403849603770073651
0.034404975539041540151
0.038718536803397847548
0.040528528222432518699
0.04464855872989433534
0.044811456123626488622
0.049209429712404707547
0.046505405517596823243
0.054048143067118754415
0.024930136198356612857
-0.0044356374537826004781
0.0023662621755675393033
-0.0015643082562449511435
0.0011336008231942504862
-0.00086018842565539727732
0.00066796765836211325272
-0.00052334350400953933438
0.00040931607866364293322
-0.00031645632325586019561
0.00023920873780905102992
-0.00017419843330958974595
0.00011940446348890658396
-0.00007376943118346421152
0.000037112326769639734529
-0.000010531101564341070769
0.0037258627816213319754
0.0086929377710483072243
0.013437807068784804117
0.018323762314978529002
0.022590527817456742954
0.027264949448991343676
0.030807246676432879224
0.035172973693217149453
0.037742740098681851881
0.041763533626196277312
0.043076524737485545991
0.046848854941515618329
0.046468825876949376102
0.050476622017919923213
0.047210248378194962541
0.054318061596523649481
0.024806252806668076969
-0.004369278050681017856
0.0023065047353454902845
-0.0015077556678404489493
0.0010791768606642899968
-0.00080748028289757687409
0.00061683897857743400625
-0.00047380796769338286331
0.00036149338003510563203
-0.00027056452124060270367
0.0001955815122062254645
-0.00013333141523002456593
0.000082053404376315493381
-0.000041174068153315967315
0.000011667526035899620177
0.003744116644387979841
0.0086287112861139704351
0.013565100786004870761
0.01811862509650960036
0.022887984321909395074
0.026859788445336149444
0.031337563255560792735
0.034496538456853450752
0.038591876919915107146
0.040706101268587802456
0.044392779070265315704
0.045197048258480361769
0.048582980450211871283
0.047664841003803603444
0.051241789188146934989
0.047446144084649529338
0.05404801686244292411
0.024435833846582181273
-0.0042593686780700480361
0.0022235755496034813966
-0.0014358550556095325008
0.0010135632592882615615
-0.00074620308115981708147
0.00055898879592150079336
-0.00041897452183597547316
0.00030956611758188774609
-0.00022166578442316153854
0.00015007507622937627857
-0.000091909053165785263248
0.000045972940830886966457
-0.000013005143167601378565
0.0037274661629127798369
0.008687245856715793548
0.013449271927796252722
0.01830484308882682357
0.022618844749323876964
0.027224794045093611284
0.0308624840435274885
0.035098143943475380373
0.037843710251539293254
0.04162646546902029811
0.043265684682634559614
0.04658008726079118395
0.046869063998318212537
0.049833670343163582327
0.048387637898806010611
0.051497309587195966873
0.047210759629021522986
0.053240686897131573147
0.023822560728079878202
-0.0041069959366168436492
0.002118288107254172833
-0.0013493074186606376331
0.00093740002134232268405
-0.00067696341555871243304
0.00049501400241289762487
-0.00035946022813381831463
0.00025421832875272637611
-0.00017059342579227730543
0.00010383071324120684745
-0.000051728292648222684037
0.000014601971883905553607
0.0037426953654787045714
0.0086337461679766211967
0.013554998209776898745
0.018135201603702855824
0.022863364949067635842
0.026894351676010946237
0.031290620044388111139
0.034559123374697069761
0.038509107204637268613
0.040815644024685365737
0.044246467452227197276
0.045396138972464082345
0.048303649237994592934
0.048076012306547189889
0.050588447010841036716
0.04863007159624355067
0.051240614086917006832
0.046506454706778320372
0.051904084949154283389
0.022972528473410369554
-0.0039136638879299171573
0.0019916695488345250924
-0.0012489482703475164033
0.00085142158455053762551
-0.00060044338722199386446
0.00042558726316961143418
-0.00029598479289677526742
0.00019631080365497977098
-0.00011852937919820458421
0.000058748419473493493719
-0.000016538510971376252445
0.0037287410507132374368
0.0086827377733149590323
0.013458287478781700976
0.018290122692003661686
0.022640562702571689804
0.027194564354765057567
0.030903101078520022711
0.035044713931637762396
0.037913209829922415687
0.041536362051687201224
0.043382955292176372752
0.046425716523901625603
0.04707639921891499206
0.049546240968187963596
0.048805980000918869983
0.050839738609264326639
0.0483897912787881389
0.050474208062804610139
0.045340260748898091824
0.050051478559507453689
0.021894185152119469032
-0.0036812778468053187302
0.0018449483137537424909
-0.0011357374219959572745
0.00075645047362627874859
-0.00051740339535559110121
0.00035148094461738328738
-0.00022944260617115622332
0.00013706586830856729185
-0.000067480259061091521338
0.000018929592134760514807
0.0037415376439533012523
0.008637833428702212046
0.013546847951181214119
0.018148452262676925579
0.022843927944493898296
0.026921206574903294477
0.031254870439819663498
0.034605616261237204284
0.038449471362602693107
0.040891645615360416767
0.044149619129575694268
0.045520305767305975645
0.048142395625126568833
0.048289909414604965536
0.05029538319127664869
0.0490518286520194906
0.050584945603956578675
0.047669271087946563527
0.049205640487433817354
0.043723815336727614973
0.047701255468432018792
0.020598247940397315976
-0.0034121232587321676426
0.0016795383153426578866
-0.0010107467207569928603
0.00065339301012975852163
-0.00042869831296415218794
0.0002736338326317217508
-0.00016109480155406711775
0.000078595805705587807836
-0.000021944355961791091291
0.0037298062615880445941
0.008678982400591661111
0.013465756774965164283
0.01827802486665288675
0.022658218917058174254
0.027170327597849651249
0.030935106020142468253
0.035003500276611783888
0.037965443600902718959
0.041470754610202753735
0.04346509411385913179
0.046322664467746503206
0.047206677477796234899
0.049379233918310747788
0.049024805041071201795
0.050543448666104796112
0.04881128104438790393
0.049826452467473698776
0.046475797936318400405
0.047447418748080922478
0.041673253898842349059
0.044876737021906345445
0.019097596649694154107
-0.0031088392452311794873
0.0014970190226958915321
-0.00087514658679667535632
0.00054324408125722006687
-0.00033533322870551392474
0.00019334413630665898344
-0.000093151046048398192556
0.000025841550494472603034
0.0037405433259879054901
0.0086413344956217470029
0.01353990026643910293
0.01815966769546460044
0.022827632750503749045
0.026943447455722213503
0.031225708616344626646
0.034642845700797563985
0.03840277647759034145
0.040949565868328587719
0.044078188569669566346
0.045608306752826680194
0.048033587741369380175
0.048425611600565282884
0.050123649619371037483
0.049274058797923678148
0.050287711092596191955
0.048086969415271371307
0.048571580179199477307
0.044821420320302892402
0.045216866720275416377
0.039209062270212054845
0.04160593958750009805
0.017407145808852591542
-0.0027743858354004403744
0.0012991104192296886123
-0.00073019493694272929311
0.00042712363134909852986
-0.00023864578949198801765
0.00011289923151828328135
-0.000031035555571428009677
0.0037307496241811892584
0.0086756644393164475429
0.01347232780542112867
0.01826744890638201624
0.022673524016974107009
0.027149543627495772257
0.030962187393425364303
0.034969188826144307032
0.038008087185522563324
0.04141843382332964644
0.043528784204102215911
0.046245412308077643889
0.047300421345212806039
0.049264953285718278041
0.049165418434230207445
0.050367828573483108027
0.049035596762074666521
0.049530326443298447063
0.046886453720507391379
0.04683247151292231106
0.042722866575538513297
0.042535920603300776677
0.036355896886569704756
0.037921283466848215707
0.015543696640257106728
-0.0024120026352105433154
0.0010876416777308250784
-0.00057724342029689265864
0.00030642858970595823782
-0.00014096523318285991843
0.000038228819232048165207
0.0037396312536047639221
0.008644539245538412645
0.013533564802946450915
0.01816983772114588862
0.022812966835619007129
0.02696327438783922204
0.031200016794079607827
0.034675179116147057709
0.038362912724899780771
0.040998010688509467101
0.044019882079047329958
0.045678082058151632001
0.047950266815113480257
0.048525244639466823559
0.050003896153703790921
0.049419372828989508612
0.050108720735550223977
0.048312401501685501935
0.048278228682605218514
0.045222228221884206726
0.044625891955761955984
0.040201450820738907435
0.039430849071659227698
0.033142386544960850591
0.033859245498675221662
0.013525770606229213428
-0.0020251537390221789944
0.00086451551079047100521
-0.00041782804585161241045
0.00018347661964470678879
-0.000048702056980468281644
0.0037316515891715606031
0.0086724979427908323715
0.013478577812692915613
0.018257439197618159284
0.022687914218638388293
0.027130165733940662567
0.030987175874791730768
0.034937924680802941424
0.038046362822350421603
0.041372305517365279365
0.043583756849176855107
0.046180391165208023112
0.047376996242181590592
0.049174887022690170575
0.049271547608278748253
0.050242108998212615008
0.049185928427188181742
0.049347917141455474228
0.047112640644717269967
0.046542899545466026183
0.043111759027895395797
0.041972905157773067234
0.037283009447150636614
0.035931862413943165932
0.029600948388605591282
0.029459941530237195714
0.011373426881800275726
-0.0016174467281221985411
0.00063169726114616232629
-0.00025420580529712096244
0.000065028364265503908876
0.0037387138515324666055
0.0086477575416558049305
0.013527221140307940948
0.018179977257984168858
0.022798428696753089548
0.026982785379759815247
0.031174961505289892251
0.034706368773517460712
0.038324958501999899509
0.041043424337452461601
0.043966218923005454938
0.045740920395360841997
0.047877136316029411863
0.048610055298942854115
0.049905628339067662023
0.049533444645623205255
0.049975639992619839189
0.048469034617219301159
0.048091316196078653653
0.045449918428983787387
0.044339909734731455907
0.040577662420881140081
0.038898312600748241343
0.033997982062371853566
0.032072508470881626037
0.025767708255712482938
0.024766591773008859812
0.0091080684780963660061
-0.0011924996384149476427
0.00039148116624529479816
-0.000093136515122302154136
0.0037326199789026054452
0.0086691028790903459427
0.013485262384693155753
0.018246772401538639267
0.022703174546756154734
0.027109743120326615472
0.03101331077761257803
0.034905527899554800708
0.038085587589820805566
0.041325652145780671788
0.043638495107555262607
0.046116829374433819122
0.047450238019241908351
0.049090942051431464821
0.049367455668421917912
0.050132638002303499124
0.049311060014195164964
0.049204278712731458737
0.047278797384235797389
0.046348317727216750243
0.04334393424704916523
0.041687927375080833006
0.037648352511949195775
0.035429514558739047524
0.030381994390214620303
0.027888512931028774788
0.021682829548300658416
0.019824691238360646171
0.0067522547962448554502
-0.00075375706776357853683
0.00014990223142719679175
0.0037376345753826591104
0.0086515395252271432859
0.013519781327443251178
0.018191833824421498296
0.022781495692793204089
0.027005396387480223184
0.031146105184738042352
0.034742020480640791448
0.038281964187131187238
0.041094319642775579617
0.043906837787594993049
0.045809416830006980579
0.047798827513368269925
0.0486989715521863242
0.049805169728504888659
0.04964657977714327152
0.049848407618710987286
0.048612204273488167538
0.04792974005434781071
0.045633346272982841061
0.044129604240563270488
0.040822577908318497243
0.038606071538820558592
0.034360386330779406018
0.031593466101888850181
0.02647836331360192841
0.023414618517961020008
0.01739259856633617381
0.014680021161830749258
0.0043296551975776456158
-0.00030600028146997195017
0.0037339471258082125025
0.0086644539067918236985
0.013494402002106875989
0.018232220292236456501
0.022723931625327437818
0.027082069218982231237
0.03104855987389651313
0.03486208055374162845
0.038137835023969116854
0.041264011509802898842
0.043710125751132586288
0.046034594643830075461
0.04754372419504152745
0.048985503824562069227
0.049485625852188194479
0.050000841378108546626
0.04945754155215783408
0.049041818238909352326
0.047458873722817582228
0.046148478164481734475
0.043566468369678541685
0.041438511929583011134
0.03793095952411920116
0.035103544794067067161
0.030769240120317857153
0.027404237077052154762
0.022350862855026942792
0.018670326693196807445
0.012962573637764909202
0.0093686695582271529086
0.0018677078948121939647
0.0037354157896243879293
0.0086593103951552912316
0.0135045095924897109
0.018216136956192732012
0.022746853763600551451
0.027051541212458426856
0.031087393280514213455
0.034814291617705183084
0.038195193299388308213
0.041196495880794631952
0.043788370304238938063
0.045945056946820739108
0.047645121456159756404
0.048871667693164362547
0.049612505613336153937
0.049860272396713225714
0.049612505613336153937
0.048871667693164362547
0.047645121456159756404
0.045945056946820739108
0.043788370304238938063
0.041196495880794631952
0.038195193299388308213
0.034814291617705183084
0.031087393280514213455
0.027051541212458426856
0.022746853763600551451
0.018216136956192732012
0.0135045095924897109
0.0086593103951552912316
0.0037354157896243879293
0.0014562590902614629722
0.0076570451674237579988
0.018748037453525169105
0.034621501051675917522
0.055119985025864478313
0.080039839926866329957
0.1091334257916875298
0.14211160770657335805
0.17864663853786982691
0.21837541929642536864
0.26090310897754875978
0.30580704919588352847
0.35264096500914919169
0.40093940033221468561
0.45022234392382923984
0.5
0.54977765607617076016
0.59906059966778531439
0.64735903499085080831
0.69419295080411647153
0.73909689102245124022
0.78162458070357463136
0.82135336146213017309
0.85788839229342664195
0.8908665742083124702
0.91996016007313367004
0.94488001497413552169
0.96537849894832408248
0.98125196254647483089
0.992342954832576242
0.99854374090973853703