0.0067881148529385237129
-0.0025498156016664206079
0.0019090991781367235288
-0.0015529395863544585253
0.0013003863616733528913
-0.0010994139781046749674
0.00092881038246116578771
-0.00077840029263801697021
0.00064291307305819157248
-0.00051959176461730072707
0.0004071213210203503446
-0.0003051128387343546561
0.00021386873942309212528
-0.00013434275155861353285
0.000068351093138056819793
-0.000019515684000583094011
0.014688355739094638576
0.015563380984661973216
-0.0041413271759676399688
0.0028162406632917972397
-0.0021934548256779801698
0.0017874391815362417534
-0.001478299895669925466
0.0012224834918901486663
-0.0010007893356583098284
0.00080388482227994096169
-0.00062715162894502366802
0.00046855460299150493482
-0.0003277060174634332793
0.0002055336417707472636
-0.00010446775626296072978
0.000029811971511992460001
0.013031488757002923924
0.033836054138027618059
0.023789627920623196202
-0.0055018926340021947013
0.0034965221728233376205
-0.0026118396911344918838
0.002062622301338370078
-0.00165927082379871426
0.0013344517508772085359
-0.0010591002356818958554
0.00081936072861899473223
-0.0006085292897306367702
0.00042381601617621995679
-0.00026504093524850763697
0.00013446189165784050965
-0.000038333261465140451255
0.01391456298956387185
0.029720019188869158837
0.051780140348389202401
0.031157242813883468013
-0.0066399173644701684705
0.0040095350514456537431
-0.0028842281633600646855
0.0022057179586841261623
-0.0017202214641966903997
0.0013382025183744440874
-0.0010212776988947287794
0.00075132823097027641798
-0.00051980880040135738109
0.00032359812425830023216
-0.00016369271283777008272
0.000046594802220761106774
0.013340202736275428407
0.032039555778696164979
0.045355106325856207703
0.067846225328156380452
0.03739899720414418302
-0.0075271621138861652287
0.0043579823192358834484
-0.0030262384237201827832
0.0022386097675604934767
-0.0016860315401966160034
0.0012598276945014187269
-0.00091365083573843292167
0.00062593432646029442181
-0.0003870875281086092161
0.00019498634572121011069
-0.000055379586279532816374
0.013752704094945638159
0.030468942878019499501
0.049048538719911266245
0.059360391807074152983
0.081454747948954690009
0.042289129848750634547
-0.0081360284456846337803
0.0045370736866563632588
-0.0030426448597026510204
0.0021712009507061794109
-0.0015696206873226618811
0.0011141466517016534744
-0.00075244388708573321196
0.00046092901264064366657
-0.0002308063507414807779
0.000065349802562746245958
0.013438119001842360161
0.031630746946389942561
0.046504379622145067575
0.064283005158342910154
0.071227761758855918753
0.092115151892163460175
0.045650853761230897217
-0.0084464279352307483871
0.0045438011992097321029
-0.0029374365211792359437
0.0020113139485273172272
-0.0013812641749859785845
0.00091333890527480643744
-0.00055191959101790259346
0.0002740620322758375662
-0.000077261393473841035992
0.01368779167076690938
0.030725053549677367354
0.048412685417913376131
0.060863467025027435981
0.077187604704627358548
0.080527200736910255581
0.099442861473875277017
0.047362652613767124071
-0.0084480334210376835351
0.0043795774226744824315
-0.0027167144670904205412
0.0017676746511834719053
-0.0011316375856459322206
0.00067027729401636510687
-0.00032885965748695368328
0.00009214365200284638087
0.013484086053874201045
0.031455621626810900115
0.046908978547230027298
0.063446123213412868247
0.073030319757104894135
0.087294974164591689636
0.086922130099787312002
0.10317333864857193168
0.047362652613767124071
-0.008141153951413482584
0.0040510589605910135136
-0.0023896102963389925072
0.0014510186027395000452
-0.00083342957666698372611
0.00040170841964657907788
-0.00011156196488986195372
0.013653491099350888462
0.030852699937048108865
0.048131175432264294998
0.061401146722492129589
0.076179258583274344625
0.082566945748973951867
0.094239144043641030377
0.09018150402832451604
0.10317173316276499653
0.045650853761230897217
-0.0075368921946621910801
0.0035702326494324472876
-0.0019685195305759741276
0.0010748762191013248295
-0.00050398497706599612931
0.00013811070403468726462
0.01351087990331430118
0.031357568320065427209
0.047118326828605748738
0.063066929514852669238
0.073683847756586712566
0.086147880384823930976
0.089130506571755615022
0.097767950087236899163
0.090188231540877884884
0.099437735968146428214
0.042289129848750634547
-0.0066567535406663239686
0.0029540938206927830433
-0.0014692828786648738397
0.00065781909130444693039
-0.00017647438906859073268
0.013631609292156580242
0.030931775623602736321
0.047966343369355001621
0.061688551301306641604
0.075711645244026798962
0.083318432002999850368
0.092987739062658410437
0.092486695459973754666
0.097751543651254430926
0.086943725203225910985
0.092105421811387434323
0.03739899720414418302
-0.0055317397003894444258
0.0022241495153901847017
-0.00091279380937221854764
0.0002360269696016190191
0.013529634903656286319
0.031290454682161716514
0.047255657716988092173
0.062834294428168293407
0.074046666177318089623
0.085599537396395997874
0.089963505004087350346
0.096445526691730938542
0.09251958726885012198
0.094185935685821859119
0.080568724646055615352
0.081437911772758534511
0.031157242813883468013
-0.0042008845071428099961
0.0014067427804547875943
-0.00033833328368682442456
0.013614562967342187877
0.030992300077666105922
0.047844296776494900042
0.061890669611590716069
0.075406523698019002811
0.083758898968882274362
0.092360807758143690289
0.093390853476657039607
0.096384576051332962403
0.089239085221123424355
0.087190099388635760978
0.07130147223546502842
0.067816378261769130728
0.023789627920623196202
-0.0027092921687036716279
0.00054474094887412350208
0.013546417734365054966
0.031231229725586907161
0.047373722199475645141
0.062642191645230369306
0.074329439805296861106
0.085205411326446292763
0.090497822700181853472
0.095726094563192557971
0.093502821735644099476
0.092780007418131719899
0.082790820515965027341
0.076991449233966346211
0.059498244964475138786
0.051720583017214032374
0.015563380984661973216
-0.00111212603321759115
0.01359574538987763052
0.031058410876185889612
0.047713598592805005938
0.062100616888343843901
0.075103107247022720697
0.08417113837648091875
0.09182129928707909516
0.09408239215447605657
0.095503705520172265113
0.090372897140000628646
0.085677673675605944062
0.073497608046615013149
0.063867425214121394552
0.045670156663109668876
0.033676577570990367039
0.0067881148529385237129
0.013576229705877047426
0.031126761969323946431
0.047579255841246392405
0.062314485627766936026
0.074797994408288366041
0.084578259697501269095
0.091301707522461794433
0.094725305227534248143
0.094725305227534248143
0.091301707522461794433
0.084578259697501269095
0.074797994408288366041
0.062314485627766936026
0.047579255841246392405
0.031126761969323946431
0.013576229705877047426
0.0052995325041750337019
0.027712488463383711961
0.06718439880608412806
0.12229779582249848305
0.19106187779867812578
0.27099161117138630683
0.35919822461037054338
0.45249374508118127991
0.54750625491881872009
0.64080177538962945662
0.72900838882861369317
0.80893812220132187422
0.87770220417750151695
0.93281560119391587194
0.97228751153661628804
0.9947004674958249663