0.0010264996511622711527
-0.00039059763568172150709
0.00029942107391710983225
-0.00025218141210460463071
0.00022130512071365620569
-0.00019872452953844381249
0.00018104185239277238269
-0.00016653277858568242433
0.00015421464141179152373
-0.00014348094758980925175
0.00013393492522656809545
-0.00012530525610705887385
0.00011739989044527927095
-0.00011007911383222563511
0.00010323903667346382506
-0.000096801047632429889117
0.000090704840188907234086
-0.000084903664478346937819
0.000079361011821192479012
-0.000074048248707218655786
0.000068942896259893664518
-0.000064027358701555817915
0.000059287970787230819417
-0.000054714276386861370897
0.000050298477899793603605
-0.000046035014552654004211
0.000041920240219444687883
-0.000037952180299044965254
0.000034130353742124818518
-0.00003045565146784831309
0.000026930266866609999303
-0.000023557678511170654617
0.000020342690380780346831
-0.000017291542021823025116
0.000014412112233058647984
-0.000011714259321053421861
9.2103781680835043228e-6
-6.9163325822823588493e-6
4.8531057608698938135e-6
-3.0500174818179155856e-6
1.552097110270190625e-6
-4.4318282872622435513e-7
0.0022211784442005241737
0.002384055075437125603
-0.00064947060760711763621
0.00045725216642428221014
-0.00037318417091333404617
0.00032294655345362230291
-0.00028796639538837761062
0.00026131727371214313176
-0.00023978731171087021158
0.0002216643796824266273
-0.00020594316194322179068
0.00019199025093770523948
-0.00017938477589922197861
0.00016783537824249952822
-0.00015713377243379589688
0.000147127238572602623
-0.00013770154286050590032
0.00012876990730716893682
-0.00012026564529227807743
0.00011213710324184449559
-0.00010434410084083060975
0.000096855373210189053807
-0.000089646700393775314917
0.000082699519530697815937
-0.000075999883681199326453
0.00006953767525821637114
-0.000063306011019821802325
0.000057300795295924507031
-0.000051520392054203184278
0.000045965396816773704832
-0.000040638497915107584562
0.00003554442443137047658
-0.000030689986801933508739
0.000026084227359182467842
-0.000021738715322281367729
0.000017668050374736399948
-0.000013890695267166627975
0.000010430376005770528404
-7.3185663218009338153e-6
4.5993359281059534924e-6
-2.3404667235249971934e-6
6.6828453699635923813e-7
0.0019706118236621907235
0.0051831557639964967945
0.0037306109243393735362
-0.00089310526311331507347
0.000594622602959517063
-0.00047155908743164662202
0.00040136580603130654413
-0.00035416333437520463004
0.00031910397645622515864
-0.00029129261681113660085
0.00026818752095129417095
-0.00024833232787812123236
0.00023082962731889992861
-0.00021509487593763347723
0.00020073047847585964026
-0.00018745658740538967104
0.00017507080560414641064
-0.00016342356819642162013
0.00015240248503412417533
-0.00014192203551043544199
0.0001319165842575211554
-0.0001223355267791874972
0.00011313984190384184191
-0.00010429959842730915629
0.000095792125078575115053
-0.000087600652711234237146
0.000079713300980496659993
-0.000072122323214554473931
0.000064823551249875653205
-0.000057816001892226980387
0.000051101621797525236233
-0.000044685160440154220983
0.000038574173711112951493
-0.000032779176287215493746
0.000027313983542396278975
-0.000022196321681753903147
0.00001744885599494343207
-0.000013100935852687202965
9.1917046693268187383e-6
-5.7761812919783135292e-6
2.9392156902513345639e-6
-8.3923034179162942851e-7
0.0021041889010455131527
0.00455254333709842245
0.0081200808036035918098
0.0050569673922631611893
-0.0011286911396562935149
0.00072329472264707678826
-0.00056048430616775956589
0.00046987713758009853199
-0.00041024591116182268544
0.00036674798783200001877
-0.00033274743032140753768
0.00030483301737835434378
-0.00028107054141449053627
0.00026028066549226966517
-0.00024170314126767303398
0.00022482600530637425964
-0.00020929231248145991928
0.00019484619335545248907
-0.00018130013324491739446
0.00016851431224792759248
-0.00015638310755910587185
0.00014482601299382081954
-0.00013378137436565022498
0.00012320197348455318819
-0.00011305185866476986175
0.00010330403708143352536
-0.000093938777892659663777
0.000084942359588470171882
-0.000076306150256212661947
0.000068025946952190619265
-0.000060101527296074498748
0.000052536387561223346758
-0.000045337660703498069408
0.00003851622884872941124
-0.000032087073241286009019
0.000026069950510136509459
-0.000020490568683005202852
0.000015382611693565511804
-0.000010791372087642570803
6.7808769946103293708e-6
-3.4502625449210642099e-6
9.8511834942978995688e-7
0.0020172568658108616044
0.0049080925342509604523
0.0071121978766771603433
0.011011981966376340246
0.0063557398815282619717
-0.0013568100306838419725
0.00084565845715158284004
-0.00064321744030283917366
0.00053214740991530119024
-0.00046004181722984356375
0.00040809898262937493679
-0.00036794492002143309095
0.0003352933080538153218
-0.00030772516441364952416
0.00028377299653877088882
-0.00026249575821308308875
0.00024326310869184421381
-0.00022563789919268271931
0.00020930839558956833414
-0.0001940472921167677912
0.0001796859194879486798
-0.00016609745525352464913
0.00015318567226582334394
-0.0001408772082616116109
0.00012911614090820128093
-0.00011786011344506811025
0.00010707753012488644215
-0.000096745508863789805218
0.00008684838499205275888
-0.000077376629765751398512
0.000068326095140283257289
-0.00005969753151490344702
0.00005149635430297858245
-0.000043732664063049367179
0.000036421560628388512738
-0.000029583846040175349318
0.000023247308680733079658
-0.000017448981043198696109
0.000012239230552572904412
-7.6898198041660864646e-6
3.9124620136744134682e-6
-1.117039576095421057e-6
0.0020797703970849512048
0.0046670679526851011931
0.0076920941988638871784
0.0096339126129149567009
0.013843205019425797012
0.0076198101749008670907
-0.0015768535308177314376
0.00096216417295527827867
-0.00072073934413000541983
0.00058945881207912911417
-0.00050500523784784391234
0.00044470359009735791401
-0.00039847332528764685251
0.00036116506998509853702
-0.00032987939321738702088
0.00030286176114821253217
-0.00027899011409981794662
0.00025751501066500962061
-0.00023791823243927580864
0.00021983133132551678902
-0.00020298644239520410828
0.00018718538105172276717
-0.00017227956311101720681
0.00015815657633763944594
-0.0001447309765179796629
0.00013193784680965739674
-0.00011972821420611958532
0.00010806574710385897254
-0.000096924360714027785227
0.00008628648573745834789
-0.000076141840641772072812
0.000066486607168078299697
-0.000057322954149257461416
0.000048658895443691711006
-0.000040508513262324818882
0.00003289264254707954216
-0.000025840223260495388004
0.000019390751676075140736
-0.000013598782030056818921
8.5428496639428965755e-6
-4.3460639822920387654e-6
1.2407723761613676398e-6
0.0020319821376029498305
0.0048457517428274799476
0.0072918829755706424581
0.010434480478513582558
0.012103628325008903445
0.016598471369134418738
0.0088422677743980277082
-0.0017878956172169362872
0.0010726762932454883508
-0.00079329143899461836035
0.00064227609312480190208
-0.00054574206231931347193
0.00047725795164928245982
-0.00042508528671572676016
0.00038323419705108580635
-0.00034833598591353669467
0.00031835484086055724643
-0.00029199070713370847614
0.000268376613629821869
-0.00024691406029645142866
0.0002271782451075005958
-0.00020886087220042022257
0.00019173424946824184751
-0.00017562798339372053304
0.00016041341300537410256
-0.00014599295768685140907
0.00013229267875825943435
-0.0001192570016373711298
0.00010684493036338347324
-0.000095027323126980745156
0.00008378494852147492529
-0.000073107143194751291614
0.000062990964236053404193
-0.00005344078906087353021
0.000044468375178357085151
-0.000036093469382817176438
0.000028345182339456676646
-0.000021264593532323229471
0.000014909624206291340644
-9.3647740894998332326e-6
4.7636654129530382654e-6
-1.3599094048590208676e-6
0.002070065839439544833
0.0047059128873139360053
0.007593129634547337051
0.0098767092997177888881
0.013119621305388421698
0.014507672382597800577
0.019262846964154602808
0.01001643379517306544
-0.0019889223641185041419
0.0011768487014715321274
-0.00086082780941274280415
0.00069073035555071563559
-0.00058249901435157508223
0.00050608754068403498348
-0.00044816062858595815413
0.00040191780425478906535
-0.00036353700443082833152
0.00033071010579019822515
-0.00030196433809853952339
0.00027631841060483658729
-0.00025309554307389352346
0.00023181585429471613026
-0.00021213144681411439349
0.00019378567546946100573
-0.00017658672420902393846
0.00016038997279192759696
-0.00014508594506042465252
0.00013059190926033954648
-0.00011684593639090738818
0.0001038026608126555405
-0.000091430257864609183895
0.000079708327254777172655
-0.000068626489789337422613
0.000058183594851525644384
-0.000048387517187914755923
0.000039255616206330070517
-0.000030816075645117981295
0.000023110617028677597074
-0.000016199706044334670197
0.000010173066330213667873
-5.174126406400536878e-6
1.4769755865481252804e-6
0.0020387838949835587662
0.0048194456013345876278
0.0073543195440042486628
0.010300233263393487426
0.012407760063362416602
0.015732791061500568111
0.016832795163802126267
0.021821849093890305141
0.011135894442991469469
-0.0021789133125077454987
0.001274258436556048689
-0.00092318178437218434292
0.00073480336154114652095
-0.00061535543686392568271
0.00053133987010456242341
-0.00046789593462503831682
0.00041744824710636007565
-0.00037574089499697511057
0.00034020483197041324108
-0.00030920155170764304392
0.00028163989098637925985
-0.00025676771652047097162
0.00023405205156663748354
-0.00021310678108368217328
0.00019364730483480482866
-0.00017546113440086029504
0.00015838828617355442346
-0.00014230789716171009622
0.00012712891608057254098
-0.00011278354278058394866
0.000099222579029079852723
-0.000086412157777141927676
0.000074331516512661210693
-0.000062971620778377276905
0.000052334559094376778727
-0.000042433750550568741387
0.000033295174312165807833
-0.000024960135760440378307
0.000017490765053323118625
-0.000010981278044072597143
5.5843053239116026536e-6
-1.5939233210521448845e-6
0.0020650771011299532361
0.0047247743384930232137
0.0075503354885832316247
0.0099618475925587118156
0.012951251601623183464
0.01487129435943285041
0.018259751841399227002
0.01906621925864389632
0.024261544809775350858
0.012194535198200811257
-0.0023568775401260607541
0.0013644625132724933042
-0.0009801377355150374859
0.00077440868812436783979
-0.00064430952947277310955
0.00055307278862194419858
-0.00048439283905998915316
0.00042996003267188068935
-0.00038510712548349784798
0.00034701750201465565028
-0.00031389526293841418441
0.00028454480745056382343
-0.00025814231685167613752
0.00023410427434614045679
-0.00021200818529114390668
0.00019154286325362820528
-0.00017247621054160673301
0.00015463375038598118174
-0.00013788399349364172279
0.00012212828685066573107
-0.00010729369468069301876
0.000093328001927479940429
-0.000080196269291772846753
0.000067878595470748162081
-0.000056368912828382091808
0.000045674801383564933452
-0.000035818505763658145359
0.000026839680846961690748
-0.000018801132482106199173
0.000011800796955776921438
-5.999951421768254469e-6
1.7123870848848771631e-6
0.0020425732314734156112
0.0048053434643400911076
0.0073853489721348832295
0.010241541311785908853
0.012514781894883821734
0.015531435651613837603
0.017253856796840199674
0.020686746665472281223
0.021195693796878761692
0.02656863775672082196
0.013186573924793517586
-0.0025218729724205277813
0.0014470256870537708772
-0.0010314659641538658395
0.00080943157739197598004
-0.00066932128816743115479
0.0005712990630071774131
-0.00049770318576307375964
0.0004395347913399179946
-0.00039174043254183212113
0.00035127095741960577355
-0.00031618256576379974302
0.00028518148019123792705
-0.00025737648298566546412
0.00023213655348609796852
-0.00020900504242788116854
0.00018764586961860680651
-0.0001678086735682261767
0.00014930561366473557763
-0.00013199558683400156773
0.00011577331762571435688
-0.00010056176076048932584
0.000086306845961145145309
-0.000072973971335199921913
0.000060545914915042352124
-0.000049022053797751231463
0.00003841902594891741796
-0.000028773355690568679061
0.000020147371130637822913
-0.000012641869574663402928
6.4262230623658414676e-6
-1.8338310551190621013e-6
0.0020621174364980582422
0.0047356632408646182284
0.0075268954906861321992
0.010004657462841015639
0.012877257730272387796
0.014999409471151093747
0.018026616565574701065
0.01954241215573951423
0.023000558432521220231
0.023209551931256035124
0.028730546686911763559
0.014106592339504595412
-0.0026730184885282455223
0.0015215357149180665331
-0.0010769413904757117008
0.00083975027929100646148
-0.00069033566837532274478
0.00058601065232979628606
-0.00050785385375558349973
0.00044622622719497845285
-0.00039571557950972635441
0.00035305673231618596705
-0.00031616847710185823052
0.00028366583600313940905
-0.00025459501452083612624
0.00022828094407103229646
-0.00020423538981257643173
0.00018209936655379028961
-0.00016160586437337222229
0.00014255506997568738004
-0.00012479755115252168932
0.00010822269295432809768
-0.000092750729931043807794
0.000078327362118129797788
-0.000064920365084330581045
0.00005251792441866601999
-0.000041128740243884482657
0.000030784393380112620129
-0.000021545349610077179293
0.000013514267935242660517
-6.8680241748628949704e-6
1.9596447447387460466e-6
0.002044938135186947938
0.0047967172153277997056
0.0074036191360072870083
0.010209012100147920144
0.012568931336354982326
0.015442722646446914366
0.017402250248271262869
0.020423150691938636079
0.021724435677668293683
0.025188580192812329036
0.025096768872499843273
0.030735477516892449269
0.014949565556896663578
-0.0028095024862829138904
0.0015876126326797072864
-0.0011163544209460584519
0.00086524832738093570928
-0.00070729591499310195954
0.00059719274501353359001
-0.00051486120503876996355
0.00045007473791881632103
-0.00039709196218449060718
0.00035244950341475762125
-0.00031394012582475797043
0.00028009526108870723854
-0.00024990383761344629368
0.00022265057434156576576
-0.00019781853934181262696
0.00017502811763977844266
-0.0001539975417280634366
0.00013451670220268419138
-0.00011642944117062244145
0.000099621469736246134596
-0.000084012182329391619049
0.000069549344148874703856
-0.000056206117413584341761
0.000043980317653806749763
-0.000032896322627486530024
0.000023011036291041391354
-0.000014427777679550315487
7.330248973352713037e-6
-2.091212315748106604e-6
0.0020601915222092353041
0.0047426419057408100624
0.0075122969512926207107
0.010030156533951241711
0.012835968010435076303
0.015064454629673633834
0.017923778395574755033
0.019710212890101850091
0.022707953444643379253
0.023787987052370557727
0.027238885093648440528
0.0268470186166117946
0.032572489714582517631
0.015710889511250644102
-0.0029305894611328080416
0.0016449148845478007202
-0.001149517716369764965
0.00088582202631724500982
-0.00072015164580838492026
0.00060483227552702025547
-0.00051873988000243747128
0.00045111635643084175124
-0.00039592258891057167679
0.00034951602414990453301
-0.00030957557754098251564
0.0002745572716566577523
-0.00024339849337382056558
0.00021534793973257045298
-0.00018986318103633931916
0.00016654654194355661978
-0.00014510369045342220916
0.00012531623435877443625
-0.00010702329812214799156
0.000090109104841669922837
-0.000074494800899491565688
0.000060133545203370307078
-0.00004700849238584708852
0.000035133958758034076993
-0.000024561162714464498887
0.000015392600671915023738
-7.8179820485260446503e-6
2.2299689769473240029e-6
0.0020465320614578354161
0.0047909715132503447986
0.0074155225469721440457
0.010188526180418346013
0.012601413691133173387
0.015393016911740576903
0.017477738562820814693
0.020306812422473637253
0.021910700269364011864
0.024868556574880889519
0.025721776873369386402
0.029140292983563744502
0.02845072815105282293
0.034231557260045554109
0.016386406091227244732
-0.0030356253111216399986
0.0016931436390241229392
-0.0011762706443867141658
0.00090138523602287835808
-0.0007288639571321589163
0.00060892328559536758703
-0.00051950833787166751698
0.00044938839959510390354
-0.0003922597775227198683
0.00034432082247227135688
-0.00030314949877995950827
0.00026713512301153890012
-0.00023516968372772372134
0.00020647039190766736729
-0.00018047283863196907367
0.00015676418092870231196
-0.00013504007327229806567
0.00011507628343967270994
-0.000096709779580362053838
0.000079826241703587189581
-0.000064352264711296654331
0.000050251438586102908888
-0.000037524353151087034386
0.00002621384703084792921
-0.00001641972775329902127
8.3366817038037560192e-6
-2.3774523602630648967e-6
0.0020588538715263394161
0.0047474437215096259945
0.0075024255987635218606
0.010046947437625625668
0.012809777718488973408
0.015103649855637894505
0.017866011083948951901
0.019795672087806248266
0.022578783288912745931
0.02399169257605016166
0.026893171016982999301
0.027515228183824972858
0.030882432720406975556
0.029899128327551907956
0.035703624168064058819
0.016972425844130486214
-0.0031240417130815715957
0.0017320459591083975808
-0.0011964823253341319886
0.00091187253072063614953
-0.00073340874053687208086
0.00060947038409360277439
-0.00051719242748176082611
0.00044493311546807072266
-0.00038615884909356067693
0.00033692991864185092864
-0.00029473688571493535246
0.00025791154706448964847
-0.00022530702868991527417
0.00019611394316688236435
-0.00016974977011799254342
0.00014578977419799066183
-0.00012392260479542955558
0.00010392122210656141104
-0.000085623809858060467054
0.000068921632117631808909
-0.000053752261062080303308
0.000040097799506111216575
-0.00002798924214104106273
0.000017521320416069749233
-8.892365667909436443e-6
2.5353542479479960689e-6
0.0020476683834222343166
0.0047869062573929871286
0.0074238274550739235948
0.010174532497959928262
0.012622956956548847073
0.015361335817992702267
0.017523364167512133449
0.020241352466648154774
0.022005630254677185636
0.024727272086018603946
0.025941819212852328894
0.028770749335417083532
0.029158533774247777559
0.032455799764457051484
0.0311843008261584581
0.036980654445485722602
0.017465748123148539942
-0.0031953597441116206964
0.0017614171788269201424
-0.0012100537588026429109
0.00091724131872966765791
-0.00073377886454067029245
0.00060649100295498076267
-0.00051182771037576868586
0.00043780006170766753134
-0.00037768055170653820933
0.00032741329020075545262
-0.00028441557489178544756
0.00024697132519569273125
-0.00021390173366640738385
0.00018437608250054081977
-0.00015779801833836518656
0.00013373467723462537491
-0.00011187134142544179381
0.000091982062981356154325
-0.000073910880652891820158
0.000057560737764349887776
-0.000042888985812834853942
0.000029910264554747291122
-0.000018711133910757282433
9.491814863271028042e-6
-2.705576998268929237e-6
0.002057878117269963071
0.0047509247458671046304
0.0074953508634024270251
0.010058776445069612581
0.012791759745108440448
0.015129776484711288549
0.017829066811521742542
0.019847433449905836747
0.022506018970736966553
0.024095560706738362137
0.02674054137535578919
0.027750423700169032052
0.030491045405694346528
0.030642709250815925508
0.033851808783327070213
0.032299220779123207158
0.038055676310688154958
0.01786367856629274573
-0.0032491928383567780771
0.0017811026794868650676
-0.0012169193035436026961
0.00091747325505065206942
-0.00072998559592719399994
0.00060001685294246055941
-0.00050346095875069405991
0.00042804764862447312993
-0.00036689265349087603794
0.00031584652633317760807
-0.00027226798086847513764
0.00023440314671373467729
-0.00020104862882455158944
0.00017135808908738572389
-0.00014472614183272726033
0.00012071623085959410947
-0.000099014837598102072193
0.000079402366491023671681
-0.000061735468615964297583
0.000045938388505698626397
-0.000032003462264554712246
0.000020005014474349650712
-0.000010142810605911860024
2.8902988724593028709e-6
0.0020485143951200560102
0.0047838951778783654746
0.0074299207583773686716
0.010164409715746195416
0.012638241131216995156
0.015339426967050820449
0.017553889647101503363
0.0201993836939487744
0.022063218309009649016
0.024647614278241146061
0.026054058219610027336
0.028607595051365659319
0.02940762315529014534
0.032044670216576670567
0.031959641686069617822
0.035062841038644681118
0.03323779471676046278
0.038922820492419069019
0.018164043810951026222
-0.0032852491262113983995
0.0017909991756448634252
-0.0012170476688494677228
0.0009125751417162126774
-0.00072205948318006372027
0.0005900948217742414402
-0.00049215108512794034165
0.00041574411438751059549
-0.00035387098129913617106
0.00030231195734730257463
-0.00025838235917092726526
0.00022030107121457890557
-0.00018684793181062809591
0.00015716724994035338838
-0.00013065012636684034849
0.00010686174339782772146
-0.000085495811065404948989
0.000066346629756445923233
-0.000049294028370866814979
0.000034300091381536685465
-0.000021421508632485337828
0.000010854422689429143318
-3.0920529706522802894e-6
0.0020571381348745131587
0.0047535532181336205111
0.0074900511453439731152
0.010067533371740050112
0.012778634702155603051
0.015148411285461208067
0.017803416902582753942
0.019882162748616385541
0.02245927582926905103
0.02415865001613235437
0.026654425114577605362
0.027870431519477571526
0.030318236265265977594
0.030904362859683407871
0.033423143167117041794
0.033102133608818030537
0.03608228634366529775
0.033994893563824710308
0.039577352434151456607
0.018365203363366882066
-0.0033033331807153940679
0.0017910555751742036354
-0.0012104425118832627901
0.00090257943388650012966
-0.00071005083829773584855
0.00057678746523966917155
-0.00047796966627059185844
0.00040096810597484510294
-0.00033870009094426591059
0.00028689946158203809281
-0.00024285382137256372991
0.0002047658605308454694
-0.00017140706294992878974
0.00014191941623748212453
-0.00011569709035328180856
0.000092314010456490620766
-0.000071479609669845854452
0.000053013749275473320104
-0.000036837492864833512201
0.000022982633071541560437
-0.000011637370239868106353
3.3138256150545614602e-6
0.0020491668732905689225
0.0047815814654170696957
0.0074345713618525646588
0.010156760614041669794
0.012649634569560091687
0.015323380409062252686
0.017575753760335659082
0.020170152693341150523
0.022101946897932171732
0.024596359180871750877
0.026122305991099098598
0.028515479743491324274
0.029534764144043318131
0.031863121982298623738
0.03223246600057671591
0.034618938441699614038
0.0340639420906161939
0.036904579397493294084
0.034566380466607634014
0.040015698249562356761
0.018466058558043219999
-0.0033033471842599195067
0.0017812734520350102449
-0.0011971426987254227115
0.00088754442480940015904
-0.0006940299028010524581
0.00056017318832322242013
-0.00046100116954495957032
0.00038380898719265994091
-0.00032147370821631503161
0.00026970711588763590415
-0.00022578531114638929435
0.00018790645870717224622
-0.00015484290697727079704
0.00012574248857253489815
-0.00010001071716443964254
0.000077239930039610719262
-0.00005716824828952823555
0.000039660895851661396202
-0.000024714870864441275673
0.000012504484557942219813
-3.559181899342638579e-6
0.0020565584842238849439
0.0047556056663163089861
0.007485936719543188348
0.010074273888674660982
0.012768648011346052179
0.015162380419762123462
0.017784546265960495059
0.019907125101773595982
0.022426631792960209734
0.024201163937694450268
0.026598933160733424466
0.027943477563121554919
0.030220604822009642188
0.031037970035308628264
0.033233813351999449034
0.033384678499937750008
0.035625526149098132341
0.034839812707776091302
0.037525230320627475155
0.034949133274698753887
0.040235464300346359505
0.018466058558043219999
-0.0032852915228285926292
0.0017617071552944184297
-0.0011772222649078026234
0.00086755415568088598296
-0.00067408675343864161058
0.00054034618187777355345
-0.00044134295979733553335
0.00036436696975000902529
-0.00030229506448213345043
0.00025084185848793657427
-0.00020728878447012836334
0.00016984198805076720476
-0.00013728510299501964246
0.00010878178846039633421
-0.000083760059260518504914
0.000061845193496432256466
-0.000042825829515347415745
0.000026650486826182413494
-0.000013471314542818489756
3.832429033973382767e-6
0.0020496854767094877438
0.0047797475211141193123
0.0074382392156072055119
0.010150772277391155891
0.012658466013781050623
0.015311099959471580036
0.017592221538339564796
0.020148564680699412689
0.022129869469745456813
0.024560477459351551303
0.026168381989056189703
0.028456038500381754553
0.029612231652211289064
0.031760479113445554115
0.032371844076479644361
0.034422821354531564286
0.034354708781057410712
0.036437407970883227309
0.035425508188015552314
0.037940849238617026922
0.035141061540912236363
0.040235450296801834066
0.018365203363366882066
-0.0032492648122494041629
0.0017324635687607811533
-0.0011507900973682178667
0.00084271807944294189041
-0.00065033098466255233033
0.00051741616281788033368
-0.00041910515147265043755
0.0003427531595316192972
-0.00028127726499057019051
0.00023042038026926814351
-0.00018748694328611209306
0.00015070484172974533955
-0.00011888135378669852604
0.000091209064340526114582
-0.000067154939099079107849
0.000046401412786272266849
-0.000028829296665226042835
0.000014556932740630694827
-4.138832549970853409e-6
0.0020560913552951945856
0.0047572557281848220626
0.0074826433573112324102
0.010079634693144785693
0.012760773791427390758
0.015173273720045288258
0.017770031359861460365
0.019926005846948303159
0.022402439012349779286
0.024231903146461269125
0.026559995781397663268
0.027992883607794611918
0.030157513472964254422
0.03111946706515398563
0.033126683163753625635
0.033529107573873461832
0.035423647331425020225
0.035137262310811250021
0.037050147105082116164
0.035817831585017551455
0.038149164784935907721
0.035141117940441576573
0.040015655852945162532
0.018164043810951026222
-0.0031954633598335775585
0.0016937015295366171029
-0.0011179893503837086902
0.00081317049638487164182
-0.00062289119407538236186
0.00049150795850318181642
-0.00039441037235646849576
0.00031908962997700783619
-0.00025854388183952354771
0.00020857057697328992161
-0.00016651610360264352018
0.00013064590169455205293
-0.000099806617249086267187
0.000073238631839528786916
-0.000050474931219873037128
0.000031301090301378400709
-0.000015785027004114268701
4.4849072044862950933e-6
0.0020501090034520830024
0.0047782529614801630659
0.0074412168342043974216
0.010145938246790877091
0.012665541374550825317
0.015301355818417698479
0.017605133182305031745
0.020131882427944232952
0.022151072655123344828
0.024533796538234349774
0.026201789760499649448
0.028414233307833742413
0.029664727967079592479
0.031694047003369763342
0.032456965656121311855
0.034311744341751848466
0.034503448597672606753
0.036230818091336185521
0.035728070768959591885
0.037460392322660958132
0.036014643861035787929
0.038149036419630042694
0.034949304047246899064
0.039577280460258830521
0.01786367856629274573
-0.0031241800643910750748
0.00164563090913776527
-0.0010789966008725807491
0.00077906977168536269667
-0.00059191429190101937127
0.00046276097884015877091
-0.00036739352576875401809
0.00029350968966326037717
-0.00023423008475402761616
0.00018543414044029413372
-0.00014453126272568712596
0.00010984386509044563206
-0.000080279982051916504578
0.000055158339456709797263
-0.000034129014723679952753
0.000017185405007146575475
-4.8788149454207656942e-6
0.0020557048793228112345
0.0047586183360109801779
0.0074799329825895043548
0.010084024519971575087
0.012754368748869358797
0.015182059612037384294
0.017758446429448947236
0.019940885527364774726
0.022383660227408380731
0.024255335719166997139
0.026530945867925400359
0.028028808596508650003
0.03011303284745973454
0.031174807697305595473
0.033057227757346274911
0.033617438398060216975
0.035309176798003618092
0.03528955707087782393
0.03683991533227782113
0.036123915723778783369
0.037665895980627110291
0.03601487579735677234
0.037940460485536407043
0.034566670443075132302
0.038922716876697112157
0.017465748123148539942
-0.003035802757224750174
0.0015885113562960313633
-0.0010340207419557632791
0.00074059733954554959697
-0.00055756465640789270859
0.00043132863673470627796
-0.00033820168961698143214
0.00026615863130575330085
-0.00020848487630202389356
0.00016117138128392196715
-0.00012171546819096808551
0.000088522806507676870502
-0.00006059771343360588376
0.000037394393604823477538
-0.000018796106518735922694
5.3309189023079887253e-6
0.0020504639480765943092
0.0047770025165421606424
0.0074437005282626773231
0.010141924026667363441
0.012671381963550412727
0.015293372610863814485
0.017615613916678423607
0.020118491400204191347
0.022167867663876377526
0.024512993001197052069
0.02622735807538904451
0.028382934449127183367
0.029703017170626444792
0.031647086051191203479
0.032514900635389999815
0.03423958857397590778
0.034594566327655228954
0.036113515981679052138
0.035883154506433981721
0.037247599154215524958
0.036322646731992837224
0.037665525856623312079
0.035818534196013127982
0.037524569947236184433
0.03399531117347709388
0.038055537959378651479
0.016972425844130486214
-0.002930811985609569355
0.0015226506949493802486
-0.00098330160661364839909
0.00069795649518421796549
-0.00052002316739596412936
0.00039737782035146085387
-0.00030699440292980699398
0.00023719550253988261429
-0.00018147553515289648446
0.00013597049416383967635
-0.00009829795543244946417
0.000066987346900696710707
-0.000041203750084774788242
0.000020666429364625211443
-5.8545692017971107931e-6
0.0020553767546848053702
0.0047597734691704474499
0.0074776415764320460936
0.010087720937495474449
0.012749004116207610978
0.015189368911215631273
0.017748887813507352071
0.019953041348642543691
0.022368498665563300991
0.024273994112961949804
0.026508187922859333238
0.028056420498080488511
0.03007960395242529623
0.031215308630593620837
0.033007981866182213185
0.033677716565249433528
0.035234645745077039391
0.035383036310113220104
0.036720347399424772312
0.036281018327138660228
0.037451625453958107515
0.036323193830491072411
0.037459270683865923048
0.035426702385879174086
0.036903627776972205627
0.033238352607272956944
0.036980476999382612426
0.016386406091227244732
-0.0028097782375442659046
0.0014484029627405042266
-0.00092710830455455367918
0.00065137097621764877045
-0.00047948617847926700485
0.00036108861661892707347
-0.00027394483212750637268
0.00020679698597524072313
-0.00015339656193884272168
0.00011006607192335055676
-0.000074591395892023634391
0.00004569930170660302666
-0.000022861362376093592708
6.4672408667068892089e-6
0.0020507693333475949813
0.0047759281329227772506
0.0074458292480068320486
0.010138495947240786877
0.012676345804298489866
0.01528662884218758127
0.017624402003592685109
0.020107362391245622446
0.022181679781141269014
0.024496093694523770505
0.026247831615228260736
0.028358288369462613032
0.029732584571849770537
0.031611642203537627524
0.032557464242721919011
0.034188250181634792993
0.034656938974640422131
0.036036932710126473977
0.035978571597752147911
0.037126329315644335809
0.036481000759655598247
0.037450856996088877469
0.036125574451206743877
0.037048239267710437364
0.034841535106268246451
0.036081013962666844848
0.032299936803713171707
0.035703401643587297505
0.015710889511250644102
-0.0026733586007891904748
0.0013661660623973962236
-0.0008657372440614053562
0.00060108334403106478639
-0.00043616455866044031618
0.00032265470024428078932
-0.00023924284677869961657
0.00017516572012810034789
-0.00012448824737855235996
0.000083778250575080667049
-0.000051075102613873638379
0.000025468245133441143478
-7.1922198846929987923e-6
0.0020550905146402904119
0.0047607799019008984929
0.0074756496263582973878
0.010090923748235280987
0.012744376085684010473
0.015195640032147927432
0.017740741666209639758
0.019963318246197256176
0.022355801068312330556
0.024289448926665376379
0.026489577290757657613
0.028078667976806506632
0.030053128655521390593
0.031246750904861509762
0.03297063072179630209
0.033722201113919406662
0.035181400083910526177
0.035447261871496784222
0.036642027747726810414
0.036377957223319006511
0.037329209078270930605
0.036482042378167623677
0.037245267931772534096
0.035730894876888518854
0.03643465304757859342
0.034066247918916144174
0.03506120610920703088
0.031185199549774782177
0.034231281508784202095
0.014949565556896663578
-0.002522292837883258446
0.0012763789770871918991
-0.00079950979641070652233
0.00054735320831464525463
-0.00039028310159250519902
0.00028228530052479254707
-0.00020310229664518018429
0.00014254842670154161747
-0.000095077315621597765855
0.00005760271267146006405
-0.000028607064453548499641
8.0611671375943673475e-6
0.0020510396575798035593
0.0047749781750491141009
0.0074477075807435044118
0.010135480134136399558
0.012680695369676411323
0.015280749090045618664
0.017632017624377389396
0.020097787955430461461
0.022193461523864809139
0.024481821126332666322
0.026264925156632707074
0.028337982230161712513
0.029756576043817639776
0.031583384886874660427
0.032590712815900699174
0.034149087078073548859
0.034703215302226047587
0.035981952147106327587
0.036044421785898913035
0.037046575203835622363
0.036579060383770254031
0.037327832695596166353
0.036284180499538785679
0.036835941475657635944
0.035141346480255695175
0.035621831914672402628
0.033105101408969965966
0.033849753572930201164
0.029900243307583221672
0.032572149602321572679
0.014106592339504595412
-0.002357398837324728387
0.0011795184651455873896
-0.00072876954653828129367
0.00049045543460661665044
-0.00034208101677864564833
0.00024021087865064043416
-0.00016577796721586385231
0.00010927732168530674
-0.000065673642007385126852
0.000032446910009632977552
-9.118134173515936911e-6
0.0020548331333796613674
0.0047616839278118853644
0.0074738637182534104753
0.010093787413395684556
0.012740253118747092622
0.015201201323852816763
0.017733557602593806648
0.019972321675431088528
0.022344762857318138859
0.024302763550440477368
0.026473709610347524498
0.028097411361383476466
0.030031126700627328724
0.031272473408836552627
0.03294062085602271564
0.033757205818642365621
0.035140501288724961052
0.035495220579099393492
0.036585464104887717908
0.036445225246542526205
0.037248299681850239741
0.036580846158666834225
0.037122147159275596253
0.035888552830562134449
0.036225060318348565221
0.03436019718328990247
0.034614172976428403582
0.031963380605062513483
0.032453244986655154044
0.028452105426739556279
0.030735057651429718604
0.013186573924793517586
-0.0021795673603191994462
0.0010760950891041772447
-0.00065387907512615034316
0.00043067875195585574277
-0.00029181530181210342205
0.00019669786817270220943
-0.0001276065272595864745
0.000075872876543863842793
-0.000037233313465839901642
0.000010426070851126694069
0.0020512869152396574281
0.0047741101022960194604
0.0074494210517229701509
0.010132735917008428578
0.012684640082209562253
0.015275438855565392327
0.017638860747412490483
0.020089236503174512972
0.022203910290512190775
0.02446926666569339536
0.026279819847659555232
0.028320478373689883842
0.029777002826942661425
0.031559663015994929927
0.032618178432068508282
0.034117327898802579161
0.034739953383043451678
0.035939365317876635368
0.036093983347555911987
0.03698854904358544027
0.036647572308635876175
0.037246012379024854183
0.036383389224719108482
0.036713194747385550292
0.035297397099913610772
0.035415889085357069036
0.033391778899639028229
0.033417121711927262573
0.030647370334376920365
0.030879268849308364642
0.026848722165736697519
0.028730025389713095926
0.012194535198200811257
-0.0019897559237924119211
0.0009666483317022345605
-0.00057521629260317158616
0.00036832599036888377165
-0.00023977183856665952072
0.00015208719196761056292
-0.000089113639904484552325
0.000043335812381227992237
-0.00001207779880541093083
0.0020545932256455944502
0.0047625258455503396033
0.0074722031267228196695
0.01009644401947299926
0.012736439898816964322
0.015206325175489568374
0.017726969299346624158
0.019980533031251754102
0.022334760506761316214
0.024314738879888961303
0.0264595600073641771
0.02811396209998011097
0.030011914656573911105
0.031294650106420715664
0.03291512007961619956
0.033786463402087418004
0.035106957380697940178
0.035533709827750686632
0.036541194402985734617
0.036496354675167126648
0.03718888483260691097
0.036650477225100060738
0.037039608278441407176
0.035987882789931639203
0.036103098027582466571
0.034514047999190719807
0.034412747622886010744
0.03224147231234992704
0.032037134459365213887
0.029164327752252180635
0.029136366463381375166
0.025098889413030986483
0.026567983708909368012
0.011135894442991469469
-0.0017889815035441742611
0.0008517403849939291491
-0.00049317071169883392914
0.0003037196996941073409
-0.00018629847886716504704
0.00010690230467449840957
-0.000051335450460336421894
0.00001421540734098353908
0.00205152232673799418
0.0047732842772806517428
0.0074510487823485334045
0.010130134490570657049
0.012688369146027846346
0.015270436425446852163
0.017645279932589725346
0.020081255107534045636
0.022213605291131413293
0.024457696886190959936
0.026293439522332257999
0.028304614936873800007
0.029795328452980671616
0.031538624958892195593
0.032642220273194149917
0.03408993763332139708
0.034771106273505152286
0.035903943856794515399
0.036134301946432591438
0.036942538173547878526
0.036700301261791723868
0.037185212659160333522
0.036454088316128927545
0.036630051960000591967
0.035396647026795293236
0.035295033250727908215
0.033542933884006183362
0.033220972811040447618
0.030915691481817253221
0.030481630128144902239
0.027522454323458475188
0.027233975658999777976
0.023212221694930090386
0.024260711250101443079
0.01001643379517306544
-0.0015783114153585473915
0.00073194796720393360489
-0.00040814154233189775415
0.00023722548480853349042
-0.00013190778586858997871
0.00006219726356031520063
-0.000017066537115002527739
0.0020543592117294013262
0.0047633464854612981676
0.0074705866227682469056
0.010099025160320031038
0.012732744356588847173
0.015211275167462277505
0.017720629018178872593
0.019988399215167773795
0.022325229675043812467
0.02432607943216556911
0.026446254992781786464
0.028129399730487715898
0.029994158436920307902
0.031314934092137904731
0.032892069184091860593
0.033812559009502712993
0.035077489203983931292
0.035566943719580117358
0.036503715605295772977
0.036538672477265522285
0.037140977988286860221
0.036704938870978939402
0.036977320787030215561
0.036059711008272230575
0.036019347839719199937
0.034613141405436522637
0.034293187674174509122
0.032389577985403403657
0.031846864309217014965
0.029421873162144044697
0.028758926741328504295
0.02573087175646223327
0.025182361835396240874
0.021199112592737450586
0.021820763207563067168
0.0088422677743980277082
-0.001358851019332684557
0.00060785143804762049812
-0.00032054569398726017987
0.00016933887310810461425
-0.000077641591953228741694
0.000021017164721592474803
0.0020517585299483809377
0.0047724562148565432447
0.0074526789990148041758
0.010127533566556379197
0.012692089011380448803
0.015265460573062229569
0.017651642906248975874
0.020073376103608455699
0.022223129990539247226
0.024446393350550879975
0.026306661242418956872
0.028289326519650962896
0.029812844628055868809
0.03151870338321531599
0.032664746435350630491
0.034064579902467092013
0.034799558399487422486
0.035872088109103471124
0.036169931045564412998
0.036902686289844781339
0.036744931735034717231
0.037135103558481644106
0.036510575395408247343
0.036566005854341328253
0.03546984212192048184
0.03521048636039689783
0.033641989927112759896
0.033102691575671876484
0.031060613952516189668
0.030297604439080974009
0.027768481088911832909
0.026878153087434879084
0.0237996115843224934
0.022992528230112944357
0.019070703417390852602
0.019261389079613786854
0.0076198101749008670907
-0.0011317252563692730687
0.00048002217161136567764
-0.00023087235018514010609
0.00010104219818915001283
-0.000026771094760408899501
0.0020541163419006377264
0.0047641976888605767924
0.0074689116684829131588
0.010101695553973749474
0.012728928744099722639
0.015216373041121001102
0.017714119394836230766
0.019996446029717742368
0.022315521550045988304
0.024337574042098643931
0.026432845381101938619
0.028144858583868907566
0.029976507743559078555
0.031334930637509235446
0.032869557691318279269
0.033837774158136085986
0.035049356359742147993
0.03559824099167729018
0.036468964830163664055
0.036577221054467940788
0.037098214571339964647
0.036752431196598491318
0.036924454018850531923
0.03611877922631248411
0.03595299503177817418
0.034688233137605235669
0.034207347446474055516
0.032489039185915718575
0.031729504186914937729
0.029563837805739511835
0.028581129599030623914
0.025965048866957660235
0.024849112213631466077
0.021739641476067637747
0.020676085030648970054
0.016838877091644472576
0.016596430380485576154
0.0063557398815282619717
-0.00089804718185001786736
0.00034902397200158672901
-0.00013998238337670924639
0.000035742436513680700947
0.0020520141839751125153
0.0047715604134191722701
0.007454440971684136743
0.010124726156613964949
0.012696097151362958432
0.015260110918484739384
0.017658465598285918907
0.020064954663587416889
0.022233272657134209526
0.024434408057105120583
0.026320611462025811825
0.028273286206305265322
0.029831105166841136537
0.031498085172757500867
0.032687869822866019292
0.034038790466153632091
0.034828192209215646358
0.035840408991250261323
0.036204885648417499256
0.036864188101099414357
0.036787291103092619179
0.03708850022364554587
0.03656189241448583654
0.036509387755146969838
0.035532510939230038972
0.035140788558778539802
0.033720025682954598168
0.033014515323722162497
0.031161498357009018539
0.030180201655207817693
0.027908351661630836479
0.02670589527990844271
0.024022322408569622495
0.022682034797144761623
0.019562990452766032348
0.018245019854963814982
0.014516325627154657393
0.013840170902712817458
0.0050569673922631611893
-0.00065885895492484473748
0.00021556681377582875587
-0.000051189598720970847356
0.0020538385326663339347
0.0047651709351839998713
0.0074669980299707253859
0.01010474307985699556
0.012724580698909211146
0.015222171493806790749
0.017706731870477809319
0.020005553606803734601
0.022304568062270154431
0.024350496222690509562
0.026417833010027189393
0.028162083057211665587
0.029956947115685554137
0.031356955471251412551
0.032844934505669043937
0.033865138387280475768
0.03501909689900831412
0.035631565007506916346
0.0364323872203293616
0.03661726688482992229
0.037054452642865627495
0.036800200531828918843
0.036872328762244199574
0.036175685136867928269
0.035890780700781913081
0.034756425440692933472
0.034132308275666362099
0.032572081703978629823
0.031636873898438921682
0.029668301486474427228
0.028461517006887312056
0.026104960328635741001
0.024680363013212759115
0.021952684909526713779
0.02038703092472133551
0.017283169742764748872
0.015711179437233380803
0.01211685716009700688
0.011007040047639637452
0.0037306109243393735362
-0.00041504561312224558861
0.00008238747866235158179
0.0020523310177875459461
0.0047704506175977762031
0.0074566225127506411188
0.010121253350848123312
0.012701049387050753415
0.015253511045068900809
0.017666867498421319016
0.020054606305668412248
0.022245704658623756469
0.024419760383203556022
0.026337603425155664695
0.028253823176924298408
0.029853165716976553452
0.031473299414555491389
0.032715511387158564956
0.03400815769928079423
0.034861958571038863512
0.035803357016266690787
0.036245388102371354628
0.036820053427127539447
0.036835261742876250944
0.037036461216927270608
0.036618269623491919636
0.036448353267194330521
0.035598587225278322524
0.035069197789157585783
0.033797724449688369805
0.03292994595488828536
0.031253943644258788676
0.030078515889692549135
0.028021194428071485584
0.026579091011530256963
0.024167406016719195886
0.022511576197693809149
0.019771550316633987749
0.017972501944184433027
0.014916673796348111879
0.01308466393396985799
0.0096566826181020401684
0.0081106924562858647086
0.002384055075437125603
-0.00016817914187598186836
0.0020534424851532685297
0.0047665580537639810153
0.0074642718661605649879
0.010109081678765452485
0.012718396095638806302
0.015230409971633650677
0.017696249808117108838
0.020018455478113072232
0.022289080428004761962
0.024368727706020842167
0.026396705528098205827
0.028186254412142580824
0.02992958676526117547
0.031387648668759163386
0.032810764362753534429
0.03390293144804152774
0.034977531260849733887
0.035677058654685697857
0.036382801898288913815
0.036671118755946533313
0.036996144474787995816
0.036863174219826546334
0.036804454975440982788
0.036248726610080859965
0.035812260797063838399
0.034840791406108172649
0.034041652735893402317
0.032669573145781025638
0.03153185813633351384
0.029781731223348047885
0.028338489935116249697
0.026239212924360467077
0.024532551343991431765
0.022117574244571147413
0.020199400368931813305
0.017503493696403283034
0.015438344879340177994
0.012490174642342867738
0.010366116196630927009
0.0071618007747616372401
0.005158707786555972713
0.0010264996511622711527
0.0020529993023245423053
0.0047681101508742512059
0.0074612218486787470723
0.010113934784526322379
0.012711479763056523943
0.015239620349801734181
0.017684535548796055416
0.02003286759034613088
0.022271788885982938937
0.024389070396401622514
0.026373147849587035172
0.028213184679009190823
0.029899131113793327156
0.031421779022501288205
0.032772812182454489464
0.033944851688260972428
0.034931496246297079883
0.035727357132585491461
0.036328087621902052444
0.036730406726733764132
0.036932117116086439998
0.036932117116086439998
0.036730406726733764132
0.036328087621902052444
0.035727357132585491461
0.034931496246297079883
0.033944851688260972428
0.032772812182454489464
0.031421779022501288205
0.029899131113793327156
0.028213184679009190823
0.026373147849587035172
0.024389070396401622514
0.022271788885982938937
0.02003286759034613088
0.017684535548796055416
0.015239620349801734181
0.012711479763056523943
0.010113934784526322379
0.0074612218486787470723
0.0047681101508742512059
0.0020529993023245423053
0.00080019050496879248857
0.0042113558295695401038
0.010328745968125903146
0.019120317330897755627
0.030538221322505910733
0.044520137547936273708
0.060989715093913628644
0.079857008369091549537
0.10101897337225629338
0.12436003215525975522
0.14975270472191439313
0.17705830556537608302
0.20612770125744533858
0.2368021250344038562
0.26891404396478903512
0.30228807397851247116
0.3367419377672942439
0.37208746032856045802
0.40813159671757272457
0.44467748639574006583
0.48152552841732411209
0.51847447158267588791
0.55532251360425993417
0.59186840328242727543
0.62791253967143954198
0.6632580622327057561
0.69771192602148752884
0.73108595603521096488
0.7631978749655961438
0.79387229874255466142
0.82294169443462391698
0.85024729527808560687
0.87563996784474024478
0.89898102662774370662
0.92014299163090845046
0.93901028490608637136
0.95547986245206372629
0.96946177867749408927
0.98087968266910224437
0.98967125403187409685
0.9957886441704304599
0.99919980949503120751