0.00078833651307645965817
-0.00030013209316587076524
0.00023029274158680605394
-0.00019422870040994964177
0.00017075950943761718722
-0.00015368554445631514575
0.0001403941890819932391
-0.00012955844059342298408
0.00012042114035384484376
-0.00011251420937758475085
0.00010553075737918359778
-0.000099260326822583520414
0.000093553395517312021222
-0.000088300672245427842184
0.000083420401741102819645
-0.0000788502532895112638
0.000074541955635939284853
-0.000070457642277784431302
0.000066567297831922768641
-0.000062846933869612497739
0.000059277260343331025775
-0.000055842701306681873459
0.000052530654645205837332
-0.000049330927905994895149
0.000046235303349902567635
-0.000043237199320443552345
0.000040331404488988314633
-0.000037513868071660616636
0.000034781533710994245556
-0.000032132208013358281358
0.000029564457152376143294
-0.000027077526774578349414
0.000024671281877930926393
-0.000022346164528464506109
0.000020103168362166343522
-0.000017943829913563725305
0.000015870238067830395611
-0.000013885064561406574272
0.000011991620801108569555
-0.000010193949949066706705
8.4969694188234471105e-6
-6.9066901125880518048e-6
5.4305604437217035869e-6
-4.0780291460576519996e-6
2.8615294449439487469e-6
-1.7983852844605882377e-6
9.1516645035301774278e-7
-2.6131501652904516023e-7
0.0017058321376253092866
0.0018318884753190655256
-0.00049952481574700441873
0.00035217248854981356172
-0.00028794894899532217441
0.00024975285055372863838
-0.0002233106865346493763
0.00020329693070024185942
-0.00018724019870454653677
0.00017382159679985100495
-0.00016226545491184377617
0.00015208196826369905319
-0.00014294471330018172945
0.00013462683013229670561
-0.0001269653204817570145
0.00011983989570112414832
-0.00011315983983684559981
0.00010685552245380439257
-0.00010087272916524571022
0.000095168764438384242067
-0.000089709705563789337642
0.000084468425654257347971
-0.000079423143285827592723
0.000074556340857932581183
-0.000069853946319043546961
0.00006530470649324668498
-0.000060899702222381172286
0.000056631970240734054159
-0.000052496206742276533715
0.000048488534605950003195
-0.000044606321243228718696
0.000040848037697345247642
-0.000037213152410733179816
0.000033702055311659247968
-0.000030316009806675653631
0.000027057132131657002259
-0.000023928399562266482464
0.000020933691552004466057
-0.000018077871483630036639
0.00001536692232412602121
-0.000012808158861495517628
0.000010410556094634740787
-8.1852661023611494402e-6
6.1464650061213350046e-6
-4.3128352980143208923e-6
2.7104381365458908219e-6
-1.3792767826503521247e-6
3.9383354285811543958e-7
0.0015134005799426340455
0.0039826948038145176626
0.0028693086448086348724
-0.00068786216379421956306
0.00045880904066761276782
-0.00036468099025007638218
0.000311246156685278777
-0.0002755248263803094068
0.00024917119254439261181
-0.00022841681841565133804
0.00021130309439784036224
-0.00019670616940590738047
0.00018393211472709962059
-0.00017252766078821685305
0.00016218334221484782855
-0.00015268026259007797744
0.00014385908849722780744
-0.00013560110291824106959
0.00012781615061093824492
-0.00012043469988885433577
0.00011340245787382173787
-0.00010667662264038898601
0.00010022321539317227158
-0.00009401514372124601662
0.000088030771201045298916
-0.000082252845082884672522
0.000076667682133833484572
-0.000071264544020339578967
0.000066035154360790247149
-0.000060973323629511471206
0.000056074657826102565807
-0.000051336333736813797184
0.00004675692868316437589
-0.000042336296538871902307
0.000038075484980243637134
-0.000033976691810416240299
0.000030043261149207976512
-0.000026279723777514581747
0.000022691890666009844489
-0.000019287015898967590623
0.000016074057095066143773
-0.000013064082707572055837
0.000010270916749447844916
-7.712198476600544327e-6
5.411239942211102952e-6
-3.4006281297132579019e-6
1.7304587968907229715e-6
-4.9410257306572578333e-7
0.0016159860689446650165
0.0034981366273860045416
0.0062453632566702004867
0.003894828930735962182
-0.00087089128199034247827
0.00055935696416289156305
-0.00043463228598906296952
0.00036553939709633498864
-0.0003203318535515844362
0.00028757675187767388902
-0.00026215990818494341255
0.00024145015576446894101
-0.0002239536940304917691
0.0002087580381589536175
-0.00019527344836651186833
0.00018310139002341170238
-0.00017196269863736480812
0.00016165602608154484097
-0.00015203262878750019857
0.00014298044338506643496
-0.00013441367698322998248
0.00012626579752163355406
-0.00011848469022470773353
0.00011102923434425321058
-0.00010386683532048611245
0.000096971614623184971824
-0.000090323061938080805268
0.000083905018800064310467
-0.000077704904321683019361
0.000071713121074325175847
-0.000065922597672046334312
0.000060328437383638863177
-0.000054927651173405471073
0.000049718960260232996029
-0.000044702658491256480871
0.000039880529228927121492
-0.000035255815641687351131
0.000030833247912993048653
-0.000026619136822101692549
0.000022621551848405525
-0.000018850616099573080379
0.000015318975468993920633
-0.000012042547806093660138
9.0417599566958501364e-6
-6.3437213780120009022e-6
3.9864440316730992971e-6
-2.0284930144258756298e-6
5.7919055876645839007e-7
0.001549223014916042304
0.0037713393581319938031
0.0054701723511562776432
0.0084813268693790898577
0.0049040401143388819536
-0.0010492764705610108635
0.00065576503120940095403
-0.00050037958588759759424
0.00041550518731538693112
-0.00036071838395066672599
0.00032151249908819190562
-0.00029142343076591485612
0.00026713996360128653406
-0.0002467912703448196287
0.00022924049315247216552
-0.0002137568753552085631
0.00019984933112644447972
-0.00018717578191464628306
0.00017549085739978251966
-0.00016461426200126150911
0.00015441086118936054274
-0.00014477771035550508768
0.00013563535314770826095
-0.0001269218322726048311
0.00011858847364430303379
-0.00011059685983963641475
0.00010291661971169485932
-0.000095523790005515055462
0.000088399585840860669613
-0.000081529469075654645745
0.000074902437915442702657
-0.000068510484293401244551
0.000062348181559456906554
-0.000056412376443520228978
0.000050701967779797391662
-0.000045217761280604690311
0.000039962395667215480414
-0.000034940341605254443939
0.000030157982265428644977
-0.00002562379465066247919
0.000021348667196345895183
-0.000017346417831484563087
0.000013634631652557139492
-0.000010236053065095874838
7.181040008449533829e-6
-4.5123362051399355448e-6
2.2959923137136746458e-6
-6.5555321781062956323e-7
0.0015972334021293821044
0.003586135100767225569
0.0059161902284044099984
0.007419945623249118623
0.010681313627928632025
0.0058926902098310947851
-0.0012227573963586422715
0.00074848507642424319401
-0.00056274400215398950208
0.00046217663369024538358
-0.00039783833855985316443
0.00035219643920987550427
-0.00031745309926864847444
0.00028962224171656894689
-0.00026645706648256395451
0.00024659584393259438549
-0.00022916578389352956446
0.00021358213769725525715
-0.00019943887263111394994
0.00018644568401965333658
-0.00017438994936541504218
0.00016311281563950543624
-0.00015249365063703760361
0.00014243963233707933084
-0.00013287859854175629375
0.00012375402517531197754
-0.00011502143017050750838
0.0001066457542508635453
-0.000098599425415320468149
0.000090860911545745942107
-0.000083413628360935883104
0.00007624511131411551283
-0.000069346387957518432862
0.000062711506680372206068
-0.000056337191682625441694
0.00005022260466150411787
-0.000044369202488248242457
0.000038780688451463402122
-0.000033463063877925760563
0.000028424799145713195134
-0.000023677161803218583469
0.000019234771712905783303
-0.000015116514375642013608
0.000011347072082089214903
-7.9596350605182927862e-6
5.0011843775756932623e-6
-2.5445923858883786633e-6
7.2651181918779860281e-7
0.0015605312907802449288
0.0037234389750704655105
0.0056083693947831101432
0.0080365457695146020189
0.0093390598461605241891
0.012836236779460044974
0.00685662742708923705
-0.0013908171211662803428
0.00083751081092730951882
-0.00062197207854021274052
0.00050595271934192042637
-0.00043218760911512816735
0.0003801862974129877081
-0.00034084495970040852812
0.00030951509000788788873
-0.00028357976364115983137
0.00026145515758440257381
-0.00024212772124284459754
0.00022491955746850221811
-0.00020936080909332310399
0.0001951161758263906015
-0.00018194055833425490952
0.00016965120096236153138
-0.00015810959439599765571
0.00014720937097032362777
-0.00013686800054454925677
0.00012702096635268064483
-0.00011761760072374974422
0.00010861805759391621161
-0.000099991080277088656518
0.00009171233692468506399
-0.000083763169451895653556
0.000076129650080832569321
-0.000068801872396549060932
0.000061773426693438083941
-0.000055041026111100818848
0.000048604263168771422604
-0.000042465487794959337751
0.000036629809739210580596
-0.000031105242800973571116
0.000025903029623420262982
-0.000021038221646787911547
0.000016530656239709499338
-0.00001240661386231923199
8.701769124883137169e-6
-5.4669567287899893976e-6
2.7813933211651864775e-6
-7.9409243949087374901e-7
0.0015897811087639191571
0.0036159809379269065623
0.0058400784488109644712
0.0076069385735362323972
0.010123011229247121285
0.011219325497394327592
0.014937144879972644857
0.0077918069581995222255
-0.0015528565351664659114
0.00092266520685491419753
-0.00067808268090313451028
0.00054697009592966951408
-0.00046398053762234723138
0.00040574948533241256596
-0.00036190295890192623376
0.00032714732609925076967
-0.00029850457177774448622
0.00027417375033800189232
-0.0002530033831523362328
0.00023422407400305261399
-0.00021730311178325382533
0.00020186077104264201075
-0.00018761980612365906529
0.00017437374409062324562
-0.00016196629624769335444
0.00015027759515987926164
-0.00013921475951085394437
0.00012870528239358063233
-0.0001186923090093718338
0.0001091312082631304694
-0.000099987049660592772661
0.00009123272684850770223
-0.000082847552837323345061
0.00007481620726246668014
-0.000067127953668668403754
0.00005977607138220772293
-0.000052757466416171468652
0.000046072442167609040181
-0.000039724626113738347436
0.00003372106635057221182
-0.000028072536237867857135
0.000022794125202723025684
-0.000017906267481073829609
0.000013436513620037502364
-9.4227084090619862756e-6
5.919221462678316388e-6
-3.0112551214758405496e-6
8.5968136521960567491e-7
0.0015657541114281525222
0.0037032284233926891039
0.0056563854143749781641
0.0079331584263402473358
0.0095737137145013608672
0.012166788229438602238
0.013052765122890371803
0.016975278628353656309
0.0086943056411926097231
-0.0017082549762316458335
0.0010037022595281894362
-0.00073099445778561155499
0.00058524448476348688252
-0.00049329736453480211317
0.00042901156448518879185
-0.00038078532131882012911
0.0003427009276351313305
-0.00031143068968633453643
0.00028496312202006717293
-0.00026201279339670687745
0.00024172129453729681068
-0.00022349465775393784314
0.00020690978128154818687
-0.00019165797438448487479
0.00017750952345179019435
-0.00016429068997405685746
0.00015186833965799953649
-0.00014013940991911252074
0.00012902353381266046244
-0.00011845777635441002307
0.0001083928177931333467
-0.000098790149882684638392
0.000089619996653854985623
-0.000080859765017726357458
0.000072492892756115251235
-0.000064508004109324164588
0.000056898313821553746147
-0.00004966124426401969747
0.000042798241104866517018
-0.000036314794893219733036
0.000030220704248471166447
-0.000024530660609047777364
0.000019265314857206171304
-0.000014453151526335562224
0.000010133882823243795305
-6.3651318156188231265e-6
3.237807487847676719e-6
-9.2431337118496514958e-7
0.0015859508426547043665
0.0036304704098319700826
0.005807171180464010469
0.0076725006772404251526
0.0099931131708275694466
0.011500509341768431577
0.014159330182977517864
0.014831629064557926341
0.018942122386203592652
0.0095603377664576765793
-0.0018563961826374972417
0.0010803497643869043935
-0.00078058049329518624763
0.00062073275577397369137
-0.00052015040679473283126
0.0004500241868392156117
-0.00039757266388565846479
0.00035627826729934695881
-0.00032247697710754217059
0.00029395463648214270161
-0.00026929673634758007526
0.00024755899475912436661
-0.00022808827528248474601
0.00021041952496717731758
-0.00019421360355163179533
0.00017921826750762014669
-0.00016524284742529321383
0.00015214133075349592139
-0.00013980077393138496709
0.0001281331916230195185
-0.0001170697734949890013
0.00010655669613578447178
-0.000096552052873500921539
0.000087023584731875588107
-0.00007794699953087464955
0.000069304735318474115741
-0.000061085072326784441572
0.000053281533084946178278
-0.000045892539342620964899
0.000038921322463801851737
-0.000032376117426611338209
0.000026270720160966771754
-0.000020625575551967986349
0.000015469741593866457532
-0.000010844489675844926066
6.8104328158229051319e-6
-3.4639617593167436508e-6
9.8881783880568730934e-7
0.0015686630530441560077
0.0036923966760771119199
0.0056802427477967040507
0.0078879672567153795523
0.0096562730754764620654
0.01201109551436230897
0.013379243794725682109
0.016092313283636846464
0.016548416140257919617
0.020829448102562509609
0.010386270735866187304
-0.0019966815102777429936
0.0011523298520895486474
-0.00082669464404791833565
0.00065336327309640565638
-0.00054451692246567949854
0.00046879934580424159415
-0.00041230280542042709196
0.00036793688949887183291
-0.00033171628432394602661
0.00030123311891022235195
-0.00027494943011992572315
0.00025183874283173621408
-0.00023119124154092095258
0.00021250165531033871185
-0.00019540163174021513162
0.00017961730205341549192
-0.00016494174354410250997
0.00015121658665500940795
-0.00013831942065876697807
0.00012615498329834197968
-0.00011464888438300173571
0.00010374306735982293214
-0.000093392490761324979588
0.000083562686470010306638
-0.000074227965328663301464
0.000065370117001925281894
-0.000056977505046822991623
0.000049044499797962701676
-0.00004157122870505475198
0.00003456366434038295753
-0.000028034126562305391122
0.000022002371108939710769
-0.000016497628571260381368
0.000011562400889992239197
-7.2600301432174324497e-6
3.6921999508038943005e-6
-1.0539012181130000722e-6
0.001583679298933990854
0.0036388323558062054775
0.0057891526011270179126
0.0077054571858329388856
0.0099360413920180100923
0.011599557931922308967
0.013978582535747647547
0.015202019978581680556
0.017957659001367207765
0.018195897900599435766
0.022629354328209312306
0.011168640214173570105
-0.0021285377638451770974
0.0012193700038423678007
-0.00086918548719147562418
0.00068305205105125013977
-0.00056635678348302870595
0.00048532799734013077302
-0.00042498989380864568564
0.00037770880923593066501
-0.0003391946745998106265
0.00030685582050773712088
-0.00027903710301248092156
0.00025463399542544767111
-0.00023288283478068050721
0.0002132401266887571515
-0.00019530974942912429525
0.00017879727936663665088
-0.00016348035526254471977
0.00014918888844086012143
-0.00013579151704565258092
0.0001231861361402765817
-0.00011129315881001297187
0.00010005065253574936793
-0.000089410794749800625574
0.000079337280685359726849
-0.000069803440122748087702
0.00006079090383407830813
-0.000052288722058701302712
0.000044292888063964475896
-0.000036806270596560734733
0.000029839024046413086886
-0.000023409650602650405441
0.000017547095049977710225
-0.000012294725956314466639
7.7183423658208080507e-6
-3.9247534659875580103e-6
1.1201979739851857716e-6
0.0015704775844782195382
0.0036857741911999556961
0.0056942833927372413242
0.0078629314891703242114
0.0096980292390351080164
0.011942523136464622932
0.013494273020780272942
0.015887309882976381119
0.016961173105373406593
0.019747566491337985493
0.019767144604355785847
0.024334301909425448256
0.011904164623122618706
-0.0022514224671543432058
0.0012812095618371107214
-0.00090790432211597456516
0.00070971198678040705066
-0.0005856226183043964965
0.00049959082205470010092
-0.00043563554682160678379
0.00038561184009524810251
-0.00034494279042913044069
0.00031086370913762804234
-0.00028160912270966205325
0.00025600100175535211076
-0.00023322496680137596586
0.00021270152268788049442
-0.00019400840084649303902
0.00017683183913709310376
-0.00016093497498402227273
0.00014613674477509094193
-0.00013229744747129503652
0.00011930866007779623388
-0.00010708607147891737806
0.000095564323492519453397
-0.000084693268504169724556
0.000074435256198032296956
-0.000064763195779272990192
0.000055659233506614487381
-0.000047113957323840688723
0.000039126106171702248913
-0.000031702838560839126378
0.00002486073237144398894
-0.000018627910670015333879
0.000013048193126645620515
-8.1895385875513252927e-6
4.1637233771861198161e-6
-1.1883048288679726628e-6
0.0015822021744612363459
0.0036441879068150536673
0.0057779377494413143632
0.0077250754613045771006
0.0099042118782480077456
0.011649821497252927219
0.013898885645027729711
0.015332495392914375794
0.017729275317118275963
0.018649307108747900997
0.021454546144342910022
0.02125555162150318344
0.025937147115010066019
0.012589758888463618739
-0.0023648277770625206198
0.001337603918825594929
-0.00094271009072187811947
0.00073325846401382316589
-0.00060226595916140253929
0.00051156476828878649454
-0.00044423565913649932362
0.00039165655462254883735
-0.00034898287757882960062
0.00031328848580438116983
-0.0002827049495884870069
0.00025598565101149710729
-0.00023226889238395049592
0.00021094160408694910727
-0.00019155715422480869352
0.00017378379074428414468
-0.00015737119988871031047
0.00014212818804322794649
-0.00012790742119215017816
0.00011459477581640059834
-0.0001021017858941175676
0.000090360224451536228868
-0.000079318198757474804228
0.000068937355574705807754
-0.000059190938444415241683
0.000050062544645982402727
-0.000041545518156389043383
0.000033643009011048856888
-0.00002636886224896538489
0.000019749741521728780476
-0.000013829431454171608775
8.6777133046768521791e-6
-4.4111685914332977598e-6
1.2588058110422814792e-6
0.0015716994498229325593
0.0036813670791379227718
0.005703423309758960216
0.0078471775401499808622
0.0097230584440940451065
0.011904128260219022726
0.013552754037229033214
0.015796876755561640736
0.017106520580760138206
0.019496761429125660456
0.020259326608310442386
0.023071452121079710874
0.022654865461049504144
0.027431172521654005184
0.013222547371298416774
-0.0024682835971749398946
0.0013883274162025699418
-0.00097347259037500058899
0.00075361293417018934186
-0.00061624114303196409305
0.0005212272014708177775
-0.00045078472871654393228
0.00039585072408739840087
-0.00035133328432212786668
0.00031415709907126830361
-0.00028235863078012234303
0.00025462791819210118144
-0.00023005958565719185922
0.00020800960027723672668
-0.00018800889787000641523
0.00016970920820565375332
-0.00015284792441299481609
0.00013722466751349110113
-0.00012268527425057875634
0.00010911063934152909678
-0.000096408822591597905196
0.000084509414864387725295
-0.000073359517383884529594
0.000062920921386949226397
-0.000053168235393517261638
0.000044087831789445964104
-0.000035677603722054034762
0.000027947676879670642836
-0.000020922485604000743191
0.000014645199551185385786
-9.1870271466638313052e-6
4.6691764443216917328e-6
-1.3322922527955146575e-6
0.0015811774531543864898
0.0036478685957361364424
0.00577036299513827709
0.007737979962699703513
0.0098840426719022655722
0.011680081435582587969
0.013854154728620643591
0.015398897124327072133
0.017628516625391157249
0.018808905829141035123
0.021182364009828189209
0.021784466573555404504
0.024591513281468090898
0.023959208919238494595
0.028810115773715551055
0.013799875924996040717
-0.00256136016454170382
0.0014331754677798130934
-0.0010000746807544232858
0.00077070530605704420842
-0.00062750788331282805935
0.0005285586278861117193
-0.00045527869582892942398
0.00039820223689076450735
-0.00035201142730501743147
0.00031349473130291944181
-0.00028060178463426893561
0.00025196482932337792901
-0.00022663867297755348296
0.00020395110080908601647
-0.00018341268533902930921
0.00016466022793466465646
-0.00014742009379189439421
0.00013148376670700621464
-0.00011669116458775657811
0.00010291903624710823727
-0.000090072784407898439302
0.000078080671915072504978
-0.000066889749047929510971
0.00005646309044416265373
-0.000046778111787106072698
0.000037825894203399709959
-0.000029611627207766727763
0.000022156574818896289715
-0.000015502589012416365512
9.7218308631526957408e-6
-4.9399244893235205661e-6
1.4093802317124888267e-6
0.0015725691907075615325
0.0036782536270915285003
0.0057097907783683917366
0.0078364313920701366438
0.0097396364108415517473
0.01187968676143620396
0.013588060345939176024
0.015746044081243784003
0.01718053254827487644
0.019386116081102894809
0.020432506058201675893
0.022779021643102229426
0.023218320325374628446
0.026008362319585116284
0.025163105014770186898
0.030068196231611451123
0.014319323025100803926
-0.0026436702499968796369
0.0014719661830665906736
-0.0010224138613198263916
0.00078447559640955819349
-0.00063603301678330464839
0.0005335445311739751905
-0.00045771685222946978462
0.00039872106132803968231
-0.00035103578970935582124
0.00031132681633440539194
-0.00027746562483729246677
0.00024803248202311682276
-0.00022204644309799681949
0.00019881005162396167167
-0.00017781571774165010631
0.00015868702111802125886
-0.00014114067526884611042
0.00012496118814987491914
-0.00010998359288051095178
0.000096081471974145077744
-0.000083158564876253579541
0.000071142888846780769603
-0.000059982706997647466706
0.0000496439527642204564
-0.000040108938393038866095
0.000031376400979333843608
-0.000023463271457643398309
0.000016409221501324116364
-0.000010286784223361289157
5.2257393290168284913e-6
-1.4907271106872247068e-6
0.0015804314280916707182
0.003650531721446542162
0.0057649444466447769407
0.0077470545104066049106
0.0098701910318280655178
0.011700219172285073176
0.013825590747013677879
0.015439060775662216522
0.017571825758885196433
0.018890199355251118253
0.021062302119590136328
0.021970505938840782435
0.024280044848681952688
0.024554866010165548842
0.027316063014290775878
0.026261499476475362408
0.03120013947382881997
0.014778709924598908937
-0.0027148710470304759321
0.0015045416414246946234
-0.0010404034307609130496
0.00079487509794694849476
-0.00064179171521505772773
0.00053617663316129719358
-0.00045810314604826049613
0.00039742058566863196142
-0.00034842728713535144757
0.00030768042274511363239
-0.0002729823544393366302
0.00024286744590819616839
-0.00021632325225606674904
0.00019263016625706834685
-0.00017126476625243306624
0.00015183923740933051022
-0.00013406213889409204338
0.00011771229533332559342
-0.0001026210410622746978
0.000088659958677064137549
-0.000075732359763815096809
0.000063767425709803860466
-0.000052716359766861856441
0.000042550217709703852487
-0.000033259376069817289313
0.000024854981393721194464
-0.000017373454240074448937
0.000010886978719794375729
-5.5291568904698152344e-6
1.5770484150114440238e-6
0.001573215128695744617
0.0036759531665835122495
0.0057144514137153848857
0.0078286758370370513902
0.0097513717430240962921
0.011862819994649542832
0.013611635293710232866
0.015713512391593390796
0.017225357555748178655
0.019323823036815627147
0.020520731739162119558
0.022650045641819396277
0.02341644941197560901
0.025679144052485115483
0.025788491511689327131
0.028509135526031045935
0.027249781608195701225
0.032201199594999195325
0.015176109791473470013
-0.0027746657899247086066
0.0015307689038244825942
-0.0010539733514605767557
0.00080186721601459095728
-0.00064476833355527635539
0.00053645376579802533517
-0.00045644707907801696832
0.00039431853830120464009
-0.00034421020699493031895
0.00030258520932790816231
-0.00026718613559801856552
0.00023650774688135412583
-0.00020951052601644191613
0.00018545595179556768719
-0.00016380723337336905151
0.0001441671188635573874
-0.00012623764997432284495
0.00010979342149228531179
-0.00009466345267199286996
0.00008071874860173736546
-0.000067863775852486393988
0.000056030782564523178109
-0.000045176372134403339828
0.000035280135112277807082
-0.000026345604528533283038
0.000018404607143167872631
-0.000011528071883821394348
5.8529879494977806712e-6
-1.6691361073923095666e-6
0.0015798674164409545403
0.0036525364487826761695
0.0057608975951343219542
0.0077537526683504236799
0.0098601293873016864737
0.011714543741889973234
0.013805809490741562128
0.01546594494550025167
0.017535486878041390511
0.01893948070745460472
0.020994677330578424465
0.022065292483829486682
0.024142689367659198082
0.024764267166231538407
0.026970456023592814107
0.026914017711496799486
0.029582579671753645494
0.028123803393365256128
0.033067179233942875804
0.015509855789973165976
-0.0028228051235042654064
0.0015505408133919487687
-0.0010630708928777780515
0.00080542806555156681652
-0.00064495700003737863359
0.00053438246959329221601
-0.00045276431897680496474
0.00038943761523723395108
-0.00033841285170918667273
0.00029607408477679091778
-0.00026011376800815381298
0.00022899356892167872113
-0.00020165149239607482961
0.00017733348591988226838
-0.00015549199281463815349
0.0001357224304469909867
-0.00011772213067209941776
0.00010126312133526387478
-0.000086173761825708369291
0.000072326271311898515586
-0.000059628378996397578035
0.00004801808365343239586
-0.000037461074861537147852
0.000027950944285038655715
-0.000019513225236292447784
0.000012216441070405071491
-6.2003926684678599876e-6
1.7678793005221086455e-6
0.0015737113830085791962
0.0036741922420198993589
0.0057179951987097848089
0.0078228369775367529376
0.009760088673692616164
0.011850508462030709822
0.01362846638590038947
0.01569092314984382915
0.017255417860204660646
0.01928384439656558444
0.020574253979535957447
0.022577374971012723635
0.023517403439618455417
0.025533974968604192623
0.026008302248674148809
0.028148568565725282749
0.027926719995957000083
0.030531896108866078946
0.02887989672760884081
0.033794447264762116884
0.015778548071563506414
-0.002859088236720457141
0.0015637766157250433
-0.0010676610994629346569
0.00080554688562468654874
-0.00064236201453860379675
0.00052997739180191664426
-0.00044707710481601974811
0.00038280589722993666842
-0.00033106797083029991466
0.00028818365901631541672
-0.00025180516562021821891
0.00022036776554820694014
-0.00019279174203967640728
0.00016831104629877936089
-0.00014637011792660870156
0.00012655933077378317269
-0.00010857333617294626132
0.000092183545890584991726
-0.000077219707205443146213
0.00006355760430953031966
-0.000051111170899451507688
0.000039828150799672716916
-0.00002968920181603947443
0.000020711392022526752597
-0.000012959365544819981022
6.5749683144535993781e-6
-1.8742885475578996034e-6
0.001579427714603096787
0.003654094442787561809
0.0057577704723422066159
0.007758884953289467733
0.0098525075517067498291
0.011725235891508342784
0.01379131592459530195
0.01548519364920635482
0.017510200895759394461
0.018972578494331910775
0.020951234204450100503
0.022122828925583429884
0.024065274395925208573
0.024870973681669546049
0.026818068910873832962
0.027143333837331312404
0.029208543317566900456
0.028822347910356373817
0.031353105359810573768
0.029514888686806560776
0.034379954087641941914
0.015981059646162046656
-0.0028833637666516627485
0.0015704224181313084252
-0.0010677271119153507264
0.00080222630808289375781
-0.00063699809791988398597
0.00052326153199713775473
-0.00043941449751500728612
0.00037445711126605845386
-0.00032221303971072599048
0.00027895454670549300711
-0.00024230369562604830848
0.00021067624956638725818
-0.00018297969078081177125
0.00015843967782658668253
-0.00013649559979072757069
0.0001167353085013140305
-0.000098853109233994253826
0.000082622165954070556131
-0.000067876258261838775584
0.000054497978293844234456
-0.000042411809385199000346
0.000031581587371117781231
-0.000022013113181363955934
0.000013765247611529897619
-6.9808551573947193459e-6
1.9895250681928982503e-6
0.0015741035025291728009
0.0036728045912388667934
0.0057207740479195967532
0.0078182916481024274431
0.0097668082703673079944
0.011841136666371302878
0.013641078382211516592
0.015674321798503792912
0.017276990751252090538
0.019255977576792082018
0.020610244528043139373
0.02253065101505533688
0.023578715910238221819
0.025452132741590439826
0.026120325617769575458
0.027989586707933751666
0.028164599141594424747
0.030145936549340432487
0.029597142868524988879
0.032042764611707448427
0.030026114753414007866
0.034821244462224615039
0.016116541108987520552
-0.0028955304763953555368
0.0015704514998537803934
-0.0010632703603300400219
0.00079548250412389540533
-0.00062889052044123596288
0.00051426636671188106546
-0.00042981250996979803586
0.00036443077419295589495
-0.00031189042563335758469
0.00026843156765862908647
-0.00023165642962329615474
0.0001999683184715064121
-0.00017226701314202174953
0.00014777378335128000761
-0.00012592616714464457522
0.00010631233834266902711
-0.000088629034169143985725
0.000072654175837720984373
-0.000058229174614972760029
0.000045248178728069808184
-0.000033653091783511414306
0.000023434795812603897316
-0.000014643886542430259738
7.4228668794422383484e-6
-2.1149366180353863168e-6
0.0015790759149553901957
0.0036553380404943369306
0.0057552850722480193905
0.0077629383521058306816
0.0098465387953241011939
0.011733518665643149747
0.013780238922799781435
0.015499663660555749365
0.017491570336532112999
0.018996378140182058101
0.020920907258260298997
0.022161561141364589339
0.024015461814820160338
0.024935812690524705348
0.026732131274557791652
0.027260219136738570708
0.029043615382371111851
0.029067813371366721562
0.030956817861962828178
0.03024785383640953629
0.032597982230301719423
0.030411429937004966938
0.035116467834252252071
0.016184424203170980626
-0.0028955377086841881417
0.0015638644810178404036
-0.0010543106413387484154
0.00078534522446816933527
-0.00061807512802052952671
0.00050303187469623563502
-0.00041831414117698081641
0.00035277224585775466714
-0.00030014747265696620524
0.00025666388080001380612
-0.00021991435142913328991
0.00018829697184920103367
-0.00016070912137934707438
0.0001363718409852642194
-0.00011472435629997361849
0.00009535847749281877163
-0.000077976831196090326495
0.000062366124234553450941
-0.000048380616257553957548
0.000035933476813832955522
-0.000024995857132251626012
0.000015606823551179618385
-7.9066538055978962024e-6
2.2521022290526203591e-6
0.001574420923923866696
0.0036716836044437289474
0.0057230104660660901264
0.0078146537186041759901
0.0097721467518639309517
0.011833761035919743528
0.013650888729943920649
0.015661590747595134778
0.017293252804892400675
0.019235399889215326777
0.020636169630747110388
0.022497989549726487284
0.023620032274396036379
0.025399432128356370769
0.026188430861796819742
0.027899899322649047639
0.028285873804343853185
0.02997573399037479869
0.029849187708250704391
0.031637786707966861479
0.030771750918658843493
0.033016429933662841727
0.0306692177369572007
0.035264386115026149393
0.016184424203170980626
-0.0028833856162772109678
0.0015506893553191263735
-0.001040886087174706594
0.00077185774353679566222
-0.00060459827901588815122
0.00048960647783109631106
-0.00040496933216950399879
0.00033953271325351072601
-0.00028703653196095810466
0.00024370508640253213133
-0.00020713256857492292491
0.00017571928698255087093
-0.00014836578652792439031
0.00012429739273329505809
-0.00010295905414689355295
0.000083950255843295085561
-0.000066984068621307335427
0.000051861754019039823419
-0.000038458566646337286668
0.000026719509366093682522
-0.000016667782630749645693
8.4389101437941206034e-6
-2.4028888024708793461e-6
0.0015787879627709547027
0.0036563540837586888128
0.0057532611761597000045
0.0077662230656593204668
0.0098417333204612753215
0.011740132240934119762
0.01377148402879344686
0.015510959740561323467
0.017477240316554363432
0.019014363194572684131
0.020898467638877019182
0.022189506644995860202
0.023980596259387259162
0.024979549458455731067
0.026676751172220129702
0.027331320282333452348
0.028950536475834965437
0.029192989075004861978
0.030782032092916738062
0.030505445213234450887
0.032185986663568248791
0.031166636788200197907
0.033296352578305081125
0.030798396906488180858
0.035264378882737316788
0.016116541108987520552
-0.0028591251699005217267
0.0015309813897130049621
-0.0010230530317611164753
0.00075507671442195114795
-0.0005885167001426146142
0.00047404690860718310557
-0.00038983485794167023232
0.00032476912482725809025
-0.00027261496466320234739
0.00022961333600701559402
-0.00019337058670819667016
0.00016229694368923523387
-0.00013530204387672885947
0.00011162053113312890869
-0.000090707882104748461193
0.000072176471966957507918
-0.000055756246709113307456
0.000041271958310455912826
-0.000028633786630503079019
0.000017843241697672991567
-9.0276406007357422042e-6
2.569523623746515404e-6
0.0015746835010847264181
0.0036707578057955257705
0.0057248520420057398472
0.00781167097465328832
0.009776498641306646126
0.011827792229047388571
0.013658756875884629866
0.015651490174660883227
0.01730598911643114889
0.019219528642149347412
0.020655806163231060577
0.02247377602813786778
0.02364988956841865073
0.02536249746770804925
0.02623441849303044629
0.027842055545618129743
0.028359691503496114845
0.029879632888908543864
0.029977762471680881573
0.031459126077461339238
0.031033834611129875074
0.032599117390243977298
0.031430855909892147345
0.033436575518257311978
0.030798425988210652826
0.035116445984626703852
0.015981059646162046656
-0.0028228579445149290858
0.0015048228931397711762
-0.0010008857768636337418
0.00073507193884144405596
-0.00056989726736529260346
0.00045641801266076902991
-0.00037297416827699941391
0.0003085440952576914304
-0.00025694514967997115985
0.00021445150276371032539
-0.00017869273271772589594
0.00014809703858344238353
-0.00012158961337417501517
0.000098420267192689631064
-0.000078061070416827849782
0.00006014452815384678582
-0.000044427323028985921909
0.000030772908182456631087
-0.000019153182724936871122
9.6825078505692422244e-6
-2.7546884501774706363e-6
0.0015785473147004772159
0.0036572019823236774518
0.0057515766551620897258
0.0077689464694493976115
0.0098377694304938033817
0.011745552268862516853
0.013764366025077925608
0.015520056312089514131
0.017465830989590662592
0.019028491987024768167
0.020881114807905320868
0.022210721097573357037
0.023954699364171846115
0.025011206730628458118
0.026637886484636509955
0.027379384084443874494
0.028890451215821826071
0.029269236190181502457
0.030683287553777239941
0.030636905682716395284
0.032004173247943032577
0.031432141900522176668
0.0328754442325136449
0.031563301520717274703
0.033436509505804895908
0.030669305602249997803
0.034821207529044550453
0.015778548071563506414
-0.0027747356848157849318
0.0014723228553380992164
-0.00097447625966826107255
0.00071192605424460777005
-0.00054881671573320131497
0.00043679249392268473857
-0.00035445719167695514384
0.00029092580662678199595
-0.00024009454266558342574
0.00019828749219641716017
-0.00016316886365023128142
0.00013319342218055880015
-0.00010730923344478469937
0.000084788468278084630293
-0.000065128042368520251799
0.000047991554985147743184
-0.000033179116064828573471
0.000020622090907484935934
-0.000010415291381768307686
2.961643144340120179e-6
0.0015749051468523972077
0.0036699773433065989112
0.0057264008485468646733
0.0078091710867082168119
0.0097801292843927252515
0.011822841494523726718
0.013665236770525041704
0.015643242295395442029
0.017316285011073320931
0.019206849294741061528
0.020671278350397110732
0.022455002559019239627
0.023672606815798246426
0.025335009769741875632
0.026267761256676951279
0.027801403342388156264
0.028409652481279929131
0.029817533617205971686
0.030056145498170149109
0.031358124431655518625
0.031167658527889778877
0.032414883611300898277
0.031698699748381748887
0.033013805406379339885
0.031563420340790394435
0.033296153110852819155
0.030411578478932144543
0.034379901266631278235
0.015509855789973165976
-0.0027149596509959357771
0.0014336164558325617457
-0.00094393362155203764192
0.00068573413849528194835
-0.00052536128099598055892
0.00041525061069569907189
-0.00033436012141396066858
0.00027198794451765352794
-0.000222135858846049858
0.00018119482546074843895
-0.00014687559565617106426
0.00011766897089879278055
-0.000092554636563088028024
0.000070836677772216336569
-0.000052049158623922566486
0.000035905193121500684228
-0.000022280305517052209376
0.000011240501855454881725
-3.1943902880352239919e-6
0.0015783421622603116259
0.0036579239626886332705
0.0057501453615010911391
0.0077712532543287564915
0.0098344258332062971903
0.011750100284549911763
0.01375843122631287744
0.015527583133834521273
0.01745647505823770584
0.019039956784313615793
0.020867204924404367477
0.022227487006854854898
0.023934566896219560258
0.025035350658063680092
0.026608901975970202599
0.027414295898196513747
0.028848156576218049769
0.029320912102316463747
0.030619405718544958592
0.03071712637061842379
0.031901306350121943148
0.031567800754022888672
0.032689529297053058072
0.031832394640543935916
0.033013616739897237607
0.031431215001960450146
0.033016092643784670068
0.030026327239302530234
0.033794377369871040559
0.015176109791473470013
-0.0026437797458013774519
0.0013888644420059066272
-0.00090938367603896450089
0.0006566032309075064169
-0.00049962627555787800448
0.0003918798342696284031
-0.00031276521347225606772
0.0002518097325702550486
-0.00020314750390027398856
0.0001632537266370407916
-0.00012989847519434634525
0.0001016195604682412343
-0.000077439574987353261429
0.000056708485653667615091
-0.00003901797556512702614
0.000024165875901884859141
-0.000012176215945381198272
3.4578974571746993233e-6
0.0015750959777379078723
0.0036693061075286008664
0.0057277303108974753691
0.007807031315711998813
0.0097832252472840427128
0.01181863979573200686
0.013670704636468770248
0.015636330276165906307
0.017324843856675415586
0.019196407892679168255
0.020683881513055310469
0.022439901469409414908
0.02369061695091191182
0.025313579915821329522
0.026293255505187503038
0.0277710166162445145
0.028446015883944539506
0.029773743101453884622
0.030109352137038743858
0.031292693934385668582
0.031249415720381899196
0.03231054657945944476
0.031835661632306409142
0.032826951552390221748
0.031832671773180664058
0.032874873933190098831
0.031167244194377144817
0.032597499573887925878
0.029515169938521637329
0.033067090629977415959
0.014778709924598908937
-0.0025614934236272121177
0.0013382523735167190264
-0.00087096827169394233051
0.00062465176676168863662
-0.00047171560243671527503
0.00036677448950635777426
-0.00028976064785776172125
0.00023047617766423490522
-0.00018321447649997698624
0.00014455314073682792892
-0.00011233589283520377922
0.000085161247377116394419
-0.000062110803150301610577
0.000042603351065319453503
-0.000026327157027507195911
0.000013245229191588889187
-3.7584019387514018489e-6
0.001578163753263606541
0.0036585512113091142227
0.005748904073840631034
0.0077732486399706002477
0.0098315435001354073055
0.011754004018682855727
0.013753363792571512966
0.015533969963634823995
0.017448593989382866913
0.019049532644068572389
0.020855700036608628187
0.022241198956372995132
0.023918312839125748365
0.02505455658877736256
0.026586235417865679658
0.027441064828874060175
0.028816461767943257959
0.029358609797573856202
0.030574266026044936846
0.030771679097923215129
0.031834561767964305295
0.03165079247598968792
0.032584118007684396924
0.031970127345013921569
0.032826565258571431036
0.031699537686801065913
0.03259815230910739796
0.030772620546717454635
0.032042125441266158344
0.028880253399880349353
0.03220109009919469751
0.014319323025100803926
-0.0024684443816193696887
0.0012819897278266466496
-0.00082884454265787880502
0.00059000892087060896736
-0.00044174121475508921618
0.00034003541353069871434
-0.00026544054818754165049
0.00020807873411034300582
-0.00016243016484473955188
0.00012519450823929807561
-0.000094306341774014389994
0.000068443817836212159961
-0.000046773530598212279733
0.00002882651124887800819
-0.000014476676453397449116
4.1038354453577838064e-6
0.0015752636459212068275
0.0036687168751274545718
0.0057288954587541170491
0.0078051604504843407296
0.0097859236538588676175
0.011814992046869956298
0.01367542895997507439
0.015630392028186150524
0.017332148191941056793
0.01918756528196328267
0.020694460799817302102
0.022427353212755038649
0.023705410209998129176
0.025296208941514994057
0.026313610975889827333
0.027747171943783975828
0.028473985822266943196
0.029740832534536847182
0.03014826848213785401
0.031246350252923885435
0.0313051313138036349
0.032242721076958362248
0.031919587486672121661
0.032720859833646978683
0.031970646169451196744
0.032688360913803970527
0.031433560664437981593
0.032184604026439840888
0.030249006273889287744
0.031352294263701363312
0.02812424438141800478
0.031200006214743311673
0.013799875924996040717
-0.0023650210311187175073
0.0012203088576887428841
-0.00078318403522285348537
0.0005528138547917357053
-0.00040982253809581460173
0.00031176970377431803592
-0.00023990534300593780276
0.0001847167920719723177
-0.00014089987444216949145
0.00010529898407960160118
-0.000075962443224501664974
0.000051677898772220851085
-0.000031745705521007345159
0.000015908354901994608828
-4.5044270014671734733e-6
0.001578005318405714831
0.0036591077741938093595
0.0057478043167639335761
0.0077750126619207389783
0.0098290027142817646504
0.011757432742782518927
0.013748932457900528135
0.015539526084609598487
0.017441779517778736708
0.019057754611528403932
0.020845900989116259137
0.022252771013482752484
0.023904738068836835318
0.025070407137585708382
0.026567780016847412304
0.027462527182478590333
0.028791493974614602669
0.02938771064099216412
0.030540228480816946442
0.030811701979669095225
0.031787155728784204688
0.031707491374131992131
0.032515440848755163446
0.032054691307270692948
0.032720181690664089118
0.031837231493887642702
0.032412904021040637244
0.031035868941656195051
0.031635952722978296045
0.029598606648776750685
0.030530892439572818462
0.027250318633999037911
0.030068035447167021329
0.013222547371298416774
-0.0022516547447267677052
0.001153463785195733269
-0.00073417169273257066423
0.00051321486342193222084
-0.00037608589621030729719
0.00028209070162508123984
-0.0002132628391625962845
0.0001605008169494408856
-0.00011874784055683315539
0.000085021784583718800692
-0.000057519678678056498088
0.000035193979858309528752
-0.000017590128499791720649
4.9735763299867570134e-6
0.0015754142203418770349
0.003668188119229564349
0.0057299395763125928926
0.0078034872929260959729
0.0097883304871560351268
0.011811749281911154955
0.013679611845167425243
0.015625159434555433494
0.017338548737739237044
0.0191798664713597684
0.020703604116157668799
0.022416598627104615014
0.023717969021793701184
0.025281619562821355047
0.026330499966780432949
0.027727659271184231612
0.028496517862158379906
0.029714791049086528184
0.030178435792202655882
0.031211268734171140646
0.031346154539040063721
0.032194388184708043808
0.031977096566963543996
0.032651553355930448258
0.032055559920537580082
0.032582065095553870704
0.031570462737701544475
0.032001331802263512152
0.030508146811657545458
0.030954485542108342566
0.028824161385183994707
0.029581356140923485972
0.026262147931166486505
0.028809922519659354168
0.012589758888463618739
-0.002128817868764828606
0.0010817288068439567696
-0.00068200467261053541514
0.00047136842416745216155
-0.00034066403473305651696
0.00025111852348466865741
-0.00018563079084925561145
0.00013555892240926235159
-0.000096131649570243838406
0.000064582400167347263522
-0.000039320459824044618411
0.000019589043823077383847
-5.5291483083170296015e-6
0.001577861330981787289
0.0036596132272609449314
0.0057468068282048210701
0.0077766096683452787436
0.0098267081393477792411
0.011760519687290745581
0.013744957692739313226
0.015544487810227342202
0.017435725239709060135
0.019065016299408738671
0.020837304667511647597
0.022262845172149107913
0.023893022514749407138
0.025083953453434718026
0.026552180814075750926
0.0274804431899142852
0.028770943497672902889
0.029411283104422726931
0.030513154557930962299
0.030842879740809238848
0.031751104543973505868
0.031749417769636212818
0.032466307184776417069
0.032112847404586609141
0.032650457529051623305
0.031922218508837413061
0.032307062082753223753
0.031171484303031764726
0.031455347126767938736
0.029852628760892239926
0.03014304246750221437
0.027928934063421200802
0.028507656172108055999
0.025163885180759722826
0.027430940244081580685
0.011904164623122618706
-0.0019970214810783080459
0.0010053968673765887603
-0.00062689095842263233466
0.00042743817701181285279
-0.00030369596657733666799
0.00021898183339820115825
-0.0001571427168024333617
0.00011005098964265589086
-0.00007327362769839984733
0.000044333896880028420574
-0.000021997240561824644928
6.1954416746997781787e-6
0.0015755528281789341306
0.0036677017041041186092
0.0057308989472514489367
0.0078019525874282388307
0.009790533133627786197
0.011808790070264839976
0.013683415830132061013
0.015620420186995605186
0.01734431839432125497
0.019172964254974054461
0.020711750567898296299
0.022407083868469888297
0.023728991965559877686
0.025268928571677038104
0.02634504409006108418
0.027711045008802094406
0.028515459914061331271
0.029693211366243470454
0.030203030694506079905
0.031183191935208876672
0.031378298863760376178
0.032157429041753217607
0.032019842091286283952
0.032601731241122641759
0.03211421441091651358
0.032512119320987522025
0.031655263471816356191
0.031896290817726823455
0.030642002770710401287
0.030777209476755585712
0.0290720918518576871
0.029205002833684636559
0.026916699798940831294
0.027314280229788309172
0.023960147773084869678
0.02593686701009041451
0.011168640214173570105
-0.0018568128564769376989
0.00092477763231591739255
-0.0005690477189819883188
0.00038159393781736389538
-0.00026532768156917344734
0.00018582248773988060311
-0.00012796116334024618508
0.000084200675638985478462
-0.000050535311509748167837
0.000024944594831925573712
-7.0062727810715376396e-6
0.0015777269273710323164
0.0036600847506873271569
0.0057458773197604871772
0.0077780954605819321249
0.0098245778572490242886
0.011763378048553249859
0.013741288980740779491
0.015549050252058661494
0.017430182511090274198
0.019071631033117390457
0.020829518976779197599
0.022271910311345214928
0.023882557211573900714
0.025095955090457227172
0.026538487233358158527
0.027496008782632258502
0.028753294934584609588
0.029431264865899475894
0.030490539003605707005
0.030868494993291322544
0.031722037886671115339
0.03178250199027067782
0.032428483849715256235
0.03215634675103162254
0.032600039647882882204
0.031981243475143304889
0.032237068722444019035
0.031255863024216790477
0.031351427864270277979
0.029984282693448068194
0.029969722654618244965
0.028169846704397366258
0.028144268772457760933
0.025791731469500427891
0.026006212420975155815
0.022655999394155688766
0.024333961938624883203
0.010386270735866187304
-0.0017087725696471564505
0.00084019514212729982944
-0.00050869936723780201302
0.00033401105945279199151
-0.00022571509470011939967
0.00015180715320130184186
-0.000098309395243455188222
0.000058374541820565694132
-0.000028619725438980868662
8.0099731087633086705e-6
0.001575684208314113629
0.0036672409123974477948
0.0057318068568014468397
0.0078005023511477692902
0.0097926104870838974497
0.011806005995214157557
0.013686984134017507328
0.015615990033825655789
0.017349689959921417595
0.019166568072257974124
0.020719259938647428429
0.022398365500673924651
0.023739024510926763297
0.025257464776458112128
0.02635807115786495796
0.027696303902865582356
0.028532089354065823381
0.029674489622692806875
0.030224086391323920508
0.031159512353877716919
0.031404954812373516907
0.032127362139749386526
0.032053863950467420957
0.032563062009893593047
0.032158428881374783934
0.032461170493257525849
0.031714560297564968945
0.031826392879474592904
0.03072575694346418925
0.030674696560054482197
0.029201141581898470914
0.029036218714087266317
0.027149727663152865822
0.026965245149391566379
0.024558785021153263788
0.024588909739540423661
0.021256930663960235816
0.022628937654369871849
0.0095603377664576765793
-0.0015535111038183732057
0.00075198485184111811031
-0.00044607532879904376403
0.00028487107789375799343
-0.00018503294214980553941
0.00011715718423149921151
-0.000068553890846740724211
0.000033306540806160968556
-9.2778165017850501662e-6
0.0015775973395241042815
0.0036605391431502833745
0.0057449824214328885679
0.0077795239786486805688
0.0098225333802040994695
0.011766115104804983399
0.013737785514787521877
0.015553393212150573285
0.017424926077278439179
0.019077877291810486642
0.020822202715996394304
0.022280382114525586464
0.023872837250354561578
0.025107024884171122228
0.026525954507614559905
0.027510131853338226448
0.028737436200084292491
0.029449027031404684527
0.03047067735930135005
0.03089068804613367149
0.031697235553046125349
0.031810250952666093775
0.032397372907949097961
0.032191338882890171057
0.032560506380726446126
0.032026172436693492916
0.032185613950078031155
0.031315374848589716018
0.03128172437334303883
0.030067256460926872854
0.02986885053888415241
0.028295945122566476522
0.027980537171310901563
0.026016083178111644756
0.025672815141462039592
0.02322308476148175053
0.023068274886132751765
0.019768839212204185171
0.020828930509146998992
0.0086943056411926097231
-0.0013916647119546118581
0.00066048973128810229734
-0.0003814078097764126673
0.00023436651417640304001
-0.00014350056486832297173
0.000082231875242291580666
-0.000039451472754558052692
0.000010918914724766794101
0.0015758133447876997107
0.0036667882057596068917
0.0057326980681545914284
0.0077990805698809863504
0.0097946437150577264049
0.0118032866871432634
0.013690460728975751074
0.015611686452636912308
0.017354890216034647234
0.019160400159029091506
0.020726469029564765567
0.022390037894763311678
0.02374855317486302969
0.025246645730595905883
0.026370278535334366868
0.027682599402829404779
0.02854741332335310015
0.029657406898858410646
0.030243088374683809557
0.031138403888955703786
0.031428390860733432196
0.032101334051834947256
0.032082804622815161842
0.032530814702589654606
0.032194474662251338006
0.032420702024098700169
0.031760258521281451301
0.031774399254910266654
0.030785487505943279338
0.030605222966099276259
0.029283246098859815981
0.028937150621979352339
0.027272604523892830664
0.026806997701498759782
0.024773768291594824913
0.024272309783867584644
0.021790310332417470696
0.021450624152635509117
0.018198010326060438961
0.018941467817551685358
0.0077918069581995222255
-0.0012238900257941707571
0.00056605492226786197871
-0.00031493100056935737739
0.00018271928793569196688
-0.0001014611591936947264
0.000047796012711224488887
-0.000013108082610999840722
0.0015774671185924101901
0.0036609955573169658647
0.0057440842463460597342
0.0077809560923470412269
0.0098204868425400831392
0.011768849763422480071
0.013734293075825262012
0.015557710886775624188
0.017419716525186193017
0.019084045723176142578
0.020815006959527333945
0.022288676165178368787
0.023863370272356338232
0.025117744350233799395
0.026513896614993382609
0.027523622199911248865
0.028722409219653503506
0.029465707512273132809
0.030452210663224028683
0.03091109352235241574
0.031674713743850762573
0.031835098325971412667
0.03236995021851959036
0.032221639035371637624
0.032526958000737958907
0.032063431017012679572
0.032144059850658348221
0.031361979967300622227
0.031229072389039655056
0.030127300025478437808
0.029799547570440662471
0.028377190892617205279
0.027883331613633241265
0.026135579652588945659
0.025520362736627646007
0.023428142948832249705
0.022769468037462268377
0.020266588752390454181
0.019742647611455565899
0.016551100471457909927
0.016974431037565324794
0.00685662742708923705
-0.0010508563597978554042
0.00046902038251723971818
-0.00024688790804267765478
0.00013024789483415960158
-0.000059662024432334459279
0.000016141735372674387556
0.0015759465143337315177
0.0036663215430240194299
0.0057336161052396940515
0.0077976174965324426569
0.0097967331565956746923
0.011800496934037831584
0.013694020082465568317
0.015607291078202263035
0.017360186483239506251
0.019154138596793278919
0.020733760783280911205
0.022381649630835388452
0.023758106641583733295
0.025235854968609862921
0.026382383235916461342
0.027669098237949599867
0.02856240093888749234
0.029640833477558753756
0.030261358671401194084
0.03111831100536165242
0.031450450388876149283
0.03207714072249460082
0.032109328192799729126
0.032501727004883717545
0.032226408774004881921
0.032385575868612078707
0.031799006476684587876
0.031731486092492427871
0.030833265895926678616
0.030551658455578053976
0.029343837711500562616
0.028867811834095137417
0.027353156006059487049
0.026711551809079397502
0.024889895535210668532
0.024125782345513885887
0.021985083989137264705
0.021170379810292227771
0.018658498899225107775
0.017951355284539208948
0.014835128839974801257
0.014936012250537116372
0.0058926902098310947851
-0.00087323339925086811824
0.00036971223822280574107
-0.00017757293878714025363
0.000077641849870905482198
-0.00002056037597646278808
0.0015773285793707299459
0.0036614809583244173765
0.0057431296258224096803
0.0077824768214634748303
0.0098183162817428597821
0.011771745788009632431
0.013730601272009958663
0.015562265249202698556
0.017414235077035881925
0.019090517550649924514
0.020807481813337629051
0.022297318032679924729
0.023853547007525842103
0.025128815809147440087
0.026501507119040353777
0.027537403668432624528
0.028707156534495009097
0.029482517411282375171
0.030433749052022594672
0.030931311994105471282
0.031652619933132527884
0.031859202672612398453
0.032343679077814677518
0.032250259932697658218
0.032495770238614566083
0.032097446864827332842
0.0321068970026795984
0.031402685281937652286
0.031184325841947593461
0.030176728725547157507
0.029744595631112464156
0.028438796719075163373
0.027813508725347289997
0.026215854249444361382
0.025426309047272057108
0.023541189282643950879
0.022628703859113055066
0.020451028972644182701
0.019481393916866019885
0.016973106095069832515
0.016083993502286642045
0.013057489822969073146
0.012834656890223200434
0.0049040401143388819536
-0.00069166900790716549358
0.00026844493846099210159
-0.00010756240749386275191
0.000027450011236877012358
0.0015760938355941528579
0.0036658054436525569268
0.0057346308455855966455
0.007796001582849936365
0.0097990384687210680571
0.01179742296746828323
0.013697935878709480179
0.015602464532498617531
0.017365989730536813921
0.019147294669737454851
0.020741708223819381558
0.022372536243988827561
0.023768448717016310291
0.02522422043541849396
0.026395375782336600552
0.027654679501165486905
0.028578317612817968989
0.029623342446869864208
0.030280506461872614851
0.031097416484268014971
0.031473191124326948518
0.032052442354262174117
0.032136110603351856131
0.032472715241662447364
0.032257819171997708041
0.032351566908199748837
0.031835853494802459758
0.031691509820110242811
0.030876731136561265517
0.030504252211734440225
0.029395763823116273032
0.028810608748838972661
0.027416650459968669732
0.026640368190963345416
0.024970759738768283861
0.024032282940275729182
0.022095830272582671269
0.02103470137991731802
0.01883309878103767927
0.017708943135936803882
0.015218074519302709462
0.01414788714016753707
0.011226023455499298007
0.010678971510668106386
0.003894828930735962182
-0.00050674596705293074192
0.00016564032325212650958
-0.00003931304279174570021
0.0015771671287259850421
0.0036620464918412403282
0.0057420179177469830027
0.0077842466215297132611
0.0098157924271543644516
0.011775109502912741725
0.013726318936886046156
0.015567539859303978307
0.017407898298284187037
0.019097983642249343314
0.020798821195509889189
0.022307237167197932233
0.023842305938055653653
0.025141442291946993842
0.02648743103913570545
0.027552994921308917058
0.02868998238393842165
0.029501345191371715307
0.030413192906576451498
0.030953676425585541705
0.031628360687147352408
0.031885451610190259827
0.032315335063057925776
0.032280817635140915953
0.032462863550063207268
0.032132859002581868832
0.032068795914964482298
0.031443693685253191091
0.031140146279835186288
0.030224403432336001782
0.029693020952116058943
0.028494786961704380045
0.027752432112582159412
0.026282911400381985719
0.025352045437715454332
0.023624397131518137792
0.02253398659775304759
0.020561238377334534245
0.019349092351331004497
0.017139440089840826834
0.015859138742779353858
0.013402008697493195323
0.012150061409912265952
0.0093492711880101511394
0.0084775200252661439271
0.0028693086448086348724
-0.00031891785317638661142
0.000063272446210285270796
0.0015762791926100612009
0.0036651562274207814033
0.005735906851480723854
0.007793970696769938685
0.0098019337636716425722
0.01179356568576455072
0.013702844298083839359
0.015596422075260539969
0.017373244360061093425
0.019138753404398983195
0.020751607780180370141
0.022361208827909406692
0.023781272114113580411
0.025209833786733913133
0.0264113926872851743
0.027636965002402814614
0.028597798012504262605
0.029602026170441046592
0.030303731048340990023
0.031072207786688608486
0.031500464172886278774
0.032023018994546474484
0.032167777511481794418
0.032438702352661004798
0.03229429206548402867
0.032312505361260868696
0.031877650866669835964
0.031646805848690802166
0.03092454281550794771
0.030453092312112185737
0.029450564326744013481
0.028751805890038453452
0.027479911954290957286
0.026572060063078590562
0.025044890946794940773
0.023951273959545419142
0.022185198460083441157
0.020934806926644218383
0.018946853936115502154
0.017575851481089765983
0.015380316985698802592
0.013936565540713123476
0.011535627569108460932
0.010096029177673086082
0.0074374853729221108024
0.0062381421053642741635
0.0018318884753190655256
-0.00012915911147238997021
0.0015769343411694483615
0.0036628617841877780334
0.005740415674901730333
0.0077867963320269804153
0.0098121582578238215592
0.011779949859218467867
0.013720161544291062152
0.015575116946980221004
0.017398805232334286153
0.019108683912114244589
0.020786426536293781181
0.022321410190279309814
0.023826273076158801138
0.025159414608565071135
0.026467440907125298054
0.027575080568114150508
0.028665723576976186202
0.02952785539204544173
0.030384351790960298308
0.030984930046235337707
0.031594610011198673445
0.031921787887835104997
0.032276319417295484656
0.032322613102992058684
0.032418179334247956147
0.032180551563329835266
0.032017961993630775185
0.031497818882783681803
0.03108255851381594445
0.030285652285115017258
0.029627877491475602305
0.028564104094565668568
0.027678602103281592698
0.026361674340855730728
0.025267818449172665321
0.023714775850727925392
0.02243654075516972373
0.020667010714353191009
0.019233189742292937909
0.017268190142031374603
0.015713172356992467435
0.013572860665096480861
0.011939065964118504716
0.00963732071924014672
0.0079838865618818740059
0.0055083245480304636909
0.0039639090438040018164
0.00078833651307645965817
0.0015766730261529193163
0.0036637769506381310512
0.0057386172896172697448
0.0077896578614719243641
0.0098080802286777639072
0.01178538041966218957
0.0137132548541784741
0.015583613916399044451
0.017388611282385219446
0.019120675532915353159
0.020772541471732374607
0.02233728042834714021
0.023808329246245237413
0.025179517776927237479
0.026445094742596833548
0.027599751849992081434
0.028638646050201607853
0.029557419849197817873
0.030352219582946940026
0.031019711579946331952
0.031557096143127012829
0.031962119292324093312
0.032233082217975041103
0.032368848406341961252
0.032368848406341961252
0.032233082217975041103
0.031962119292324093312
0.031557096143127012829
0.031019711579946331952
0.030352219582946940026
0.029557419849197817873
0.028638646050201607853
0.027599751849992081434
0.026445094742596833548
0.025179517776927237479
0.023808329246245237413
0.02233728042834714021
0.020772541471732374607
0.019120675532915353159
0.017388611282385219446
0.015583613916399044451
0.0137132548541784741
0.01178538041966218957
0.0098080802286777639072
0.0077896578614719243641
0.0057386172896172697448
0.0036637769506381310512
0.0015766730261529193163
0.00061449637378694069973
0.003234913866824621226
0.0079377081385865711277
0.014704203726876374769
0.023506148419784569639
0.034306654646722833443
0.047060431642215163589
0.061713989862876057047
0.078205869187803234644
0.096466897985278686459
0.11642048374212983037
0.13798293453809267266
0.16106381018366804739
0.185566301611743188
0.21138763695801364809
0.23841951263888348316
0.26654854762452079773
0.29565675900464163504
0.32562205685391963092
0.35631875632227221163
0.38761810480265546939
0.41938882196555414097
0.45149765039526865053
0.48380991451856531898
0.51619008548143468102
0.54850234960473134947
0.58061117803444585903
0.61238189519734453061
0.64368124367772778837
0.67437794314608036908
0.70434324099535836496
0.73345145237547920227
0.76158048736111651684
0.78861236304198635191
0.814433698388256812
0.83893618981633195261
0.86201706546190732734
0.88357951625787016963
0.90353310201472131354
0.92179413081219676536
0.93828601013712394295
0.95293956835778483641
0.96569334535327716656
0.97649385158021543036
0.98529579627312362523
0.99206229186141342887
0.99676508613317537877
0.9993855036262130593