0.00052387307113530585068
-0.00019956394415742238252
0.00015328867283962701203
-0.00012948224962565895843
0.00011406652274489893031
-0.0001029190326104943427
0.000094301457533424835229
-0.000087330121907830296229
0.000081500243815356981393
-0.00007649929242922896427
0.000072121956900083294919
-0.000068227084281632664133
0.000064714069502058896152
-0.000061509081552755959335
0.000058556616036803815692
-0.00005581409635461871269
0.00005324830177015378209
-0.00005083293339779120047
0.000048546912813403745336
-0.000046373166056147333075
0.000044297737382855525942
-0.000042309132055694449442
0.00004039782137332168745
-0.00003855586468198063907
0.000036776617087662681635
-0.000035054500871528425068
0.00003338482489017554079
-0.000031763640566100091659
0.000030187626099120159656
-0.000028653992678085617546
0.000027160408019200312913
-0.000025704933685681978524
0.000024285973476809938886
-0.000022902230797338896781
0.000021552673389690916784
-0.000020236504172861367603
0.000018953137213420963742
-0.000017702178077181430311
0.000016483407991382680618
-0.000015296771399397314135
0.000014142366623431231473
-0.000013020439474925914217
0.0000119313797767418616
-0.000010875720896401921125
9.854142549377366847e-6
-8.8674773349499491724e-6
7.9167217440427878384e-6
-7.003052776105811428e-6
6.127851901106378797e-6
-5.2927390454306154561e-6
4.4996208319436116799e-6
-3.7507599841011363346e-6
3.0488776967298942895e-6
-2.3973103259136176412e-6
1.800262009269988969e-6
-1.2632427337161098332e-6
7.9391295354399272908e-7
-4.0400884206477506204e-7
1.15360024754329579e-7
0.0011335762279483197022
0.0012180597920663211921
-0.00033249615406875112359
0.00023477492744899415868
-0.00019234809039767595374
0.00016725215969130041378
-0.00014999501279975129223
0.00013703343888356151515
-0.00012672196256813728845
0.00011818151453210063214
-0.00011089432842685170293
0.00010453280284618541663
-0.000098878040519885247826
0.000093777398044735785604
-0.00008912073306499973801
0.000084826328703777587812
-0.000080832149453843626252
0.00007709019038625370138
-0.000073562701084629146934
0.000070219588833974427109
-0.000067036587792237400294
0.000063993939818670353352
-0.000061075425583104849432
0.000058267640758588532295
-0.000055559447058897307363
0.000052941550210117991949
-0.000050406171542237833936
0.000047946789632242616614
-0.000045557935062357070766
0.000043235025949843714278
-0.000040974235136764939108
0.000038772382236661848311
-0.00003662684540736283822
0.00003453548894691902173
-0.000032496603723218816405
0.000030508858137032659975
-0.000028571257846132369309
0.000026683112889786829676
-0.000024844011181335956046
0.000023053797606628937602
-0.000021312558197701885417
0.000019620609061146663511
-0.000017978489945361780201
0.000016386962547806087834
-0.000014847013914148343332
0.00001335986559571867798
-0.000011926989654864878324
0.000010550133211700331996
-9.2313541317792434117e-6
7.9730718773578754616e-6
-6.7781398842897793256e-6
5.6499498649305030879e-6
-4.5925858089242022365e-6
3.6110598398378931623e-6
-2.7116926021570532558e-6
1.9027730130727164985e-6
-1.1958304164342859239e-6
6.0853447894400251187e-7
-1.7375941167818182229e-7
0.0010056996741996807131
0.0026481746321581173093
0.0019098823633718937857
-0.0004585608823135233153
0.00030648058196723418371
-0.00024421490863182732394
0.0002090586103407848262
-0.00018571715964527065397
0.00016863387780351762976
-0.0001552982475023012328
0.00014440427892647596364
-0.0001352016180842792917
0.00012722611342158452169
-0.00012017384166436464002
0.00011383663318317438828
-0.00010806662917697954784
0.00010275563510627166062
-0.000097822501753447816554
0.000093205094493955926906
-0.000088855003179627640062
0.000084733952127677740455
-0.000080811299913868274436
0.000077062258104616293035
-0.000073466596446398920871
0.000070007684712773087551
-0.000066671772289977543122
0.000063447438730120343923
-0.000060325169301195903462
0.000057297023313608979105
-0.000054356372272520159654
0.000051497691267354369908
-0.000048716391449137265449
0.000046008684592207823688
-0.000043371472998977108463
0.000040802259656230253154
-0.000038299074771951560193
0.000035860415738178456047
-0.000033485198265442705138
0.000031172716980265654314
-0.000028922614214590207714
0.000026734856079778110224
-0.000024609715236156034025
0.000022547760067282257077
-0.000020549850271635818539
0.00001861713922299208167
-0.000016751083863673482162
0.000014953463439844984586
-0.000013226409156314900797
0.000011572447972910436452
-9.9945655553467206399e-6
8.4962963313519615349e-6
-7.0818536689294299563e-6
5.7563224365078422056e-6
-4.525954238546548732e-6
3.3986438700435766429e-6
-2.3847559747394359952e-6
1.4987193018907223384e-6
-7.6266108129137149179e-7
2.1776713852307909217e-7
0.0010738709300943935417
0.0023259816862004970987
0.0041570676333005278534
0.0025964713752489655484
-0.00058174620692061369276
0.00037458078778371821931
-0.00029193218486440199145
0.00024638808349319195339
-0.00021679005959284718972
0.00019551598300963280061
-0.00017915461806033493713
0.00016594958352285123431
-0.00015490258405203074978
0.00014540282257076628389
-0.00013705465873977899253
0.00012958992738714397553
-0.00012282004953802196172
0.0001166083267227292264
-0.00011085312830307696785
0.00010547726984303340654
-0.00010042106769119226026
0.000095637660133310704859
-0.000091089772398810773068
0.000086747428166043532031
-0.000082586297459226906415
0.000078586482210176479699
-0.000074731608982221599306
0.000071008141255160853804
-0.000067404851293497090254
0.000063912409791738397626
-0.000060523063680378186801
0.000057230380801448498764
-0.00005402904594373514399
0.00005091469680525369296
-0.000047883791369436405278
0.000044933500301454837045
-0.00004206161953380640971
0.000039266499380812350238
-0.000036546987414978866075
0.000033902383036224257334
-0.00003133240222813543773
0.00002883715147041558263
-0.000026417110202619697192
0.000024073121647799849859
-0.000021806392245418858109
0.000019618500460399554753
-0.000017511416399557094343
0.000015487534586620810981
-0.000013549723603091974049
0.000011701398411304890761
-9.9466246251915751983e-6
8.2902699325854423065e-6
-6.7382286986175388918e-6
5.2977668940056792867e-6
-3.9780792677402381133e-6
2.7912565465642465725e-6
-1.7541511993999452583e-6
8.926311773533517592e-7
-2.5487623580589731376e-7
0.001029504607023242813
0.0025076405870616968877
0.0036410803048844282896
0.0056540417806601558247
0.0032758415765862977546
-0.00070265816891928434507
0.00044045754213479932818
-0.00033727072400838922728
0.00028119439385285886738
-0.00024523633516253720506
0.00021970724407923460923
-0.00020028771433285462837
0.0001847636285132023453
-0.00017188273681334381226
0.0001608829575584493559
-0.00015127343360169669157
0.00014272338486361971667
-0.00013500155464517826441
0.00012794127533086135548
-0.00012141933492706442678
0.00011534267057335372004
-0.0001096396986361831836
0.00010425449605588755697
-0.000099142792911542514002
0.000094269148767460824276
-0.000089604922463505150602
0.000085126785809694203035
-0.000080815617732859681113
0.000076655669451210956631
-0.000072633925967461695691
0.000068739611957247175183
-0.000064963805379702729265
0.000061299132527768839094
-0.000057739525433923885552
0.000054280027611904918515
-0.00005091663773248527578
0.000047646183453674262514
-0.000044466219556059178332
0.000041374945979549628279
-0.000038371142462915464942
0.000035454117355639739923
-0.000032623668879750197406
0.000029880057728475353438
-0.000027223990452059056839
0.000024656613652048689512
-0.000022179519645881020844
0.000019794765057199285124
-0.000017504904860053369769
0.00001531304596323689964
-0.000013222926824371958238
0.000011239033496331510734
-9.3667692304032362319e-6
7.6127070011396835094e-6
-5.9849781790694889528e-6
4.4939011662454866412e-6
-3.1530734028727200046e-6
1.981478601765108421e-6
-1.0082916557195690811e-6
2.8789816772131092907e-7
0.0010614094274537121555
0.0023844929626916935897
0.0039379632781610775054
0.0049464736950704475398
0.0071349944040511536506
0.0039460868282703665368
-0.00082128268633919451491
0.0005044940061996405401
-0.00038083047056408006791
0.00031420385725605378504
-0.00027185422425772598359
0.0002420434062506584088
-0.00021954861770406651705
0.00020169841919733622261
-0.0001869856124071228424
0.00017449548619279110239
-0.00016364065317105538574
0.00015402656228347678846
-0.0001453783066296977969
0.00013749844934830773743
-0.0001302415461112143299
0.00012349812877633357304
-0.00011718428815265503122
0.00011123469604715853077
-0.00010559780930373099536
0.00010023249796059588938
-0.000095105626484660581614
0.000090190287267172902605
-0.000085464489571474842073
0.000080910172345847066311
-0.000076512451184927670389
0.000072259037179741978811
-0.000068139783753481106551
0.000064146330074362022715
-0.00006027181828285633954
0.000056510667847917609855
-0.000052858394703785915292
0.000049311465961279581953
-0.00004586718330133789339
0.000042523589894330371405
-0.000039279397021482529825
0.000036133927631197200993
-0.000033087074939011997748
0.000030139274954131389195
-0.00002729149256065526266
0.000024545221576295422931
-0.000021902500155047612103
0.000019365944137449687191
-0.00001693880271454823408
0.000014625043460190272704
-0.000012429478137370421225
0.000010357948136075536291
-8.4176019495863875762e-6
6.6173234905506192172e-6
-4.9684259893873495994e-6
3.4858584444926226342e-6
-2.1905347129467864687e-6
1.1146452141246762465e-6
-3.1826119838605352892e-7
0.001037019021054458316
0.0024757915877526924961
0.003733065867026266578
0.0053575330459291944089
0.0062383793623371684374
0.0085958906079479780547
0.0046053356884025073402
-0.00093742831902878940051
0.00056676447094701186824
-0.00042282579694793391681
0.00034571769393427834647
-0.00029700069107113910007
0.00026291692447735987228
-0.00023735148200855053789
0.00021718020183160997536
-0.00020064276959817953557
0.00018667245568431588564
-0.00017458540479694570226
0.00016392311848024372123
-0.00015436677157372320042
0.00014568786842589150304
-0.00013771845387158495886
0.00013033240082483355889
-0.00012343325019142433011
0.00011694607355973294434
-0.00011081188659469853265
0.00010498372609610088202
-0.000099423839619634435786
0.000094101635880750417257
-0.000088992165911358781593
0.000084074981264668513269
-0.000079333264544148796195
0.000074753159638924242876
-0.00007032325050467389903
0.000066034151926686662536
-0.000061878185799242059702
0.000057849123551200267747
-0.00005394198041136091604
0.000050152850878061734223
-0.000046478777464967572936
0.000042917646833431153847
-0.000039468108998452347525
0.000036129516561830515567
-0.000032901882000810543818
0.000029785852025234572734
-0.000026782699012375984392
0.000023894330656019141367
-0.000021123320390548525692
0.000018472963130404607693
-0.00001594736384127004372
0.000013551571237809078225
-0.000011291777053329668855
9.1756161177611494946e-6
-7.2126312664968679962e-6
5.4150280874212310171e-6
-3.7989886339665252647e-6
2.3872089774158905018e-6
-1.2146875915152681948e-6
3.468205209283822274e-7
0.0010564575057007039823
0.0024043368572945070565
0.0038873037293012848077
0.0050711281823795236582
0.006762059799107808501
0.0075131043339328425288
0.010032715922849223552
0.0052517495721092968376
-0.001050841079487530614
0.00062722482835824487122
-0.00046331589524513824726
0.00037585934182369135288
-0.00032084226583694949097
0.00028252392984926953963
-0.00025391275728081346562
0.00023143910311641456623
-0.00021309314795063623075
0.00019765800381095442756
-0.00018435431049398418281
0.00017266010695077287106
-0.00016221287367896153089
0.00015275313664056671494
-0.00014409043196998030114
0.00013608193447840630375
-0.00012861857587541084314
0.00012161576022322279156
-0.00011500699355151208462
0.00010873941360144434465
-0.00010277058980876599977
0.000097066191536603934401
-0.000091598261761273749736
0.000086343920663954448014
-0.000081284379564953973271
0.00007640418232892665223
-0.000071690615887175781012
0.000067133248201521852759
-0.000062723563530909677666
0.000058454672970513659058
-0.000054321084023056594215
0.000050318517165372158441
-0.000046443760482477287096
0.000042694555795819376279
-0.000039069511553109843618
0.000035568039254443692107
-0.000032190311509351896111
0.000028937241086695299051
-0.000025810481680844670349
0.000022812452764683973524
-0.000019946393120693960361
0.000017216450918160277374
-0.000014627823411940610666
0.000012186968173390774638
-9.9019237561050592686e-6
7.7828087852366909371e-6
-5.8426342806213263991e-6
4.098719536697149886e-6
-2.5754288616691432951e-6
1.3104160172089720827e-6
-3.7414620118173072704e-7
0.0010404893067442045577
0.0024623546884280814766
0.0037650235987177384
0.0052886148272145942309
0.0063951191757320520921
0.0081475970225121220469
0.0087670359632119263401
0.011441500244702783483
0.0058835263484283408563
-0.0011612436567535899746
0.00068577967287303587098
-0.00050228921685352598243
0.0004046683671106568415
-0.00034345317596777999203
0.00030096324680448619708
-0.0002693490450532090387
0.00024460460952849392782
-0.00022447548816688092227
0.00020759737128229897371
-0.00019309698986459321532
0.00018038987454496381882
-0.00016907039013307469957
0.00015884843648701212866
-0.00014951125392215210613
0.00014089944489108882997
-0.00013289140270742482083
0.000125392899992737647
-0.00011832994743011450567
0.00011164378455265281419
-0.00010528729555793895601
0.000099222398986118634374
-0.00009341811635383400896
0.000087849122777137930078
-0.000082494645458309189356
0.000077337617096904999079
-0.000072364018806221210328
0.000067562365839057740018
-0.000062923302380529411567
0.000058439280775188938275
-0.000054104307067788823054
0.000049913739475346886124
-0.000045864129928813328994
0.000041953101511151642429
-0.000038179256753302937615
0.000034542113544694852311
-0.000031042067054707043534
0.000027680377730907777134
-0.000024459187363289528136
0.0000213815677035597664
-0.000018451609731477316822
0.000015674567310188156359
-0.000013057078492572865489
0.000010607504914477432716
-8.3364630419737963909e-6
6.2576915658351363739e-6
-4.3895658131207820622e-6
2.7580273387515488859e-6
-1.4032706185228370889e-6
4.0064921011263657695e-7
0.001053912707204061158
0.0024139693676723306074
0.0038654033977249764355
0.0051148293362326860207
0.0066752971144659065833
0.0077013914070193559464
0.0095102995068960352472
0.0099966402567606026031
0.012818338678429816396
0.0064989049328246250467
-0.00126835165235977195
0.00074231021983393401737
-0.00053969949905976763089
0.00043214157114768049073
-0.00036485930162593671253
0.00031828164023573307969
-0.00028372258331943592722
0.00025675059369094245427
-0.00023487245080244643218
0.00021657983275419967148
-0.00020090763777496837982
0.00018721019695610666039
-0.00017503960659847807665
0.00016407569999531336156
-0.00015408379684705827201
0.00014488818163795652953
-0.00013635488306889756141
0.00012838016157787071598
-0.00012088261451111380548
0.00011379763961958330766
-0.00010707347471475791353
0.00010066831438633203953
-0.000094548177562055001883
0.000088685308049747109565
-0.000083056959729236687877
0.000077644463631014806404
-0.000072432504591412606046
0.000067408555895980100471
-0.000062562434665993567617
0.000057885950838455278162
-0.000053372629819310146711
0.000049017494167659763603
-0.000044816893615900922544
0.000040768375781771749427
-0.000036870592404310496843
0.00003312323809564382655
-0.000029527020684709185021
0.000026083664506527540876
-0.000022795950826044619718
0.000019667803554907768731
-0.000016704434539078541746
0.000013912572914555798164
-0.000011300821383491148787
8.8802178147965636086e-6
-6.6651557305684909249e-6
4.6749946859326903938e-6
-2.9371785987065501948e-6
1.494356106674631912e-6
-4.2664471739585398744e-7
0.0010424217559057693128
0.0024551546300335506272
0.0037808993692948189136
0.005258494989839850012
0.0064502585650148765406
0.008043348214925626754
0.008986304426359999716
0.010846391019330753103
0.011198463902329547342
0.014159407847636995844
0.0070961700501336994763
-0.0013718814070471036708
0.00079668746983833211996
-0.00057548297798545319478
0.00045825298478507779977
-0.00038505993460169960654
0.00033449657590001543209
-0.00029706445477523667493
0.00026791857716062431554
-0.00024433365912654192406
0.00022466133169510398858
-0.00020784712532111197131
0.00019318576426721699315
-0.00018018813731652125675
0.0001685047355757650582
-0.00015787946276556624947
0.0001481206429280724992
-0.00013908219713397270583
0.00013065106073219593024
-0.0001227385555938980109
0.0001152743405258576107
-0.00010820208473220951577
0.00010147631869237816712
-0.000095060105835630465204
0.000088923296867109227686
-0.000083041204620595126759
0.000077393587141639177625
-0.000071963860009639426611
0.000066738481577376323988
-0.000061706470508416478556
0.000056859026058707023382
-0.000052189229492954303621
0.00004769181085479945893
-0.000043362969709534568828
0.000039200241938777989518
-0.000035202407562572477384
0.000031369437218450777811
-0.000027702477671008227206
0.000024203879978450880533
-0.000020877278338195641742
0.000017727734265926751465
-0.000014761971711029481385
0.000011988748264761940362
-9.4194453918546865977e-6
7.0690403803955178394e-6
-4.9578109359570279396e-6
3.1146398872000030669e-6
-1.5845648025351005712e-6
4.5238721341443011767e-7
0.0010524039387251660112
0.0024195268168537850505
0.0038534148087395324076
0.0051367917724633130607
0.0066371848670743489397
0.0077677057135019541877
0.0093889159724877740859
0.010246265969979084275
0.012152166581627407502
0.012369139132109448577
0.015460979525381361021
0.0076736569590279208099
-0.0014715543072082882983
0.00084877907911001721915
-0.00060956738507206232594
0.00048296443400712985088
-0.00040403942480787534989
0.00034960855724920799492
-0.00030938731413534761534
0.00027813062330938641053
-0.00025288859157016842109
0.00023187725157590633826
-0.00021395556306332665947
0.00019836047508450901512
-0.00018456290800562901863
0.00017218487162344910151
-0.00016094946522808009093
0.00015064949518158326935
-0.00014112710087226219127
0.00013226013617647668454
-0.00012395283221865207963
0.00011612925099329879813
-0.0001087286041886564626
0.00010170184658738861323
-0.000095009158034499350167
0.000088618056219296605986
-0.000082501964819956595324
0.000076639115511107361153
-0.000071011698404394697576
0.000065605200055292453963
-0.000060407885198564060224
0.000055410390398187707283
-0.000050605406460580821686
0.000045987432860898775115
-0.000041552592330165614609
0.000037298497701127944472
-0.000033224166560681808863
0.000029329982629620638538
-0.000025617706578899323306
0.000022090543900087003977
-0.000018753284657031259026
0.000015612541671509541975
-0.000012677134483801148884
9.958706453238507379e-6
-7.4727467543733513851e-6
5.2403880499283262728e-6
-3.2918966424042941189e-6
1.6746504482451595831e-6
-4.7809157807412904484e-7
0.0010436267056729083469
0.0024507542056796135753
0.0037902393181917532435
0.0052418142021098137232
0.0064781382787995283025
0.0079974450523577724129
0.0090635442098013901259
0.010708241935918631325
0.011477751655529623914
0.013424001809590622655
0.013505390242187166846
0.016719432709563124778
0.0082297560677613194394
-0.001567099453356106897
0.00089845327227843259319
-0.00064187701474592785746
0.00050623151679931008302
-0.00042177382409971818066
0.00036360822948418481298
-0.0003206927854396382809
0.00028739689677701516393
-0.00026055420220197337434
0.00023825002038477240734
-0.00021925983163883593641
0.0002027648501456377769
-0.00018819742083649617349
0.0001751520500563706069
-0.00016333173537294646003
0.000152514280730461487
-0.00014253042844891515734
0.00013324924274611677105
-0.00012456808887849671213
0.00011640560805571176409
-0.00010869669454402597186
0.00010138884101419529745
-0.000094439437832152578426
0.000087813749671313235099
-0.000081483381180954059193
0.00007542510137486235189
-0.000069619935146144017683
0.000064052456714564919744
-0.000058710238139905572411
0.000053583419008991971963
-0.000048664372801599716949
0.000043947452456504919391
-0.000039428803135154603882
0.000035106234757731904408
-0.000030979151123932538065
0.000027048536924578959973
-0.000023317009495722586614
0.000019788950045823914099
-0.000016470741660777264241
0.000013371163472478086579
-0.000010502032703811808047
7.8792753806092144912e-6
-5.5248164158386284515e-6
3.4702554802277561461e-6
-1.7652754734605111496e-6
5.0394656891738534577e-7
0.0010514233367426595244
0.002423084373068771038
0.0038459566774399186376
0.0051498595797843350933
0.006615938079844147873
0.0078013455181343360472
0.0093354110268277421819
0.010334178259583105311
0.011997651219691026377
0.012677317630324316373
0.014658363558220032162
0.014604040966478540471
0.017931264707519937301
0.0087629174091000271959
-0.0016582554956347434097
0.0009455812518737303168
-0.00067233577069004749728
0.00052800718621597763156
-0.00043823488515324035569
0.00037648068254007012811
-0.00033097597413811310664
0.00029572030686245567804
-0.00026733963309674763391
0.00024379384275290577832
-0.0002237782952077391642
0.000206420697366180524
-0.00019111634833269962794
0.00017743333186457286278
-0.00016505532630221409934
0.00015374571165844694002
-0.00014332426889282511404
0.00013365160640087900894
-0.00012461848358099911262
0.00011613832672808126125
-0.00010814187854795519381
0.00010057330582476267657
-0.000093387323829938473258
0.000086547042783424423621
-0.00008002233584541138456
0.000073788589870991256534
-0.000067825741478393934752
0.000062117529164249630797
-0.000056650911801079547426
0.000051415617782590788877
-0.000046403799251371656891
0.000041609773553212755636
-0.000037029840257210753028
0.000032662167527485851314
-0.000028506747077031067845
0.00002456542329468473408
-0.000020842010816669956103
0.000017342528338479844749
-0.000014075599921248757343
0.000011053119758793262346
-8.2913702380942165604e-6
5.8130041049842145335e-6
-3.6509073571057679632e-6
1.8570430770756721612e-6
-5.3012397216694117241e-7
0.0010444375383128164197
0.0024478277831668089402
0.0037963153448282588252
0.0052313240858690536831
0.0064948403258771332231
0.007971756154573661562
0.0091027955186982973065
0.010647323113177240169
0.011576070051241539239
0.013253555568730792024
0.013841610794453273876
0.015851820506070590507
0.015662022226197324644
0.019093101506013921435
0.009271654954717730673
-0.0017447720102876601495
0.00099003879105756723498
-0.00070086910629407881574
0.00054824401026616753727
-0.00045339258244673129117
0.00038820817261732302594
-0.00034022833446181290915
0.00030309947396870469312
-0.00027324924102265392227
0.00024851775521190426326
-0.00022752385977104827825
0.00020934415287964581022
-0.00019333854106755166049
0.00017904985889869344708
-0.00016614331924780282068
0.00015436851294698847381
-0.00014353474070562757789
0.00013349452631112460153
-0.00012413231467798810182
0.00011535654987967739155
-0.00010709401232117275756
0.000099285699975458680693
-0.000091883786426187641441
0.000084849343817548159349
-0.000078150618537590692513
0.000071761712880337257293
-0.000065661569731072476323
0.00005983318723462225396
-0.000054263011271618933656
0.000048940468481555311533
-0.000043857613586161237845
0.000039008873311505202822
-0.000034390876370758241373
0.000030002365722465574887
-0.000025844196750507165956
0.000021919434681637461968
-0.000018233579174479813649
0.000014794968968456941934
-0.000011615466693207967782
8.7116227398116581213e-6
-6.1067493925527374646e-6
3.8349729397920842369e-6
-1.9505202436239583546e-6
5.5678516359376068064e-7
0.0010507436664833824411
0.0024255272418599980338
0.0038409235227087049886
0.0051584484364628173637
0.0066024848574971299542
0.0078215835948330913803
0.0093053991946973678687
0.010378894716868867964
0.011929512480341659709
0.012785756827645544634
0.014472460717231264129
0.014967378082625711604
0.01700105334947080496
0.016676379971667925836
0.020201707560125470738
0.0097545507540400023758
-0.0018264106026099528892
0.0010317073554175192593
-0.00072740532704855085441
0.00056689566308312707746
-0.00046721676744640300374
0.00039877190934235061068
-0.0003484395570890307691
0.00030953068950287564874
-0.00027828460521763936306
0.00025242766135739940566
-0.00023050601875576089035
0.0002115477231605878557
-0.00019487905507898094895
0.00018001885755759872116
-0.00016661479638069011523
0.00015440335881663422368
-0.00014318388745296815803
0.00013280122651544541755
-0.00012313382633830270016
0.00011408540607353992081
-0.00010557899482035540975
0.000097552598518253236862
-0.000089956000842638650486
0.00008274836991248268813
-0.000075896447637722030532
0.000069373167455928699173
-0.000063156592395754547943
0.000057229097014728339114
-0.00005157673889861504957
0.000046188781372642402272
-0.000041057341075588994747
0.000036177143683906655014
-0.000031545379658843909786
0.000027161660762457074491
-0.000023028089015625344989
0.000019149465684816642783
-0.000015533694499583666495
0.000012192483171083934286
-9.1425512104191501656e-6
6.4077959967055385684e-6
-4.0235370744752413389e-6
2.0462551989195812457e-6
-5.840860794587374297e-7
0.0010450140517628040716
0.00244576266882502319
0.0038005437473892707687
0.0052241759196598693967
0.0065058920323627917487
0.0079554179124740757075
0.0091264727945834278687
0.010613105752749280631
0.011626102532775293954
0.013178401378275496317
0.01395986366547910605
0.015650975164936976899
0.016051475283163717875
0.018102864538630101372
0.017644282943894732388
0.021253995062896902024
0.010210258884671676915
-0.0019029458334655696387
0.0010704749376643098444
-0.00075187650664925669291
0.00058391794933874440008
-0.00047967829504016197301
0.00040815326850064609963
-0.00035559885045413971481
0.00031500924875534245911
-0.00028244589655413822701
0.00025552772402386357772
-0.00023273225691155531883
0.00021304169118885257783
-0.0001957505524810370075
0.00018035502745552372565
-0.0001664862123792264482
0.00015386822311013750483
-0.00014229100380052077582
0.00013159215525468245571
-0.00012164447953984949011
0.00011234725122447775769
-0.00010361997977559277167
0.00009539787502028805061
-0.000087628500829495572992
0.000080269273522867315016
-0.000073285571532924520716
0.000066649295130814139489
-0.000060337763511705010644
0.000054332869826961084976
-0.000048620438215170031436
0.000043189744031140606807
-0.00003803317171846222915
0.000033145995968088696019
-0.000028526282661795679754
0.000024174918670251397387
-0.000020095797070297475091
0.000016296212848894668398
-0.000012787576894729074463
9.5866653846246540291e-6
-6.7178776985638673578e-6
4.2176765322467343642e-6
-2.1447914271194310447e-6
6.1218120295726782861e-7
0.0010502495483242572893
0.0024272922863618626457
0.0038373279990548686421
0.0051644802432812518138
0.0065932571435852600189
0.0078350360149138286953
0.0092862552733788891855
0.010405915178164947239
0.01189120840135775331
0.012840950053071160851
0.014390508660853651309
0.015095114264252178398
0.016785819320968334062
0.01709087553628296639
0.019154187549878756139
0.018563030245540566901
0.022247032720619445777
0.010637509202766909667
-0.0019741660223738411759
0.00110623670746558173
-0.00077421915843269717307
0.00059926953353781575103
-0.00049074981467027151143
0.00041633463881079653156
-0.00036169583373272955816
0.00031953038008301720637
-0.00028573283341575649601
0.00025782133929363228773
-0.00023420903497179500883
0.00021383510536078302021
-0.00019596428923745416393
0.00018007152359571466087
-0.00016577236737410248169
0.00015277934012832891446
-0.0001408735820358709828
0.00012988591559309652204
-0.00011968386578162970005
0.00011016256495132237337
-0.00010123825479140202901
0.000092843564108262631421
-0.00008492402599201392598
0.000077435476609168158958
-0.000070342092645866204903
0.000063614899881013119534
-0.000057230636112943610443
0.000051170886656633540815
-0.000045421435541124882493
0.000039971794127417407111
-0.000034814883842462580373
0.000029946863365161278568
-0.000025367105375920669203
0.000021078347464439234077
-0.000017087072495980012909
0.000013404229614396350331
-0.000010046522062634023946
7.0387566214445269901e-6
-4.4184837071551904446e-6
2.2466796068217288027e-6
-6.4122695315615715401e-7
0.0010454414603711433106
0.0024442394634288689889
0.0038036334193156478301
0.0052190255853292739118
0.006513702986634156848
0.0079441600323019044108
0.0091422605564947808854
0.010591235704508364111
0.011656369205154518636
0.013136133235966715909
0.014020054039587768238
0.0155624573943120416
0.016188340684258767995
0.017873834593213498517
0.018082677538064780209
0.020152095697894513193
0.019430058646692871188
0.023178054039181427032
0.011035110882574345173
-0.0020398739570793641248
0.0011388955354710700016
-0.00079437474486931379944
0.00061291247540716508463
-0.00050040634124677020084
0.00042330002776601763893
-0.00036672117325199124337
0.00032308990627876805368
-0.0002881453622552382946
0.00025931183080269855638
-0.00023494249280865523991
0.00021393648721438655067
-0.00019553082380734872092
0.00017918066289680503567
-0.00016448710889375817109
0.00015115190007932751456
-0.00013894799962725217765
0.000127699944198713747
-0.00011727037670417156743
0.00010755061118088541001
-0.000098453893644599828091
0.000089910506809740593663
-0.000081864162276121847326
0.000074269309286886128729
-0.000067089108429582763518
0.000060293897167510184558
-0.000053860027063677472197
0.000047768989356882297934
-0.000042006772162671817529
0.000036563413099428820333
-0.000031432728760186113789
0.000026612220255577726838
-0.000022103176110913310319
0.000017911027150290508535
-0.000014046067398709731199
0.000010524776137789029707
-7.3722580922686510752e-6
4.6270880879578745678e-6
-2.3524883875600904313e-6
6.7138473867423330091e-7
0.0010498767989302632472
0.0024286180940583926397
0.0038346483666571841976
0.0051689232999537489859
0.0065865675637768337219
0.007844587011540054796
0.0092730212770104463331
0.010423971766296447086
0.011866692728274312549
0.012874363346812114105
0.014344404643790551278
0.015160128575237722803
0.016690983249616526633
0.017236492427836585167
0.018911992237373609371
0.019024113437063983016
0.021093810488638906352
0.020242949571952072229
0.024044465116532380077
0.011401955735127442458
-0.002099887526902791935
0.0011683624267550714289
-0.00081229007503577338579
0.00062481263300503009707
-0.00050862567647261820251
0.00042903550384674933038
-0.0003706670443464382567
0.00032568472325905695977
-0.00028968414978303166476
0.00026000295207923367015
-0.00023493895879493807244
0.00021335434502943543262
-0.00019446053259301251374
0.00017769443951296158439
-0.00016264384550395503007
0.00014900055991149283989
-0.00013653002655978604578
0.00012505101494807532176
-0.00011442170421830160164
0.00010452993560320987976
-0.000095286252501593070588
0.000086618847727730138739
-0.000078469843238241285348
0.00007079251953580462468
-0.000063549235447914077061
0.000056709860465549682096
-0.000050250597091949174416
0.000044153109488201928514
-0.000038403903513872843761
0.00003299392667227153731
-0.000027918378530105323284
0.000023176747667795067038
-0.000018773127837471023908
0.000014716929434817910609
-0.000011024230118161345231
7.7203042312370898786e-6
-4.8446768321397678144e-6
2.4628146759557324086e-6
-7.0282386615206514577e-7
0.0010457689462563600759
0.0024430765939328823066
0.0038059765707324840476
0.0052151579634672157151
0.0065194906312144373184
0.007935961976985014645
0.0091535068268850639911
0.010576081562567846197
0.011676626978691739839
0.013109054414429312889
0.014056510491281285439
0.015512652316231885844
0.016257995388188862037
0.017772943096564869148
0.018236645029470653597
0.019897401874584418102
0.019912556398274624595
0.021976709508801513584
0.020999435728398261796
0.02484385193088445251
0.011737021296740504798
-0.0021540402900298489472
0.0011945568852651610418
-0.00082791762105185162611
0.00063493997213457808661
-0.00051538872513434101076
0.00043352952420061098671
-0.00037352747108120088941
0.0003273131508026769227
-0.00029035094299651201604
0.00025989925392739567773
-0.00023420532264882040526
0.00021209755041851359957
-0.00019276398881844151444
0.00017562490484367192683
-0.00016025592712908330827
0.00014633982349490574408
-0.00013363520533206175361
0.00012195561914987928592
-0.00011115522189579989383
0.00010111874979721700876
-0.000091754359116198686937
0.000082988432616646499337
-0.000074761760557908294586
0.000067026702867872605529
-0.000059745066671331960737
0.00005288651779763485891
-0.000046427402648115256256
0.000040349898171548672863
-0.000034641439678844028875
0.000029294404391982392086
-0.000024306058799929596407
0.000019678818686987451116
-0.000015420938865088064859
0.000011547884666994770697
-8.0849479842836837929e-6
5.0725154938184164213e-6
-2.5782939579427507836e-6
7.3572445247415358227e-7
0.0010495871529027834131
0.0024296451239896489342
0.0038325843368486165037
0.0051723170557101485907
0.0065815154594721891987
0.007851695276826971413
0.0092633518340692548966
0.010436866008525417264
0.011849675773574607134
0.012896753007963163617
0.01431484801347599112
0.015199519976885057605
0.016637619201869013625
0.017310593336840897464
0.018805323516384284401
0.019186008219941360205
0.020827319626686027762
0.020745527806762047674
0.022798333843561341015
0.021697407342380734399
0.025573987111603897093
0.012039373678651610097
-0.0022021819807375071123
0.0012174072228128213522
-0.00084121577319145646767
0.00064326880681971047169
-0.00052067973515146661021
0.00043677317972193005141
-0.00037529857814044076419
0.00032797519134911378906
-0.00029014883422511505481
0.00025900635475264208737
-0.00023274931001945984613
0.00021017561624478356097
-0.00019045224303420692694
0.0001729844501288127451
-0.00015733692954381634278
0.00014318432817557093129
-0.00013027914016473705313
0.00011843025851079033172
-0.00010748828342013325974
0.000097335237675033691329
-0.000087877230773996404628
0.000079039142635978411791
-0.00007076072114841122324
0.000062993691213174040593
-0.000055699604364366731716
0.000048848245579284997407
-0.000042416474620929905957
0.000036387424140159587835
-0.00003075001386014222831
0.000025498776925999217081
-0.000020634040783371724583
0.000016162578843910536779
-0.000012098992411345066165
8.4684091024849072149e-6
-5.3119698173819585725e-6
2.6996111098244480189e-6
-7.702804682872637267e-7
0.0010460266884072035234
0.0024421638229723368508
0.0038078068284043362921
0.0052121586033296538865
0.0065239356319721834349
0.0079297437721288752669
0.0091619050331006876887
0.010564980814848858802
0.011691120291910894943
0.013090233495406172186
0.014080960503171449823
0.01548070674353421331
0.016300208232192608116
0.017716169782104462512
0.018314987283016111396
0.019785249083019181601
0.020081933684259119762
0.021699155836019054492
0.021520704084282986313
0.023556395011824351267
0.022334917978769341754
0.026232836178682880644
0.012308170169840496445
-0.0022441789600807352012
0.0012368508212552631655
-0.00085214904647602744299
0.00064977798707820387725
-0.00052448648039723045994
0.00043876037874462727098
-0.00037597877779454000343
0.00032767272104200640925
-0.00028908245628983791625
0.00025733113954473296783
-0.00023057968490977724174
0.00020759890215762568619
-0.00018753703159738417464
0.0001697860179432848305
-0.00015390086926741224058
0.00013954906385107395529
-0.00012647772153532292229
0.00011449167703127592653
-0.00010343846454076970024
0.000093197811222497124526
-0.000083674148904705116826
0.00007479119474361386807
-0.000066487982737180074629
0.000058715936586675342311
-0.000051436709741423811459
0.000044620609527535453963
-0.000038245486931878678997
0.000032296024030467430008
-0.000026763397271009135926
0.000021645348541407198888
-0.000016946776996570301267
0.000012681117222904544288
-8.8731135180231567216e-6
5.5645294642866062151e-6
-2.8275121249468587646e-6
8.0670303242747293334e-7
0.0010493565165203782381
0.0024304610187714242847
0.0038309515514771725858
0.0051749850616477823478
0.0065775768664660739618
0.0078571777534847924749
0.009255992822206040869
0.010446520150064691727
0.011837185610498949663
0.012912795024997906792
0.014294283826857906155
0.015225956084264186888
0.016603377527848636784
0.017355508504738953409
0.018745298352006457627
0.01926837645940936886
0.020709990326456241502
0.020921922412191196042
0.022510482344950628031
0.022235923094297579729
0.024248781406594882125
0.022910189920404349731
0.026818563236584529913
0.012542661585749225703
-0.0022799146120681396766
0.001252834353483614919
-0.00086068824723146087807
0.00065445104484490617141
-0.000526800399087412577
0.0004394879837114605951
-0.00037556890754523144736
0.00032640962957047486906
-0.00028715812504666687954
0.00025488190531139948658
-0.00022770639810059536285
0.0002043787661687983485
-0.00018403093173381491827
0.00016604326134917769991
-0.00014996236777846458597
0.00013544954370373085341
-0.00012224730551135536667
0.00011015705183349549892
-0.000099023769357229223532
0.000088725337619250882294
-0.000079164914334160495944
0.000070265435009734367924
-0.000061965598866047964929
0.000054216926698824921179
-0.000046981615913580553091
0.000040231013509241723959
-0.000033944598474083305774
0.00002810942518908671551
-0.000022720043544715333583
0.000017779001731561817944
-0.000013298201317459414525
9.3017376355769027848e-6
-5.8318345703849554556e-6
2.9628171935051912951e-6
-8.4522407924362836187e-7
0.0010462341358766673117
0.0024414306574563798296
0.0038092715229364849793
0.0052097713242383593446
0.0065274478614884759785
0.0079248758829182525346
0.0091684042514480033886
0.010556509837034031602
0.011701994389526545377
0.013076397267425835295
0.01409849925743778885
0.015458462155462077917
0.016328553117856785544
0.017679729089784259833
0.018362479919560304178
0.019722137130497033433
0.020168102377542683967
0.021576971322930454309
0.021703631630642735814
0.023259039314541820826
0.022889190113077393569
0.024873564227505949865
0.02342161908861703569
0.027329536108756629732
0.012742194356348479213
-0.0023092896864473872896
0.0012653139669119915235
-0.00086681060531816675911
0.00065727630542442226597
-0.00052761669649856112069
0.00043895591071073867961
-0.00037407232925072268258
0.00032419192033510176184
-0.00028438394141173383511
0.00025166846551009160487
-0.00022414069448428287155
0.00020052767548276161448
-0.00017994747668275814042
0.0001617706645136207909
-0.00014553677923638517836
0.00013090194128581540826
-0.00011760486329316620065
0.00010544415936277146684
-0.000094262818865079997968
0.00008393735783179130007
-0.000074370106410166335554
0.000065483652674324487146
-0.000057216807900876171895
0.000049521677219837805362
-0.000042361564279610994514
0.000035709540695210116276
-0.000029547592100739311953
0.000023866331655022069808
-0.000018665374392393231793
0.000013954642839107192158
-9.7572592406104159843e-6
6.1157061275187092993e-6
-3.1064356159537315994e-6
8.8610053214328600436e-7
0.001049169031382762638
0.0024311230776516388607
0.0038296309244012158298
0.0051771327245939146667
0.0065744265826594450273
0.0078615274739651977238
0.009250212484783438479
0.010454011695887035233
0.011827633605355888752
0.012924851627167993328
0.01427914632079311956
0.015244937821740819111
0.016579517821492888193
0.017385681574644611224
0.018706760088692347596
0.019318315988045630137
0.020643964094805352247
0.021011656292225927447
0.022383776873401460261
0.022424881303087223508
0.023942741564180107614
0.02347868334685097678
0.02542900289252863774
0.0238677794882412634
0.027764330899996811042
0.012906212347722870537
-0.0023322225886751198322
0.0012742554319270265094
-0.00087049987593471604224
0.00065824696956677788346
-0.00052693441810457597477
0.00043716719879574521179
-0.0003714949973278045225
0.00032102777909748107492
-0.00028076986149480802258
0.00024770222250495606533
-0.00021989518869790414704
0.00019605928632952342055
-0.00017530124106518983566
0.00015698363540892311613
-0.00014064029294520001505
0.00012592320603608370692
-0.00011256811422442237805
0.000100371531890394956
-0.000089175039075489252867
0.00007885431741937918556
-0.000069311371715275350618
0.000060468947959700992716
-0.000052266509942582668427
0.00004465736115485993153
-0.000037606650741636967612
0.000031090115445380647443
-0.00002509351051633560908
0.000019612802065277048451
-0.000014655387106053781379
0.000010243017027195112334
-6.4181813472813119819e-6
3.2593831057657248876e-6
-9.2961913692427162268e-7
0.0010464043389864062037
0.0024408300731291340907
0.003810467907515518984
0.0052078295570513901022
0.0065302886207473513911
0.0079209666302642939477
0.0091735779507576037452
0.010549837640056095219
0.011710451668421601154
0.01306579665815974393
0.014111699588400802695
0.01544206967207352455
0.016348922134836846758
0.017654322126263114778
0.018394397198721760404
0.019681607115071692883
0.02022035262515119798
0.021508210471311231321
0.021796686223033101984
0.023128159240898069842
0.023083660179887987403
0.024559684415645832077
0.024002758977034814809
0.02591354991632341425
0.02424742716272221955
0.028121735974994147886
0.013034258412093847846
-0.0023486496173269273155
0.0012796342569538825388
-0.00087174641369418931122
0.00065736116972708173259
-0.0005247564974180418168
0.00043412805398591464022
-0.00036784550145029486276
0.000316927616981633191
-0.00027632774111005314991
0.00024299621469655574851
-0.00021498391609089363835
0.00019098850026932113161
-0.00017010790447407248472
0.00015169857927972326409
-0.00013529002017255505978
0.0001205311681270059595
-0.00010715565497955796196
0.000094958619598320973613
-0.000083780867675168228749
0.000073497833856743870994
-0.000064011774494475830148
0.000055246197423440472665
-0.000047141893164975991271
0.000039654164602570398555
-0.000032751015984410044905
0.000026412196461178230119
-0.000020629137051734164359
0.000015406035433271787288
-0.000010762781187056725447
6.7415554062566818723e-6
-3.4228021488006422865e-6
9.761021385767657884e-7
0.0010490138663897435564
0.0024316702343765733648
0.003828542282019141354
0.0051788965103610535902
0.0065718522565920156819
0.007865059580315953278
0.00924555489088963825
0.010459992117879368397
0.011820092362740795557
0.012934246555245332945
0.014267530771591691667
0.015259241794745060906
0.016561918263254485103
0.017407380108790753965
0.01867987638558871493
0.019351890108667439774
0.020601552433362118337
0.021066075699860939559
0.022312467835435246609
0.02252100352544057194
0.023808044422823421662
0.023678131383381698054
0.025108149026422627742
0.02445995571757878683
0.026325855243457022936
0.024559503646890533615
0.0284007553426872704
0.013125975661957184763
-0.002358525149029143574
0.0012814357712673420092
-0.0008705472208614817514
0.00065462200302405619086
-0.00052108978158444536668
0.00042984787145916237108
-0.00036313508766128294385
0.00031190409212001965102
-0.0002710713593232630984
0.00023756514337064538064
-0.00020942236451848701129
0.00018533150301148756535
-0.00016438430005084058485
0.00014593296062230056413
-0.0001295040744321225691
0.0001147446436714276177
-0.00010138709868970025117
0.000089225975930982000252
-0.000078102002601487347314
0.000067891032101651186047
-0.000058496252988194709416
0.000049842680025731673849
-0.000041873302460959545078
0.000034546509918908987436
-0.000027834602462470836563
0.000021723370679780909069
-0.000016212976476322294944
0.000011320838113103891499
-7.0884313084239886773e-6
3.5979862420423178273e-6
-1.0259140272731308292e-6
0.0010465463581676977159
0.0024403295706491248936
0.0038114626499804597606
0.0052062204476964703981
0.0065326322645663551826
0.007917759539358094833
0.00917779329047285386
0.010544446034421012931
0.011717219319807336998
0.013057410666434558637
0.014122002909228940829
0.015429474000617136469
0.016364288328616310602
0.017635565057973351076
0.018417365379365391878
0.019653319851988361235
0.020255492891042844377
0.021464031398753645208
0.021853128125890903824
0.023054494785142187634
0.023182589000489291708
0.024421537937880855342
0.024206637512350388584
0.025586607198304336553
0.024848998870339024494
0.026664770025696058898
0.024803138906794124058
0.028600611437514499021
0.01318110846478198299
-0.0023618217709147197977
0.0012796551763282237015
-0.00086690597108300752487
0.00065003754268406939995
-0.00051594503691036343676
0.00042433923847061632794
-0.00035737766076771991819
0.00030597211314779942254
-0.00026501642460455071567
0.00023142538326751156296
-0.00020322749151136137718
0.00017910579103016677816
-0.0001581484543387811499
0.00013970536138088167142
-0.00012330165494138235819
0.0001085835528735273859
-0.000095283240736783060751
0.000083195488979127637255
-0.000072161724189378505901
0.000062058993367219367822
-0.000052792246938688898371
0.000044288961004218109648
-0.000036495499092206386853
0.000029374882450476390853
-0.000022905871431543246033
0.000017083546456628252533
-0.000011922093108356155844
7.4617800595966566224e-6
-3.7864090462584593398e-6
1.079469636436361708e-6
0.0010488833862234876974
0.0024321298243592592088
0.0038276297407156903347
0.005180370554363539972
0.0065697093797473284432
0.0078679849759816430482
0.0092417209392644258439
0.010464878953453585964
0.011813983294946041625
0.012941780480849301657
0.014258325437135122475
0.015270423227367238989
0.016548378409089877537
0.017423765751099968715
0.01866001305431524062
0.01937606596408693275
0.020571937394317378109
0.021102688214438516043
0.022266639496076093404
0.022579316489997984158
0.023732223159925995444
0.023779598530300997492
0.024966930109828245857
0.024667705251660292973
0.025993725648582992928
0.025168803866207518119
0.026929349833737271835
0.024977653757720684424
0.028720747290151373201
0.013199503155497605354
-0.0023585303605874072207
0.0012742975661936851017
-0.00086083300954957614343
0.00064362082923822295417
-0.0005093369358860345027
0.00041761791983815843188
-0.00035058977014725296763
0.00029914882700222270215
-0.00025818056644498584692
0.00022459498025690075835
-0.00019641773092740305904
0.00017233019109530329069
-0.0001514196249740242786
0.00013303554399307200188
-0.00011670314487977927398
0.00010206906710008567673
-0.000088866273567238657787
0.00007689069068860263121
-0.000065985336867723522385
0.000056029384799948435934
-0.000046930598089359912859
0.0000386201907650077113
-0.000031049562459411163565
0.000024188680559090025462
-0.000018026226574732934088
0.000012572196134391124889
-7.8650139719027633723e-6
3.9897597733831754734e-6
-1.1372439528759960389e-6
0.0010466666726341753396
0.0024399059931789008436
0.0038123029466841909147
0.0052048648436062872527
0.0065345996067159672566
0.0079150795279722763197
0.0091812964943545382895
0.010539994643310800062
0.011722763735852463603
0.013050602112587938992
0.014130281106900179585
0.015419475642245220126
0.016376316646543511242
0.017621118058936837453
0.01843472635656193396
0.01963240316302138711
0.020280812407962472159
0.021433166859872600484
0.021891115974118523567
0.023007138961766246293
0.023242617210213498034
0.02434376378190777091
0.024310368226533193467
0.025442700832266171324
0.025060049474226342097
0.02632836973235610451
0.025418479281503626292
0.02711885729499737705
0.025082561753235742279
0.028760828081909930505
0.01318110846478198299
-0.0023486601136001294957
0.0012653779173935716344
-0.0008523453302503178243
0.00063538984235793393153
-0.00050128402680588514756
0.00040970282733060430586
-0.00034279058057763514838
0.00029145359299171788851
-0.00025058331488730271827
0.00021709363925778652173
-0.00018901299321982587429
0.00016502487830050945347
-0.000144218343908356483
0.00012594453007006946804
-0.00010973023977329668431
0.000095223806906328276746
-0.000082160082561294848779
0.000070337191038458123587
-0.000059600800785308544174
0.000049833377049344714855
-0.000040946890202419256108
0.000032878086332160820288
-0.000025585882817361759307
0.000019050888606240326535
-0.000013277697198539301156
8.3020767633278107562e-6
-4.2099865164825093398e-6
1.1997841029139854065e-6
0.0010487720562978848322
0.0024325215978906000665
0.00382685315805221156
0.0051816219123848272054
0.0065678961296489178041
0.0078704502858609521646
0.0092385059792674855169
0.010468952634299684688
0.011808925999317641258
0.012947967185623518419
0.014250836353255593662
0.015279422885954190434
0.016537614138124126226
0.017436608842269072392
0.018644697008125161597
0.019394356864408577134
0.020550021843775476399
0.02112908544491151877
0.02223460606519953093
0.022618579967243397351
0.023683464957999496608
0.023841182213932574813
0.024887411699004255988
0.024773419079378431754
0.025847523800358241369
0.025382576823986578702
0.026589606605772141059
0.025597329320890313335
0.027232764150425447732
0.025117570539727868699
0.028720742078593109555
0.013125975661957184763
-0.0023322385184995747076
0.0012529210485552074581
-0.00084146653076006451067
0.00062536745391966457533
-0.00049180868674163485166
0.0004006159739215221396
-0.00033400182934241206553
0.00028290794481431297549
-0.000242246070286556264
0.0002089427056728797742
-0.00018103466401876450644
0.00015721139941256497705
-0.00013656647615325358425
0.00011845470940930042651
-0.00010240612773184622449
0.00008807212331078071355
-0.000075190671324292714203
0.000063563310403917147922
-0.000053039665884113844827
0.000043507026339225277871
-0.000034883514084623569661
0.000027114076224779795649
-0.000020169103419420172693
0.000014046240136877506718
-8.7775552753537826516e-6
4.4493497560690194657e-6
-1.2677241191318550402e-6
0.0010467700401320349356
0.0024395423862814430266
0.0038130231713375308895
0.0052037055316849878223
0.0065362771177393237219
0.007912802793592467238
0.0091842591803438364502
0.01053625016020300372
0.011727398532254111314
0.013044951758814226085
0.01413709390284395848
0.01541132569255031745
0.016386014301665895008
0.017609615685875222621
0.018448351289837140372
0.019616257163059562713
0.020299986601216347871
0.021410308425706374393
0.021918523185868967081
0.022974019374728957401
0.023283054093211688465
0.024293731273394113832
0.024373344124984437141
0.025361650912608504555
0.025167461095715325234
0.026180270196896035936
0.025634388770201781052
0.026776707821332411342
0.025704855759836884248
0.027270752724689400019
0.025082582672610083442
0.028600600941241296841
0.013034258412093847846
-0.0023093112795484068123
0.0012369615499747388756
-0.0008282267448249628442
0.00061358136264617808093
-0.00048093705834261188313
0.00039038241359302219361
-0.000324247770643184926
0.00027353554211558836182
-0.00023319206577741198746
0.00020016514419215584968
-0.00017250560699168813161
0.00014891271071370094183
-0.00012848730806306038648
0.00011059000068579212095
-0.000094755754017682930071
0.00008064051186659625719
-0.000067986792510493837174
0.000056601028435080559022
-0.000046338495837501543853
0.000037093426047410935114
-0.000028792973723560874071
0.000021394532425244118042
-0.00001488680655345900532
9.2968192282685873949e-6
-4.7104889964917064559e-6
1.3418032842054976949e-6
0.001048675761407535973
0.0024328602010268766594
0.0038261829080910688833
0.0051826997334707359846
0.0065663385402786492905
0.0078725608544754560252
0.0092357648873213502894
0.010472409028773213028
0.01180465934759831868
0.012953152504494390162
0.014244606610209981621
0.015286844970096140627
0.016528823507237914229
0.017446980500780675206
0.018632484948510950599
0.019408729976189609796
0.020533085883567776208
0.021149095199497735627
0.02221086205809389036
0.0226469278348459618
0.023649343834546199432
0.023882688070973696774
0.024836235528378897037
0.02483762094899349534
0.025765158574191766448
0.025491396916348259998
0.026440011821515500214
0.025814784125118624314
0.026889151347668541955
0.025740759341428432824
0.027232716805498682023
0.024977695891987343016
0.028400739412862815524
0.012906212347722870537
-0.0022799421872998526166
0.0012175436832571880056
-0.00081266255284764485023
0.00060006401045224341379
-0.00046869897069909801723
0.00037903016716766140834
-0.00031355510825276991579
0.00026336211330789188679
-0.00022344632546199841652
0.00019078552003437461425
-0.00016345017925688625034
0.00014015324355544316807
-0.00012000568597024931463
0.00010237609631502250865
-0.000086806220525720607303
0.000072958238481256765169
-0.00006058090849920703943
0.000049487448331558442449
-0.000039541107978423798656
0.000030646182575535349899
-0.000022743429486849518112
0.000015810025904016430172
-9.86619765742825845e-6
4.9965064810035235795e-6
-1.4228891121509366987e-6
0.0010468600417384684153
0.0024392260197485961159
0.0038136490206162688621
0.0052027000097385415129
0.006537728510333488317
0.0079108390309331263055
0.0091868050451499926105
0.010533046736319332987
0.011731343156161471596
0.013040171429928861088
0.014142818423047561147
0.015404530725956717792
0.016394028482848314392
0.017600204924610220727
0.018459372551603670046
0.019603364326945084749
0.020315073609980582363
0.021392623268826985534
0.021939319823862874937
0.022949448249491270094
0.023312271928967388806
0.024258694833985978334
0.024415812664198231275
0.025309463865982734277
0.02523272024718686682
0.026096808636857474908
0.02574432490385259393
0.026626023653165092208
0.025923261018853227301
0.026926623007493771828
0.025704940624139543715
0.027118761929232536285
0.024803202857275704169
0.028121714381893128363
0.012742194356348479213
-0.0022442129372581783271
0.0011947212510639571997
-0.00079481687020272967071
0.00058485248040361602727
-0.00045512784428693591009
0.00036659013450595453179
-0.00030195291739663497563
0.00025241539180066986329
-0.0002130356224170286814
0.00018082998987515716758
-0.00015389427158420544141
0.00013095901766585333465
-0.00011114823740623629721
0.000093840842829610102969
-0.000078587401776585202162
0.000065058307330136335483
-0.00005301069281543792675
0.000042267125357011291749
-0.000032702226377519460898
0.000024235291684119530707
-0.000016828573740428247699
0.000010493203807302592068
-5.3110733237374452798e-6
1.5120063939443896128e-6
0.0010485913663498553297
0.002433156766939137193
0.0038255965613141725268
0.0051836410128623541941
0.0065649813544900549237
0.0078743946548091712557
0.0092333914203497300139
0.01047538971902950696
0.011800997295330765018
0.012957578852140008369
0.014239321716180979506
0.015293096991357016699
0.016521477734388686844
0.017455569383190320024
0.018622474823769621842
0.019420376170460753869
0.020519541538700583054
0.021164861353700323835
0.022192469070660045712
0.022668461926551154063
0.023624004961259474183
0.023912704095954042494
0.024800371271414807808
0.024880944405329653057
0.025712095110797553788
0.025557542790134341587
0.026355674949234362572
0.025925541694343894656
0.026737785837109197428
0.025959518327283750113
0.026889017328651378558
0.025597500279069463354
0.02692920507141915657
0.024559590341962126154
0.027764303324765098102
0.012542661585749225703
-0.0022022228969035370236
0.0011685574368988704626
-0.00077473881311387252861
0.00056798837595730518681
-0.00044026057980193768537
0.00035309599334262329193
-0.00028947255711288767237
0.0002407250486706358915
-0.00020198844257099628137
0.00017032631346110098312
-0.00014386539232599790525
0.00012135783379165473146
-0.00010194372659050720228
0.000085014840651343301821
-0.000070132913642267950444
0.000056978994153901948487
-0.000045321445401026188691
0.000034995903055940598798
-0.000025893713293478452643
0.000017957688850148749103
-0.00001118682473338501446
5.6585653612180995992e-6
-1.6103742497665367763e-6
0.0010469394392381842284
0.0024389470962575892431
0.0038142001972795009651
0.0052018158640159542536
0.0065390020359496909649
0.0079091204335373033749
0.0091890260282636074814
0.010530262541489602811
0.011734756672826214283
0.013036055352581128772
0.014147719490739863499
0.015398750627797265431
0.016400796198935963536
0.017592322800937234466
0.018468518714691847478
0.019592775656984709868
0.020327319958120856706
0.021378456870074589034
0.021955730088117414419
0.022930389191790207838
0.023334493529629935641
0.024232648226570632435
0.024446554321737708059
0.02527286020309583558
0.025276789810539332739
0.026043004380355518315
0.025811185684642962724
0.026541033780204207442
0.026034544208521959571
0.026774985088789750711
0.02592345655081933871
0.026776437804311599985
0.025418738837109491815
0.026664573741921768516
0.02424753789144169526
0.027329502131579186607
0.012308170169840496445
-0.0021540888213796604499
0.0011391246147116678422
-0.00075248354156946635148
0.00054951768086570403271
-0.00042413743048523515852
0.00033858408508423406791
-0.00027614757493917684954
0.0002283226264193499503
-0.00019033496390440812046
0.00015930390333003076318
-0.00013339282547837169046
0.00011137959709594912928
-0.000092423629756922093099
0.000075932404945786769422
-0.000061481670630265127133
0.000048766343704326991655
-0.000037570115588142193283
0.000027747521200412074244
-0.00001921585283172278957
0.000011957898339451279227
-6.044238839694466479e-6
1.7194538634081779571e-6
0.0010485164227388989651
0.0024334199730228179363
0.0038250766965611695299
0.0051844743413954461897
0.0065637821455839405753
0.0078760110776968225369
0.0092313054175883864049
0.010478000367292594458
0.011797802710716823941
0.012961422441509090505
0.014234756574888328859
0.015298465672476556622
0.01651521173988700561
0.017462841126986880351
0.018614070630583872569
0.01943006236544402634
0.020508395000117350235
0.021177683167858785642
0.022177710048568823605
0.022685481211744094584
0.02360432173364574665
0.023935563029127649263
0.024773677269224809233
0.02491233872136963866
0.025674840955731165352
0.025602249079200957512
0.026301266134207155538
0.025992944969161727438
0.026652365763789081035
0.026071031119646096919
0.026737515507704406745
0.025815178144192439474
0.026589196559339162302
0.025169155888626030602
0.026325604485888414893
0.023867915948685630053
0.026818522320418500002
0.012039373678651610097
-0.0020999445181228874959
0.0011065041278741505174
-0.00072811207841265066962
0.0005294905987717716593
-0.00040680185734267393186
0.00032309328813864454656
-0.00026201360694882305509
0.00021524148135915692774
-0.00017810706634637474646
0.0001477939411707840144
-0.00012250791320859216727
0.00010105685768608647644
-0.000082623076717925421123
0.000066633135693176411577
-0.000052680457264240216304
0.000040478379713761660615
-0.000029832306299593689538
0.000020625694787782506162
-0.000012819610104828932391
6.4744601429934500864e-6
-1.8410106321717117363e-6
0.0010470104178181375478
0.0024386978780905851351
0.0038146922112499691549
0.0052010276984822147807
0.0065401352685056007385
0.0079075945954058211385
0.0091909925581180272292
0.010527805203018523272
0.011737758292464699321
0.013032451305328094122
0.01415199020209585028
0.015393741320703956876
0.01640662561772500402
0.017585579884871386353
0.01847628320656758874
0.019583863268637913046
0.020337529336726707331
0.021366772764650018021
0.021969103015351473337
0.02291506669215068481
0.023352086974331130311
0.024212382562635281948
0.024470000516186087146
0.025245579098627534714
0.025308763807853286498
0.026005188684264182588
0.025856419273769182092
0.026486156646563189931
0.026102317675636570303
0.026689357253991722724
0.026034903778761289058
0.026625478794995570415
0.025634987299987084705
0.026327813420580082084
0.024849448740562380339
0.025913240792550303031
0.023421783454415831848
0.026232787647333069141
0.011737021296740504798
-0.0020399404606295675941
0.0010707860367504285498
-0.00070169110326769425026
0.00050796137106872923497
-0.00038830036650441335033
0.00030666487996480774875
-0.00024710827836481475575
0.00020151674733377684224
-0.00016533839817604422437
0.00013582960898611351387
-0.00011124454878006279608
0.00009042571816494187384
-0.000072582418349252521483
0.000057164549919950689256
-0.000043788320444281571376
0.00003219252195815819074
-0.000022215212969284618207
0.000013788156011303523768
-6.9570098002399223301e-6
1.9771960142516254175e-6
0.0010484489661367637665
0.0024336567694566866519
0.0038246094035759273392
0.005185222446266694007
0.0065627073832907568544
0.0078774567271059151631
0.0092294445046424857042
0.010480322396550798608
0.011794971075386787036
0.012964815938976978556
0.014230744003781271796
0.015303160808567639691
0.016509762732614588053
0.01746912495773450471
0.018606859144883375423
0.019438308988544200127
0.020498987612581595115
0.021188399557806089195
0.022165508017650283416
0.022699381534651675036
0.023588464297699311198
0.023953696342355144872
0.024752870366240778936
0.024936322611586958565
0.025647032558200913455
0.025634730255932779489
0.026262977356780708206
0.026038596978884934093
0.026597155888358904053
0.026139003358915977038
0.026651901079346997645
0.025926266600655312566
0.026439183868534133949
0.025383389191598991743
0.025993014389169576628
0.024460510538493421308
0.025428630414716766276
0.022910384930548148765
0.025573930120383801532
0.011401955735127442458
-0.0019742433513836897321
0.0010320688335817471043
-0.00067329271929555252165
0.00048498807101602173512
-0.00036868232793814802493
0.00028934239036346922524
-0.00023147111409388775429
0.00018718534281811881734
-0.00015206454352315232564
0.00012344651883713598855
-0.000099640031417630836303
0.000079527377922146589514
-0.00006234990020543165282
0.000047586645000678277701
-0.000034884410604238212758
0.000024019450544182111031
-0.000014883639913396626295
7.5014900742497446406e-6
-2.1306566596515458553e-6
0.001047074757531937468
0.0024384720725202024747
0.0038151376386558296968
0.005200315008590199748
0.0065411583770348064795
0.0079062197239394428049
0.0091927603496547241718
0.010525602320329506986
0.011740440476601103986
0.013029242594409436207
0.014155776687167970132
0.015389320690218513437
0.016411743146165756581
0.017579694845263731864
0.018483016012267951161
0.019576190616509587515
0.020346248460056467701
0.021356882567809941181
0.021980311258338949752
0.022902365363899484744
0.023366491982300124187
0.024196017734007391762
0.024488640395482279143
0.025224271171125703583
0.025333236812617630911
0.025976911804339499244
0.025889336161290890656
0.026447482147721718246
0.02614828044234957943
0.026633948803803865948
0.026102905098761267424
0.02654009668616960782
0.025745426917908927638
0.026179145868697732317
0.025061088684930940786
0.025585729512745221606
0.024003427864273827805
0.024873122102172533994
0.022335147058009939595
0.024843785427334249041
0.011035110882574345173
-0.0019030356336476076987
0.00099045912265048264207
-0.00064299418981450844145
0.00046063237137068113686
-0.00034799977501344412512
0.00027117145126387088392
-0.0002151434762561999804
0.00017228606067963071451
-0.00013832337031746581606
0.00011068349170216307614
-0.000087736560289770436213
0.000068410820310233794924
-0.000051986375761171337117
0.000037980166538438661183
-0.00002608283483134281487
0.000016131307428139741259
-8.1198792962266045736e-6
2.3046818994683907195e-6
0.0010483873692237678585
0.0024338729045258206555
0.0038241832104509427618
0.0051859039938764865699
0.0065617296752352295331
0.0078787694269263367233
0.0092277584493009946932
0.010482420796754154441
0.011792419802232602382
0.012967863002284088815
0.014227154984109861533
0.015307342123928424213
0.016504933571063763761
0.017474663931543420851
0.018600540545548404956
0.019445486608198991632
0.020490859861989220035
0.021197582928924651175
0.022155145791140704271
0.022711067906146622285
0.023575280848272411626
0.023968584792351897821
0.02473602420546262259
0.024955437255905354883
0.025625262294732829408
0.025659645355317412159
0.026234289191561798174
0.026071879800318654865
0.026558181218801420145
0.026185171205634427688
0.026596425964535760989
0.025994129984620737238
0.026354249657603452188
0.025492894315362723867
0.025846084546429687983
0.024668988532687654874
0.025107090154351264401
0.023479477823765404443
0.02424826175191370677
0.021697674762789303186
0.024044387787522531521
0.010637509202766909667
-0.0018265149512760919467
0.00094607126253943785061
-0.00061087764044329479307
0.00043495928191708800195
-0.00032630718544569518359
0.00025219965380366322235
-0.00019816856058625235599
0.00015685981257808924276
-0.00012415570450107159776
0.000097583966053646436293
-0.000075583896573874505212
0.000057137641626904378354
-0.000041573990412664509742
0.000028462507216679283144
-0.00001756327231108107073
8.8272977707797386401e-6
-2.5034060536455879815e-6
0.0010471339610676544335
0.0024382643755597618153
0.003815547050211540837
0.0051996606281964949643
0.0065420964877879708551
0.0079049612334354621481
0.0091943751639561200119
0.01052359494128889115
0.011742877778186430315
0.013026336148311045773
0.014159194104299310257
0.015385347089774303849
0.016416322391491498272
0.017574455256415224423
0.018488977039608500261
0.019569439271591709762
0.020353868474212539691
0.021348303977066743854
0.02198995249162582303
0.022891539971084380489
0.023378644718460721546
0.024182367337078812966
0.024503993088456515132
0.025206967651038300895
0.025352796557442275969
0.025954715699246261849
0.025914648601077558187
0.026418437536293595974
0.026181861902108442255
0.026594756863476247715
0.026149175238375113403
0.026484683580825924844
0.025812989100163832114
0.0260948705919998793
0.025169379463941615966
0.02544092202195259112
0.02420818707118034679
0.024558425652343382167
0.022890124644142265197
0.023555787976904141609
0.020999746827484380501
0.023177964238999388972
0.010210258884671676915
-0.0017448935548168972721
0.00089902696554072895752
-0.00057702972043004697982
0.00040803685235892100398
-0.00030366124688113527907
0.00023247643478829290243
-0.00018059151262624622372
0.00014095016408138775824
-0.00010960660853068695613
0.000084198582221586811593
-0.000063244255933342633791
0.000045791120809803760412
-0.000031233169161938299783
0.000019220979354516802604
-9.6430846923808056629e-6
2.73209050780762971e-6
0.0010483302283500704388
0.002434073328933722803
0.0038237882638182628127
0.0051865349545012255583
0.0065608257043830146593
0.0078799811733696491394
0.0092262050713045983468
0.010484349678533777032
0.011790080785872307058
0.012970648204886793019
0.014223885479926242862
0.015311136774371934965
0.016500569476598227874
0.01747964603682741199
0.018594886648334076395
0.019451872411065276412
0.020483674361739108378
0.021205645238077890634
0.022146118212786412376
0.022721163100342402228
0.023563998594323648247
0.023981194758784966957
0.0247219193345013483
0.024971237765424911485
0.025607522539035261125
0.025679623468930295656
0.02621170071164066385
0.026097547965097735302
0.026528831725944656096
0.026218987453437611987
0.02655709598464294693
0.02604040360075378167
0.026299022842943456582
0.025559997034088341668
0.025762673317914597788
0.024775792481995575757
0.024964779896770023659
0.023679975447960869583
0.0239412593609274126
0.022237015807171757838
0.0227976270921972412
0.020243311050116300074
0.022246928371953306719
0.0097545507540400023758
-0.0016583976506900093919
0.00084945484653212855609
-0.000541541213948166081
0.0003799358354301300156
-0.00028012061696386517653
0.00021205303800370545915
-0.00016245978348497799661
0.00012460442734972571073
-0.0000947278178923531884
0.00007059006170764169339
-0.000050801704324534445083
0.000034494314035113733164
-0.000021158795964917417227
0.000010592342272644350487
-2.9975242127707397387e-6
0.0010471893571070179407
0.0024380701043762663426
0.0038159297538039954871
0.0051990494998904838344
0.006542971530432783851
0.0079037891232339410414
0.0091958764078365577384
0.010521732723393073489
0.011745133262175044251
0.013023654062399757259
0.014162337734544933378
0.015381704794426599861
0.016420503262211133676
0.01756969243178621563
0.018494369440953906034
0.019563364519351623685
0.020360684582108731576
0.02134067997526489181
0.021998460052268353088
0.022882062088792475608
0.023389193249663461437
0.024170631143729407836
0.024517054639705534209
0.025192417183819624163
0.025369032162817281034
0.025936557010123729175
0.02593502229787657109
0.026395486064619997103
0.026207848416616977507
0.026565149630243013528
0.026183167070665272534
0.026445289864981921186
0.025859172671308049882
0.026039948555216789351
0.025235870957485054162
0.025358572412521105328
0.024313240865712288197
0.024418975691765033103
0.023085834420863686571
0.023257304052701616207
0.021521977754882522808
0.021975887511827898149
0.019430478978285786595
0.021253873518367664901
0.009271654954717730673
-0.0015672666878138670434
0.00079748990932531423443
-0.00050450658801474888731
0.00035072930581412507697
-0.00025574570308154193021
0.00019098264561514247408
-0.00014382396895864649422
0.00010787585810671737377
-0.000079582498032928488373
0.000056842827295462286055
-0.000038381335371122586165
0.000023449381915528746103
-0.000011708199034166555876
3.3086039577952816633e-6
0.0010482762662427786425
0.0024342625410555667121
0.0038234156341008933393
0.0051871297463929468824
0.0065599745234106897257
0.0078811205367819398113
0.0092247469767262634377
0.01048615661588011383
0.011787894707673351669
0.012973244442354565359
0.01422084684734443002
0.015314651750528355769
0.016496541975779849632
0.017484225044646841636
0.018589713708686833003
0.019457685890297413963
0.020477168681144433378
0.021212900876369569703
0.02213804750662708428
0.022730122880383893659
0.023554064929326420981
0.02399220031451979577
0.024709727663510931363
0.024984749865673688729
0.025592530591244913619
0.025696286368717659812
0.026193135307768694805
0.026118299717513490517
0.026505541198456791095
0.026245260599336763768
0.02652727225586618008
0.026074517992049796663
0.02625963317252039532
0.025606003998079560549
0.025708167007904697589
0.024841529328745545627
0.024883679972777740524
0.023783027050440764516
0.023805018567619122703
0.022427430787714814788
0.022508456650301930701
0.020747011219317841702
0.021092853540033401327
0.018563520256206274435
0.020201565405070204756
0.0087629174091000271959
-0.0014717525719972984218
0.00074327295157730114931
-0.00046602345795263320957
0.00032049223532493371983
-0.00023059852283434466478
0.00016932088463548836445
-0.00012473965002272750162
0.000090828138406397026424
-0.000064254926671552363855
0.000043083170713596003568
-0.000026191950696131066219
0.000013035211063871346243
-3.677194472047823004e-6
0.001047242195701694316
0.0024378848596061028954
0.0038162944712635598152
0.0051984675669137697254
0.0065438038777919862947
0.0079026756892445448817
0.0091973002133325365937
0.010519969885879370939
0.011747263746810857799
0.01302112687514497268
0.014165291563342819993
0.015378293069179774158
0.016424405900764906974
0.017565263621335208996
0.018499362456978956427
0.019557765880881604468
0.020366934350334361858
0.021333728643673724906
0.022006169308434125426
0.022873531405401028934
0.023398617492106147245
0.024160230738484174253
0.024528526590009679655
0.025179762609330603984
0.025382999871682763128
0.025921121389989767045
0.025952111216131983928
0.026376519412792866238
0.02622896768681784921
0.026541536739444125865
0.026209702648833504494
0.026415283059287315986
0.025893364774131325085
0.026000622116282237247
0.025281623862551320648
0.025304583003137287342
0.024378090319296220483
0.024339301559505193568
0.023186645696703994433
0.023124604255694523197
0.021706613535664505532
0.021696792229633537514
0.019914286252544043747
0.020150978522825932609
0.017644856637157028753
0.019092934271556161289
0.0082297560677613194394
-0.0013721187915072831577
0.00068694985808023210614
-0.0004261919439413725617
0.00028930104132705779831
-0.00020474279170003764932
0.00014712716700362455439
-0.00010527139581703933927
0.000073544874373067206688
-0.000048871451611882626299
0.000029525408552034327867
-0.000014634621546971190985
4.1194365977033544819e-6
0.0010482242338486858304
0.0024344449336843972247
0.0038230566233861918655
0.0051877023624480027706
0.0065591558999269688605
0.0078822149500874945663
0.0092233485112888158292
0.010487886602547084133
0.011785805981513712972
0.012975719321749163089
0.014217957806846298276
0.015317983935426220981
0.016492736302083320688
0.017488536320498926447
0.018584862501765626961
0.019463114075219105976
0.020471123175803934652
0.021219608015135631626
0.022130629650347254406
0.022738306270199592462
0.023545054291885404294
0.024002108241792112833
0.024698842304500949485
0.024996705115279154799
0.025579397870731457775
0.02571072284885835246
0.026177245428376352155
0.026135822072921070727
0.02648616976178261806
0.026266746174818734023
0.026503344030436228172
0.026101301828732786256
0.026229466289415775783
0.025640239823822291972
0.025668951620702587444
0.02488696269641394239
0.024830295902744319549
0.023846870105727313856
0.023726931185051178018
0.022525780846945498505
0.022379609079284037961
0.020925409848284611339
0.02082455719415122918
0.019026137074072874901
0.019152877294507523672
0.016677055739090037173
0.017931066442730927177
0.0076736569590279208099
-0.0012686394251139620683
0.00062867073353980151643
-0.00038511388477072578975
0.0002572331742395094001
-0.00017824459568275940559
0.00012446794303877888595
-0.000085501713901753430525
0.000056150978034618036223
-0.000033650081995744836217
0.000016592767278857333812
-4.6577964545543098314e-6
0.0010472937550571972712
0.0024377041489351774849
0.0038166500868565875683
0.0051979005614338881248
0.0065446141127921999913
0.0079015931019325877603
0.0091986826285402527399
0.010518261115929623157
0.011749324962590754961
0.013018687143987445735
0.014168136220288948072
0.015375016395726849847
0.016428142698304188101
0.017561037225762626869
0.018504109667496683356
0.01955246447778953932
0.020372825958488554371
0.021327207635026773637
0.022013362739089983322
0.022865617940763301394
0.023407304111903633273
0.024150711217312859621
0.024538946752539353712
0.025168364376119046532
0.025395465415829849197
0.025907484801281371538
0.025967040505495317525
0.026360153408646579041
0.02624694258903810837
0.026521744866589108719
0.02623156586883177005
0.026391033521048342231
0.025920396181259623193
0.025970304158211307323
0.025315883977121193367
0.025265511308814972662
0.024423154575413775897
0.024286594482624332165
0.023249381261785905608
0.02304824512938142684
0.02180230318798806603
0.021572082860309056009
0.020086021193443338398
0.019894161442681704358
0.018085056924650383546
0.018101317796185507587
0.015662824665684306759
0.016719195325102945291
0.0070961700501336994763
-0.0011615979819877457506
0.00056858879452713437074
-0.00034289187511215942791
0.00022436695044501496426
-0.00015117455838489368035
0.00010142458815771896852
-0.000065552239341918915099
0.00003886535744896865778
-0.000019035045900908242875
5.3243863648423885963e-6
0.0010481727869880075553
0.0024346252280259677524
0.0038227019053424941215
0.0051882677558119984065
0.0065583483089031640001
0.0078832934387259365101
0.0092219721981885058291
0.010489586571304037877
0.011783757131395760254
0.012978142062094342325
0.014215136051093443572
0.015321230253549314079
0.016489039156207348064
0.017492711580104410565
0.018580180501839771843
0.019468333132298233002
0.020465334662959254753
0.02122600091136615957
0.022123594394968000492
0.022746025519416429638
0.023536605028147003164
0.024011338801407240094
0.024688772844272405496
0.025007678707867436599
0.025567445672426195113
0.025723739387395993964
0.026163065001749750694
0.026151283009528037486
0.026469290404278723894
0.0262852086713756274
0.026483099544075079786
0.026123571162336498809
0.026204871707256593253
0.025667536513807784544
0.025638472509544016697
0.024921247471503138044
0.024791379946279470966
0.023891537160347113534
0.023674950231255977976
0.022587331637500685244
0.022305094215951136778
0.021018267811842876879
0.020704240352662789757
0.019190819867844271672
0.018908169211061398058
0.017093693247052373901
0.01699921163458240651
0.014605003698221907603
0.015460691752627170903
0.0064989049328246250467
-0.001051285981573134683
0.00050685888745799107215
-0.00029962813009102056689
0.00019078224952137712726
-0.00012361396129331107409
0.000078113414265245076229
-0.000045638670981188864148
0.000022150216460311776869
-6.1665649334494566533e-6
0.0010473454930604990648
0.0024375228547511652214
0.0038170066994050360225
0.005197332316311051879
0.0065454254616067603728
0.0079005101195827068701
0.0092000638718905372476
0.010516556222711166541
0.011751378129546493556
0.01301626147538072741
0.014170958532563839186
0.015371773105419131148
0.016431831757791731102
0.017556876885254761435
0.018508767795890766494
0.019547280764833307689
0.020378564667832202188
0.021320882535462632663
0.022020308025673343459
0.022858015777322673739
0.023415603312705820658
0.024141670659683749606
0.02454877797384193515
0.025157687190304672616
0.025407051095600053426
0.025894919340904050263
0.025980667701410557762
0.026345369440268203534
0.026262994530577847346
0.026504293606553149664
0.026250573145011313166
0.026370281271344484031
0.025943123924194958045
0.025945316098153165894
0.025343489267805869595
0.025234834425420603511
0.024457491903193980761
0.024247817747436294894
0.023293652718936045778
0.022997008460119478131
0.021862624393866391372
0.021499493893700700256
0.020175913159814859902
0.01977845055313321379
0.018242346662630975149
0.017869287994167834384
0.016054843768411982037
0.015849603134909367602
0.013506560427394363082
0.014159053522402840068
0.0058835263484283408563
-0.00093800110048418980815
0.00044363541359308834024
-0.00025542336597138897321
0.00015656397744054341707
-0.000095672076716663134024
0.000054741128026049171352
-0.000026235104295439092336
7.2568355264071436567e-6
0.0010481202884717934321
0.0024348091681154334122
0.0038223401556054567146
0.005188844030961233947
0.0065575257874532168356
0.0078843908477554963827
0.0092205733005611197396
0.010491312176045202901
0.011781680520268622323
0.012980593414731089816
0.014212286493388092913
0.015324501465291157646
0.016485322617203483549
0.017496897577113359093
0.018575500220944813242
0.019473533468825561059
0.020459587280896463674
0.021232323849737999957
0.022116665525631167632
0.022753592953089512757
0.023528363677504066191
0.024020292684332706535
0.024679063903211902568
0.025018189923296929553
0.025556079328584134206
0.025736020513116814421
0.026149801203752649665
0.026165607403250415077
0.02645381519132523973
0.026301940119458606773
0.02646498751937273198
0.026143211910312925181
0.026183523817739207777
0.025690808935222518282
0.025613007288572369268
0.024949241237020045102
0.024760430771650973191
0.023925994220662653479
0.023636255467159971127
0.022631251363304112045
0.022254576075642674528
0.021077360401722864906
0.020633610917293990061
0.019277662404963590185
0.018797222666716274812
0.017243310888350784852
0.01678035440135958837
0.014971454576232150267
0.0146556559955125372
0.012370585037291005222
0.012817893776344212327
0.0052517495721092968376
-0.00082204454604420887181
0.00037906932260789054485
-0.00021037664593521299183
0.00012181456811840743872
-0.00006753900255749723638
0.000031782726838135327763
-8.7113634300922809105e-6
0.0010473993217496833191
0.0024373342717241576525
0.0038173775177663716808
0.0051967417391318976222
0.0065462681250851742781
0.0078993862878072299417
0.0092014957606872535308
0.010514790921271923344
0.011753501125618872634
0.013013757229490520137
0.014173867137136994345
0.015368437238446390146
0.016435617804866619737
0.017552617517212430376
0.018513524057410226773
0.019542003390080815295
0.020384388252781523315
0.021314486514532271681
0.022027304118315259192
0.022850390247719852489
0.023423889742602947862
0.02413268933771458111
0.024558491216129792622
0.025147201357297693465
0.025418354560770271763
0.025882747945950414972
0.025993763664548771449
0.026331284588458518322
0.026278141948299297467
0.026487998476906569489
0.026268115293683215563
0.026351375163534003961
0.02596353309809159481
0.025923236582040439606
0.025367442639137225481
0.025208756421689875735
0.024486007938856159331
0.024216465811174805153
0.023328354725055118094
0.022958278241828608116
0.021906298646668446624
0.021449603810330765036
0.020233845313659037944
0.019709744277678184287
0.018326129707603851371
0.01776318630020860493
0.016196595211045279006
0.01564431460912698072
0.013846622406333120606
0.01342063566259718401
0.011200288225909669844
0.011440927463247383076
0.0046053356884025073402
-0.000703716951407244981
0.00031330379083542707172
-0.00016459029543126331202
0.00008669885971752099339
-0.000039672003620050111769
0.000010727121216153385317
0.0010480644034689977549
0.002435004938918517708
0.0038219552614567343578
0.0051894568920534384743
0.0065566515791619828588
0.0078855563330501824544
0.0092190889787546010679
0.010493141196082518139
0.011779482174994052134
0.012983184822189059821
0.014209278902981947187
0.015327947973918391933
0.016481414635677686491
0.017501289596623758969
0.018570601401996116609
0.019478962233125873362
0.020453604844282365828
0.021238884477902622133
0.022109501162170172875
0.022761387880360554545
0.02351990977678234749
0.024029435891341940612
0.024669198734384778805
0.025028812503650533796
0.025544660530979814765
0.025748278365371379051
0.026136656607941176799
0.026179692286734627547
0.026438729380748893651
0.026318096138649363641
0.026447681419135440823
0.026161761036647196623
0.026163622450672356274
0.025712192197485145184
0.02558998652200068942
0.024974088475451292875
0.024733524627833647921
0.023955249228526886621
0.023604284139592223926
0.022666413020906577179
0.022215600071778388142
0.021120991843250342545
0.020584158422514409216
0.019334606021887213649
0.018730295521842584188
0.017324136399002718169
0.016679060753226705396
0.015105270511805183211
0.014464194324525124936
0.012683606008393196308
0.012147883167420761781
0.0099990051380189531351
0.010031954063144209195
0.0039460868282703665368
-0.00058331125087855814145
0.00024646905542748355709
-0.00011819855141728993408
0.000051626621440948794549
-0.000013663285183100454144
0.0010474582441028903904
0.0024371278757883619534
0.0038177832481420224629
0.0051960958239008038169
0.0065471892520063500225
0.0078981586347198025626
0.0092030586698038749968
0.010512865913448996911
0.011755813663360350202
0.013011032792473622052
0.014177027054304162053
0.01536481882291589499
0.016439717370465439594
0.017548014337845935413
0.018518653295783412656
0.019536325498532063808
0.020390637711614878477
0.021307642074413569531
0.022034767647793050605
0.022842282612717800381
0.023432667647501459968
0.024123213576859279372
0.024568694156227318627
0.025136239809230936681
0.025430108685085053507
0.025870164220879664959
0.026007217691659926853
0.026316915129294072255
0.026293477317606718805
0.026471640236962672403
0.026285561260112755024
0.026332766941647229207
0.025983390038378001489
0.025902029617909246224
0.025390119563929497601
0.025184465964409993919
0.024512085843625105333
0.024188387055939403378
0.023358699922907655877
0.022925330805181949343
0.02194228048981782899
0.021410019960178997598
0.020277794384479734113
0.019660374941681701443
0.01838242695187701199
0.017697717555013398204
0.016274748507009436533
0.015547601632388696248
0.013972632856188164343
0.013243046200811787298
0.011485858303003822845
0.010840769868226982903
0.0087702138346702153521
0.0085948318254600174187
0.0032758415765862977546
-0.00046109903016222472784
0.00017868442185935928176
-0.000071521002929054503437
0.000018241535247368888312
0.0010480010185064175987
0.0024352269529552890325
0.0038215188779431875166
0.0051901514939513668503
0.0065556612324403357473
0.0078868758896467273944
0.0092174096055036322192
0.010495208874286008233
0.011776999321481873288
0.012986108467237945203
0.014205889823870490927
0.015331826383469220809
0.016477023551922195973
0.017506216317739654837
0.018565116301680880204
0.019485028386432204902
0.020446934879545973527
0.021246181254063403751
0.022101554167376825783
0.022770009087218660659
0.023510589580895988463
0.024039480857922407844
0.0246584019592147993
0.025040389671196996568
0.02553227250406639483
0.02576150999864048738
0.026122545870131430836
0.026194720943112921027
0.026422739993244344167
0.02633509390120347231
0.026429621780857463071
0.026180943182659208672
0.026143248433169917291
0.025733838213235564594
0.025566975010156185332
0.024998575743332407873
0.024707430112079803663
0.023983109697169909489
0.023574463661172201857
0.022698434200411851509
0.022181074893451767313
0.021158410078811090107
0.020543337818881375792
0.019379511580692860776
0.018680364568175240338
0.017380431995629288108
0.016614414719574669629
0.015181364334532990386
0.01437149471832773389
0.012802293882639617293
0.011983842756449528902
0.010257111060725401722
0.0095026035616694166718
0.0075175928687570148544
0.0071334293600932092019
0.0025964713752489655484
-0.00033730290655674028205
0.00011013789793214528562
-0.000026124787823781840366
0.0010475283751320886223
0.0024368822452139337558
0.003818266007441896849
0.0051953275064726705329
0.0065482845093025519325
0.0078966996107792796224
0.0092049150543685068381
0.010510580997887523105
0.011758556400525329751
0.013007804431204596814
0.014180767652294488516
0.015360540327212156521
0.016444558672082793894
0.017542585902063727874
0.018524692770212469264
0.01952965135835164057
0.020397970009276071573
0.021299628120769975368
0.022043486909068912235
0.022832834084469475124
0.023442869876500743942
0.024112232555568662899
0.024580479923942814434
0.025123622246270402966
0.025443586453040728172
0.025855796168444718182
0.026022508139595487868
0.026300667715363506791
0.026310719238296611611
0.026453362683267730867
0.026304919906250357002
0.026312276493215565429
0.026005069385457575348
0.025879096467735718616
0.025414381027984185338
0.025158789767944850326
0.024539278081576376597
0.024159558657217088469
0.023389308641353331856
0.022892766473434512556
0.021977016670654734418
0.02137284090728726715
0.020317762134237082169
0.019617168137256984299
0.018429473276252286958
0.017646008659864419032
0.016332286022101054357
0.015482515536140120912
0.014047935821340922989
0.013153108113151551326
0.011598418819053164083
0.010689216303863864329
0.0090016127664642298541
0.0081363885651725603976
0.0062452025712053613254
0.0056515036328114544122
0.0019098823633718937857
-0.00021205504802547492504
0.000042046468070930988214
0.0010479199016822898832
0.0024355110496536983818
0.0038209605571602218573
0.0051910399774848583804
0.0065543948457747525624
0.0078885625967008951805
0.0092152639626139388825
0.010497849194353663172
0.011773830836740971492
0.012989836793771892218
0.014201571454399178196
0.015336763784844141288
0.016471439125177503757
0.017512474952604335714
0.018558156923349609689
0.019492714545532198664
0.02043849625928871561
0.02125539779647267267
0.022091534323346392231
0.022780857672648255978
0.023498886604662345553
0.024052064244413433364
0.024644911597527125259
0.025054814313361418745
0.025516885316420177242
0.025777889206498822051
0.02610514366959505853
0.026213178941677707677
0.02640319116470073092
0.026355771285045366993
0.026407774864626323051
0.026204004534282126909
0.026118922995729933526
0.025759483145235623081
0.025539948159755855732
0.025027055530739862873
0.024677415765264097739
0.024014753417484549841
0.023541079181273246997
0.022733691881420910489
0.022143784466233319492
0.021197928215147565632
0.020501349918797197456
0.019424275179376227164
0.018632430642500461084
0.017432057420155318606
0.016558390176042524127
0.015242781115209656203
0.014303234428694250656
0.012879628351117149461
0.011893774659424819001
0.01036646570533503216
0.0093606663896047659725
0.0077249214968494326599
0.0067440312435702714629
0.0049581678230489369382
0.0041522608808125386949
0.0012180597920663211921
-0.000085830085677708000888
0.0010476307822458573718
0.0024365235929747071594
0.0038189708137902435786
0.0051942059932316472067
0.0065498828911633255202
0.0078945709668666466913
0.009207622499108284786
0.010507249904202694812
0.011762553076024738101
0.013003102604694680709
0.014186212248366292574
0.015354316970831947431
0.016451595413778596091
0.017534702295535004341
0.018533455766886083979
0.019519977228976406673
0.020408586389566611969
0.021288038845008745248
0.022056079398525259114
0.02281920824165428223
0.023457559185489626916
0.024096449535380401624
0.024597387202467571926
0.025105559675671312773
0.025462836039307267508
0.02583532692624307997
0.026044230850710885753
0.026277656257600051504
0.026335056521544765668
0.026427660303673296325
0.026332029303464845821
0.026283714964480469617
0.026035131999297520151
0.025847479196317269498
0.025447612095609295743
0.025123879036180432044
0.024575942518307671202
0.024121056489358914644
0.023429744856098154071
0.022850284636311032249
0.0220216748523352866
0.021325851338931610534
0.020367269467573200048
0.019564915604434623464
0.01848475329339865753
0.017587343899752810351
0.016394798066020579983
0.015415541002337474284
0.014120218143367315658
0.013074309158078479058
0.011685552453041324731
0.010590829266126423971
0.0091163699192715898451
0.0079950926891512274164
0.0064376166304276965789
0.0053224250001235900553
0.0036664760539041605593
0.0026356835282900647668
0.00052387307113530585068
0.0010477461422706117014
0.0024361195841326423843
0.0038197647267437875714
0.0051929427504979310969
0.0065516831531725955092
0.0078921736565407330737
0.0092106713768050146803
0.010503499144218593675
0.011767052696856681713
0.012997809865649250093
0.014192340100267398953
0.01534731391805584162
0.016459512135522638879
0.017525834818200054392
0.018543309909435461346
0.019509101508080004752
0.02042051776934335383
0.021275018405533819334
0.022070221765148690345
0.022803911470254884916
0.023474042593481009597
0.024078747357303220194
0.02461634033968099289
0.025085323171498451405
0.025484388712696958425
0.025812424695445741073
0.026068516824187695692
0.026251951323914369525
0.026362216929563965981
0.026399006310995210708
0.026362216929563965981
0.026251951323914369525
0.026068516824187695692
0.025812424695445741073
0.025484388712696958425
0.025085323171498451405
0.02461634033968099289
0.024078747357303220194
0.023474042593481009597
0.022803911470254884916
0.022070221765148690345
0.021275018405533819334
0.02042051776934335383
0.019509101508080004752
0.018543309909435461346
0.017525834818200054392
0.016459512135522638879
0.01534731391805584162
0.014192340100267398953
0.012997809865649250093
0.011767052696856681713
0.010503499144218593675
0.0092106713768050146803
0.0078921736565407330737
0.0065516831531725955092
0.0051929427504979310969
0.0038197647267437875714
0.0024361195841326423843
0.0010477461422706117014
0.00040832304535265812179
0.0021501798083770176564
0.0052788174331345341089
0.0097862130216421557752
0.015659889159109234323
0.022883495311524472068
0.031436904823273070297
0.041296280605922359324
0.052434144128263957318
0.064819452853558869518
0.078417687091563899265
0.093190946355894214282
0.10909805506881954718
0.12609467736067988406
0.1441334406614011342
0.16316406774753138649
0.18313351688057495124
0.20398612964798492777
0.22566378609580180781
0.24810606672114101062
0.27125042087336665489
0.29503234109479051664
0.319385542915102595
0.34424214959849314984
0.36953288132859414419
0.39518724830398172754
0.42113374720607101594
0.44730006049182792808
0.47361325795584499802
0.5
0.52638674204415500198
0.55269993950817207192
0.57886625279392898406
0.60481275169601827246
0.63046711867140585581
0.65575785040150685016
0.680614457084897405
0.70496765890520948336
0.72874957912663334511
0.75189393327885898938
0.77433621390419819219
0.79601387035201507223
0.81686648311942504876
0.83683593225246861351
0.8558665593385988658
0.87390532263932011594
0.89090194493118045282
0.90680905364410578572
0.92158231290843610074
0.93518054714644113048
0.94756585587173604268
0.95870371939407764068
0.9685630951767269297
0.97711650468847552793
0.98434011084089076568
0.99021378697835784422
0.99472118256686546589
0.99784982019162298234
0.99959167695464734188