0.059231721264047271879
-0.019570364359076037493
0.011254400818642955553
-0.0055937936608121848768
0.0015881129678659985394
0.1281510056700452835
0.11965716762484161701
-0.024592114619642200389
0.010318280670683357409
-0.0027689943987696030443
0.11377628800422460253
0.26000465168064151859
0.14222222222222222222
-0.020690316430958284572
0.0046871545238699412284
0.1212324369268641468
0.22899605457899987661
0.30903655906408664483
0.11965716762484161701
-0.009687563141950739739
0.11687532956022854522
0.2449081289104954189
0.27319004362580148889
0.25888469960875927151
0.059231721264047271879
0.11846344252809454376
0.23931433524968323402
0.28444444444444444444
0.23931433524968323402
0.11846344252809454376
0.046910077030668003601
0.23076534494715845448
0.5
0.76923465505284154552
0.9530899229693319964