0.0007271556382887852396
-0.00027687722124156199195
0.00021250128678132343891
-0.00017928716866278383181
0.00015769715513424647853
-0.00014201189615010812439
0.00012982081746782555908
-0.00011989928511228500237
0.00011154835227356716809
-0.00010433576316670627451
0.000097977973435787594488
-0.000092280410263462667709
0.000087104723171639747336
-0.000082349681647857570827
0.000077939461772883008594
-0.000073816161585660539472
0.000069934850203272551513
-0.000066260194982934152626
0.00006276410457486509062
-0.000059424044999667723248
0.000056221812947443461812
-0.000053142626676398503281
0.000050174441952645839134
-0.000047307430332793318379
0.000044533576492263497438
-0.000041846364182488965965
0.000039240529120845906909
-0.000036711863130377176272
0.000034257058065107987552
-0.000031873581067612021594
0.000029559574893093642662
-0.000027313778656398565585
0.000025135465592302208955
-0.000023024395391404461758
0.000020980779479005812799
-0.000019005258320702503774
0.000017098890539972930854
-0.000015263154402584119001
0.000013499963170581657211
-0.000011811697123603695966
0.000010201256971949458727
-8.6721464621553840261e-6
7.2285972085239038758e-6
-5.8757582680339988164e-6
4.6199914245318741248e-6
-3.469352226480665194e-6
2.4344291745163750769e-6
-1.5299670649631787835e-6
7.7857347072730459131e-7
-2.2231252420839392204e-7
0.0015734466690408563901
0.0016899497989363503757
-0.00046093354335166547465
0.00032508062458806806126
-0.00026592196493476585259
0.00023078192247628653195
-0.00020649245566128733171
0.00018813994041312815265
-0.00017344373339371347266
0.00016118641124424901693
-0.00015065171462199988484
0.0001413871257443036337
-0.00013309086874821250006
0.00012555303156821076535
-0.00011862262576041990285
0.0001121880698378600476
-0.00010616506726357441615
0.00010048877440494381598
-0.000095108568203370760408
0.000089984449013389414263
-0.000085084505523669045323
0.000080383089145155586519
-0.000075859474176668450599
0.000071496857978920598385
-0.000067281603879814306984
0.000063202660510705749632
-0.000059251111533664026177
0.000055419823259426455971
-0.000051703166887075782793
0.000048096798512061560232
-0.000044597484594348616086
0.000041202963865835637553
-0.000037911839092899283609
0.000034723493975266895902
-0.000031638031957117436351
0.00002865623500599679364
-0.000025779541616197197919
0.000023010044557453421987
-0.000020350510394994056944
0.000017804424815298597747
-0.000015376070737912211105
0.000013070650861794500302
-0.000010894474204878029506
8.8552405068332302799e-6
-6.9624841816290318582e-6
5.2282984088314634439e-6
-3.6685991340422207384e-6
2.3055709363974851639e-6
-1.1732522527545159671e-6
3.3500645369333308541e-7
0.001395949234035863327
0.003674107044245418619
0.0026476370959127423159
-0.00063494614682718675285
0.00042371155718297921359
-0.00033697979433735712834
0.00028780465201010973709
-0.00025498212068774681654
0.0002308106246483467407
-0.00021181211715997715728
0.00019617851120252209384
-0.00018287198523345631735
0.00017125143461140456662
-0.000160897831496470844
0.00015152485078793881763
-0.00014292974502500354532
0.00013496473114586274893
-0.00012751950509459333413
0.00012051011613978611932
-0.00011387163971438536724
0.00010755320652143977386
-0.00010151454205496254201
0.000095723502610934570374
-0.000090154285698579972142
0.000084786107382630883883
-0.000079602209629104657615
0.000074589105308997553904
-0.000069735997375568035
0.000065034327832182822348
-0.000060477425013877193775
0.000056060226602804376853
-0.000051779062058462592463
0.000047631482651410358856
-0.000043616130628610896777
0.000039732641611058813154
-0.000035981576422418579242
0.000032364380406249629543
-0.000028883370129707125993
0.00002554174944552285066
-0.000022343659540346235715
0.000019294271395110466235
-0.000016399935015697884093
0.000013668409773345250239
-0.000011109218191596947711
8.7342004450847127233e-6
-6.5584207499490911133e-6
4.6017514337807662289e-6
-2.8919398893668977962e-6
1.4716137443508733495e-6
-4.2019511639324186028e-7
0.0014905733674824466793
0.003227093337682353325
0.0057628710741815692223
0.0035952056903713936048
-0.00080427008804284983667
0.00051686733850249317064
-0.00040189694654465339063
0.00033828413613880077095
-0.00029672628042251897033
0.00026666979010484664114
-0.00024339323645863339125
0.00022446704927287255884
-0.00020851148230243390452
0.00019468337149613113366
-0.00018243746653226150629
0.0001714050129626791382
-0.00016132744315833350695
0.00015201801780158194784
-0.00014333855170219747156
0.00013518471238603195033
-0.0001274764089651427711
0.00012015131937938975352
-0.00011316041691351685371
0.00010646480746731963363
-0.00010003344836602033508
0.000093841473749147765581
-0.000087868946073252402219
0.000082099912705284303125
-0.000076521684882734128078
0.000071124281546180639165
-0.000065899997521211631134
0.000060843067180489702331
-0.000055949402894613056959
0.000051216393465606281636
-0.000046642752113603426439
0.000042228406999346978512
-0.000037974430119060086931
0.000033883003049220663333
-0.000029957420800255426418
0.000026202138408302627322
-0.000022622869535127098153
0.000019226753441468710945
-0.000016022618504419310018
0.000013021391624141966543
-0.000010236743863691386518
7.6861493388469086781e-6
-5.3927390393560714237e-6
3.3888931125353756315e-6
-1.7244488640960820124e-6
4.9238042346373465283e-7
0.0014289915247219005456
0.003479128051969544451
0.0050475679343141160024
0.0078288716399328978528
0.0045288901783723475878
-0.00096957043080786320012
0.00060637299545730566144
-0.00046306856008371816872
0.0003848840497217493725
-0.00033449152141556242728
0.00029849427364437814957
-0.00027092214953287205935
0.0002487164281617145491
-0.00023014849180323565232
0.00021416750461418761055
-0.00020009764766576854879
0.00018748442850617382671
-0.00017601095578819068276
0.00016544964107532796959
-0.00015563298410874897232
0.00014643518067692371081
-0.00013776014151299651585
0.00012953345367043349595
-0.00012169684645761413904
0.00011420429457077136147
-0.00010701921893934188336
0.00010011244051597872093
-0.000093460661319751965988
0.000087045321802708053701
-0.000080851731687039079255
0.00007486840303095781238
-0.00006908653551032599494
0.000063499618465907534092
-0.000058103124489773870954
0.000052894276707016063272
-0.00004787187745058148797
0.000043036190434423327488
-0.000038388872354515344386
0.000033932953594941368872
-0.000029672871965628503467
0.000025614568969765976355
-0.000021765666365080400832
0.000018135754319774016057
-0.000014736846559506681978
0.000011584104396840522103
-8.6970296864642633308e-6
6.1015583844424213994e-6
-3.8341221324138399122e-6
1.950933119769182224e-6
-5.5703691927496214825e-7
0.0014732761247076918632
0.00330827324174056943
0.0054591291491997776036
0.0068491398197162931834
0.0098642135938811964687
0.0054450607925311982454
-0.0011306572631286147734
0.00069267130265317422069
-0.00052126890195990556501
0.00042856956513186027312
-0.00036935177368494432126
0.00032741548129186402731
-0.00029555482344604448311
0.00027008574341573560764
-0.0002489311826611289089
0.00023083184993854212796
-0.00021498021656235547554
0.00020083489376258478342
-0.00018801961759037872084
0.00017626504744673452476
-0.00016537360993468614147
0.00015519740108490678836
-0.00014562381648427719846
0.00013656592843907893087
-0.00012795587508203765423
0.00011974021567724751072
-0.00011187660230336413414
0.00010433135308798872564
-0.000097077655777113555604
0.000090094220526814781493
-0.000083364258708619482509
0.0000768747025726336372
-0.000070615606165216913734
0.000064579685442320401606
-0.000058761967873264570277
0.000053159530816075248665
-0.000047771314797934313467
0.000042598003452355240746
-0.000037641966997414397083
0.000032907271552030915804
-0.00002839976327234122954
0.000024127245825091072123
-0.000020099784992505035739
0.000016330201109294894217
-0.000012834861703494274721
9.6349955725109332023e-6
-6.759006224521752993e-6
4.2469669270292857339e-6
-2.1609030993705082667e-6
6.1697250796579433256e-7
0.0014394220916939936738
0.0034349394426092055601
0.0051750877510458910874
0.007418307881231440395
0.0086246378069657272909
0.011861152187424941365
0.00634016839250309761
-0.0012871014570009072369
0.00077578083573936728767
-0.00057674089944536731952
0.00046971962586163245115
-0.00040177261155527710328
0.00035395423317027981423
-0.00031784621755377076048
0.00028914947110870902086
-0.0002654432335397197928
0.00024526192700242718667
-0.00022766723750272399559
0.00021203118921721364081
-0.00019791815227555384385
0.00018501689793062170905
-0.0001730995839901277963
0.00016199599441402004852
-0.00015157680249505327072
0.00014174237429593116479
-0.00013241508538539583396
0.00012353392964787560411
-0.00011505066162686933006
0.00010692698842185336608
-0.00009913249491521424023
0.000091643091339901787909
-0.000084439839822359637824
0.000077508060985780142353
-0.000070836651575037199434
0.000064417564627159349168
-0.000058245418271240749683
0.000052317209961272409162
-0.000046632121319846312526
0.000041191405946782191113
-0.000035998359574415256844
0.000031058380056333088212
-0.000026379135677145594948
0.000021970877392595386587
-0.000017846960327126972218
0.000014024696552147241159
-0.000010526780285906661105
7.3838072375215275328e-6
-4.6391793355899228539e-6
2.3603335097141951051e-6
-6.7389231473330812146e-7
0.001466402315734481025
0.0033358061089516851992
0.0053888983324185709464
0.0070217463567309460048
0.0093486221028097042919
0.010367063901516869668
0.013812041779889797073
0.0072107483951337995075
-0.0014383951612100025193
0.0008555608668150550517
-0.00062951605387874958365
0.00050846995408561974836
-0.0004319587203129674304
0.00037836237051855671353
-0.00033808061504375153899
0.00030621392697979920211
-0.00028000541554580169441
0.00025778734190236773642
-0.00023849292667565731203
0.00022140893368440319673
-0.00020604112803379978861
0.00019203682342999364892
-0.0001791381437052208349
0.00016715267884086987266
-0.00015593442874095041726
0.00014537106209032204022
-0.00013537517891018428021
0.0001258781844480654901
-0.0001168259097463257611
0.00010817542736030219373
-0.000099892702015915035533
0.000091950836020282546738
-0.000084328746388765126299
0.000077010161402942371095
-0.000069982858487477351579
0.000063238088910801573457
-0.00005677015168739161242
0.000050576091714760988064
-0.00004465550742842942579
0.000039010462605028977234
-0.000033645506951882410091
0.000028567822915928337537
-0.000023787535321255875513
0.000019318253080928552915
-0.000015177973936083419403
0.000011390612335278182807
-7.9887143560040144103e-6
5.0187562753496484532e-6
-2.5532876038880639614e-6
7.2895557146938790692e-7
0.0014442394199163872013
0.0034162954102842477979
0.005219393155304853195
0.007322875652428914722
0.0088413387725233209859
0.011242560252294985817
0.012069593303205247521
0.015709383188051485049
0.008053432055894504162
-0.0015840073317829248793
0.00093180503993974657891
-0.0006795319127358133914
0.00054484345252239526728
-0.00045998994366382978122
0.00040075980946619901289
-0.00035640682554962657944
0.00032144891748710474475
-0.00029280272918457546164
0.00026860391248522039857
-0.00024766055727712978037
0.00022917623814891309016
-0.00021259943462076399914
0.00019753685988116811566
-0.00018370116885517091517
0.00017087813460613034265
-0.00015890533798897863919
0.00014765792401725046699
-0.00013703883805203653189
0.00012697198363691642913
-0.00011739733448179351084
0.00010826738359664785113
-0.000099544526746545340401
0.000091199111790774409807
-0.000083207971903735299282
0.000075553317608714909923
-0.000068221901004680344865
0.000061204392309716889053
-0.000054494928216968698154
0.000048090806505440785741
-0.000041992314110057741496
0.000036202688515517722546
-0.000030728227441453290577
0.000025578583368406737143
-0.000020767315236660657227
0.000016312836485385054529
-0.000012240037780463178955
8.5831894899445309959e-6
-5.391623846424468274e-6
2.7427739679866744487e-6
-7.830202269362802948e-7
0.0014628695044594197419
0.0033491722198634084454
0.0053585346789685252138
0.0070822627974001638145
0.0092286638749345772987
0.010626884342645527517
0.01309281860934555531
0.013725584466896213529
0.017545866318229434276
0.0088649589037865385402
-0.0017234073067697406038
0.0010042806466219890873
-0.00072668237687813584794
0.00057880741246511833306
-0.00048588231545165904572
0.00042119723896236594432
-0.00037290108436928220781
0.0003349498688892193551
-0.00030394513453165966431
0.00027783260542527400098
-0.00025529936842577322972
0.0002354684585176757614
-0.00021773282333097638488
0.00020165976585768028993
-0.00018693329763915008477
0.00017331795859539265535
-0.00016063533127999869983
0.00014874834658311021338
-0.00013755052861813633905
0.00012695846090298102863
-0.00011690640729425240032
0.00010734240765176681017
-0.000098225404429471558503
0.0000895231046740178264
-0.000081210377368752483948
0.00007326804906490588715
-0.000065682003483851931694
0.000058442520802421448901
-0.000051543814554241813206
0.000044983741972938640616
-0.000038763680074373378412
0.000032888577980423618114
-0.000027367220524070579481
0.000022212777486357222033
-0.000017443785040598573682
0.000013085855342303294452
-9.1747598796513320937e-6
5.7624890581819486017e-6
-2.9311797081052250314e-6
8.3676660042015312916e-7
0.0014469223699008445322
0.00340630375058026026
0.0052414057709273930988
0.0072811634635753874676
0.0089175790225106317552
0.011098698997266280763
0.012371475231065994781
0.014892269744740875631
0.015328593901642211869
0.019314406008990795035
0.0096421891531469188112
-0.0018560766564726170097
0.0010727473971750304927
-0.00077084189271504252318
0.00061030144507985146195
-0.00050961834601067392401
0.00043968771332861398158
-0.00038759918592700936074
0.0003467699558982686526
-0.00031349929288556346888
0.00028555062805091804907
-0.00026149483047046893235
0.00024037751940313076261
-0.00022153821818124250325
0.00020450628119621108356
-0.00018893811470883099318
0.00017457777906538214408
-0.00016123141729403942148
0.00014875016988063612233
-0.00013701846929139174313
0.00012594584341753595354
-0.00011546106660408399234
0.00010550791798390204204
-0.000096042064230275967382
0.000087028745513990730944
-0.000078441047668562879983
0.000070258612569258137533
-0.000062466685874407967323
0.000055055434920151419866
-0.000048019495295800221793
0.000041357726714839360495
-0.000035073181326748569221
0.000029173315950852689968
-0.000023670523148903343949
0.000018583134106911934852
-0.000013937206196102868288
9.7697810745274321635e-6
-6.1353185379233093616e-6
3.1205137815587478822e-6
-8.9076681910815691933e-7
0.0014607745276235836548
0.0033568852961678577056
0.0053419100281535739102
0.0071126810577019460399
0.0091759621116976290701
0.010718403484522045358
0.012925691977393319326
0.014068346335608324556
0.016633978643058837994
0.016872394461154389187
0.021008173590082734277
0.010382115772536924356
-0.0019815160902965407839
0.0011369674248095923851
-0.00081187822461862585137
0.00063925232651756732635
-0.0005311632918676505212
0.00045622381747655109412
-0.0004005141342272268925
0.00035693792776678444356
-0.00032150633902665181104
0.00029180897920035989748
-0.00026630585387031490496
0.0002439686958102432476
-0.00022408601162520490868
0.00020615089765714750742
-0.00018979337234101349686
0.00017473791378387586456
-0.00016077590202557946616
0.0001477472094512841705
-0.00013552759095877747869
0.00012401985752489727206
-0.00011314758170612426744
0.00010285053761348374898
-0.000093081355538414542397
0.00008380304595228215471
-0.000074987160355712544845
0.000066612431473167514928
-0.000058663787119141304433
0.00005113166998321315597
-0.000044011626125037321637
0.000037304153718765454128
-0.000031014837011854150119
0.000025154838931519317526
-0.000019741910333301042799
0.000014802244901353323455
-0.000010373905674874866382
6.5136321736422348249e-6
-3.3125561016421424998e-6
9.4552734252361997451e-7
0.0014485957560202449532
0.003400195519354065887
0.0052543594904211446664
0.0072580571170740577676
0.008956136070155304871
0.01103534194025219056
0.012477832315150497039
0.014702563427852625711
0.015710914933829349347
0.018311228170357603065
0.018350995435194271527
0.022620625651754460865
0.011081876084700818873
-0.0020992500281344981398
0.0011967111495976039126
-0.00084965975236898603548
0.00066558246289135377722
-0.0005504744818740636202
0.00047078758123283597533
-0.00041164642071398376251
0.00036546857150430866536
-0.00032799239151537015948
0.00029664290093118362743
-0.00026977510262222957978
0.00024629072899783739447
-0.00022542993947610285297
0.00020665146189927011087
-0.00018956030006012780738
0.00017386237238759924408
-0.00015933507586035465423
0.00014580762478253699471
-0.00013314758721378973256
0.00012125146517411212443
-0.0001100379821132767743
0.000099443226397628882204
-0.000089417096489102852988
0.000079920680421542639011
-0.00007092432333360272793
0.000062406218058995581255
-0.000054351410931474358786
0.000046751158485015949957
-0.000039602608658663232277
0.000032908820616378363582
-0.000026679192169963821838
0.000020930455878201614408
-0.000015688587892187030403
0.000010992395550930591985
-6.9006981873733143326e-6
3.508956414615484963e-6
-1.0015171345611533814e-6
0.0014594124134017136795
0.0033618245823365805694
0.0053315641376772657988
0.0071307861224937585656
0.0091465731247344713569
0.010764841492611853418
0.012852007221838760095
0.014189080828173545622
0.016422442321571936106
0.017292810081590988705
0.019917545825470051921
0.019758663274468317163
0.024145530745853537918
0.011738762825987108241
-0.0022088299491321435613
0.0012517610179721020584
-0.00088405993744320762874
0.00068921501581949662895
-0.00056750696303110178473
0.00048335650442346627405
-0.00042099030428069905447
0.00037236914318995257718
-0.00033297505147787260045
0.00030007837824484378072
-0.00027193544289141378424
0.00024738218388422624083
-0.00022561331662123952113
0.00020605526685514929246
-0.00018828953536630719361
0.00017200461534140593667
-0.00015696479396186795801
0.00014298931801691298103
-0.00012993813159105660666
0.00011770190301986910082
-0.0001061949250644820695
0.000095349987019828753865
-0.00008511463272644056142
0.000075448417364377116653
-0.000066320905516832678871
0.000057710241025632642193
-0.000049602182975679032184
0.000041989553950049146782
-0.000034872097361498475852
0.000028256804051453779314
-0.000022158869471155225319
0.000016603638991797433625
-0.000011630347190456610228
7.2996733488916418934e-6
-3.7113051704663154491e-6
1.0591878248957257733e-6
0.0014497223662570656363
0.0033961313771744795188
0.0052627903703847910113
0.0072435197012241616297
0.0089792441071415917667
0.010999872165945232178
0.012531897796195671564
0.01461888690704412882
0.01584553370005436016
0.018078682579559074616
0.018807898129309474578
0.021446729812171717668
0.021089942230945800183
0.025576994343025328762
0.01235023461236657873
-0.0023098370325697474439
0.0013019140682002832356
-0.00091496022650756840786
0.00071007717118912136322
-0.00058221708093182909807
0.00049390737850392030565
-0.0004285378056698795012
0.00037764347477806762852
-0.00033646757089826557801
0.0003021363270405331243
-0.00027281411692916739704
0.00024727558224732658239
-0.00022467310878528353575
0.00020440304638684070994
-0.00018602502991378181791
0.00016921136399599473517
-0.00015371418588812521188
0.00013934354190049060892
-0.00012595238566652564347
0.00011342609570571460183
-0.00010167502265943335246
0.000090629119058673341771
-0.000080234037186123891462
0.000070448291265383806872
-0.000061241218708019769378
0.000052591571278381109192
-0.000044486640271190203091
0.000036921885489389291871
-0.000029901112936078845599
0.000023437358566947822139
-0.000017554846722433091697
0.000012292868427564179105
-7.7137122893214107109e-6
3.9211885528203164384e-6
-1.1189893292549767581e-6
0.0014584677073222297323
0.0033652183762612039691
0.0053245779141678407139
0.0071426926398222328662
0.0091279542362877315042
0.010792793051632138594
0.012810657713715683883
0.014250516127817766649
0.016329127907130608542
0.017440780617144356472
0.019664885100018415873
0.020250306362189079153
0.022892873914369654617
0.022339674469501880604
0.026909482175744014426
0.012913925767395284622
-0.0024018843444231056983
0.0013469837996958832673
-0.0009422520395537033455
0.00072810231860613838973
-0.00059456484154640138374
0.00050241879895351944032
-0.00043428133403576981958
0.00038129468011488598467
-0.00033848160738592134651
0.00030283537155225072311
-0.0002724355216392727976
0.00024600016507308465413
-0.00022264266509248830128
0.00020173166788737597974
-0.00018280669506273822582
0.00016552519488389224691
-0.00014962819723255667228
0.00013491739025460490292
-0.00012123944300112856102
0.00010847506160110654693
-0.000096531222271913762918
0.000085335592928969391544
-0.000074832504605561798488
0.000064980056500374289195
-0.000055748087057511020359
0.000047116850516164097873
-0.000039076326874940355337
0.000031626185137466413043
-0.000024776546893782141012
0.00001854992622579025147
-0.000012985229343410745928
8.1460601325156685757e-6
-4.140234867979775662e-6
1.1813829790141255592e-6
0.001450524053950114017
0.0033932610990258198415
0.0052686621276747335313
0.0072336062141859452753
0.0089945454615230989029
0.010977298408357631209
0.012564530870810756289
0.014571861729623425531
0.015914070438926799271
0.017976107680030195414
0.0189686454436961178
0.021174921170056317973
0.021614445375437811175
0.024250391023077202659
0.023503019363091675976
0.028137842001097459412
0.013427655472249061631
-0.002484618700727747367
0.0013868015994447786689
-0.00096583819068551433162
0.0007432315591729789315
-0.00060451552035856258498
0.00050887286568717240698
-0.00043821546082794390181
0.0003833269830732134983
-0.00033902908848663682901
0.00030219372893261016749
-0.00027082310005056808496
0.0002435837801083209878
-0.0002195535934132388049
0.00019807598959111861848
-0.00017867223776081254842
0.00016098635328486958673
-0.00014474938268803667337
0.00012975557543008954115
-0.0001158460995803554185
0.00010289768951646745745
-0.000090814609066344379913
0.000079522906361254732974
-0.000068966302559734737362
0.000059103292120856126525
-0.000049905193771200569399
0.000041355015318415195689
-0.000033447112213669345915
0.000026187767024758098732
-0.00001959706743878852973
0.000013713002214600802303
-8.6001376540489928947e-6
4.3701569334382923422e-6
-1.246853478006747393e-6
0.0014577802060342295733
0.0033676729688262312096
0.0053195822607234234601
0.0071510623362813487338
0.0091151717639542930716
0.01081138849684125356
0.012784260990587834221
0.014287665608430250637
0.016276638237322251791
0.017516135420768954166
0.019553453638948166436
0.020423212052093949309
0.022602955741626989849
0.022895030330392384878
0.02551403525393518964
0.024575471773169174718
0.029257323769867424699
0.013889436201553129406
-0.0025577222780397416975
0.0014212178657710763409
-0.00098563393693560444466
0.00075541477872366154342
-0.00061204078614172718917
0.0005132563593548506918
-0.00044033814178202616295
0.00038374697550919249004
-0.00033812349555428725335
0.00030023050984155008026
-0.00026800065083606425828
0.00024005419421250787136
-0.00021543707130719314109
0.0001934701678766399267
-0.00017365846418715791209
0.00015563405571503902917
-0.00013911921288456239041
0.00012390174872589546201
-0.00010981820188127971088
0.000096742135004563706345
-0.000084575880230776093831
0.000073244679452268662334
-0.000062692550002692546398
0.000052879457431310309772
-0.000043779557633767597197
0.000035380425187546155509
-0.000027683360425245420409
0.000020705145567282437162
-0.000014482201346452194394
9.0796255925129960607e-6
-4.6127937752569212774e-6
1.3159206220632999546e-6
0.0014511191568462119609
0.0033911413474565311559
0.0052729578799708547497
0.0072264549021072745104
0.0090053722973884546435
0.010961727081056514499
0.012586312291784758873
0.014541777589292947413
0.015955565900808866659
0.01791837485458699004
0.019050517431705879004
0.021055064873705716137
0.021798848065866015151
0.023943469929094146566
0.024087101079365088124
0.026678922611044479869
0.025552879170034147205
0.030263598165538524742
0.014297481411932095931
-0.0026209140095980489347
0.0014501029099485671886
-0.001001567768937727759
0.00076461142614709404264
-0.00061711949823567901123
0.00051556156608226897319
-0.0004406515687361770818
0.00038256449230896204023
-0.00033578075717112492337
0.00029696662558446095594
-0.00026399324537359374835
0.0002354400178204960595
-0.00021032477696927774232
0.00018794859571446921169
-0.00016780222907691474578
0.00014950745643776706799
-0.00013277906816391743819
0.0001173995364980411323
-0.00010320174721463179006
0.000090057016464623564632
-0.000077866682385861323451
0.000066556200008223790016
-0.000056071070113120112948
0.000046374205649333599929
-0.000037444553210816343584
0.000029277004589522223816
-0.000021883947467094901091
0.000015299431770157174206
-9.5885535044754119589e-6
4.8701542946255902972e-6
-1.3891515282122772027e-6
0.0014572607579935676268
0.0033695195981285152351
0.0053158534686408314478
0.0071572366504260388329
0.0091058919247787720275
0.010824608958402207255
0.012765989769040358221
0.014312520615463194503
0.016243006674725445432
0.017561799110518191722
0.019490711114846272846
0.020511281568990189676
0.022475134317585685415
0.02309022701149989351
0.025191282417221220774
0.025186041095282131551
0.027740550152311742532
0.026431457480759461466
0.031152773466811243141
0.014650212453305611459
-0.0026739507886545418053
0.0014733476832911252347
-0.0010135820119064322494
0.00077079108164850008203
-0.00061973827470721337712
0.00051578685727344797979
-0.00043916276439803124974
0.00037979322094377320293
-0.00033201987208827120401
0.00029242542299871632493
-0.00025882787381907703026
0.00022977136264354780594
-0.0002042495606741553906
0.00018154659217615711734
-0.00016114115050190944486
0.00014264639854813576612
-0.00012577104217574340341
0.00011029341964798878845
-0.000096043872687291480317
0.000082892562080933838727
-0.000070740987515101607479
0.000059516134693891992211
-0.000049166600350857882866
0.00003966035529903990842
-0.000030984086957067308039
0.00002314442717046201279
-0.000016172055309017874225
0.000010131398164493428515
-5.1444653354689626763e-6
1.4671740507136980862e-6
0.0014515760106656121691
0.0033895199643066348193
0.0052762218154931879842
0.0072210748221331621479
0.0090134088120203552973
0.010950368702257948361
0.012601853075948299302
0.014520900271036969186
0.01598337805672715465
0.017881341488225625505
0.019100162836533302856
0.020987559319987687288
0.021892776276090394057
0.023808170494755891868
0.024292349060029386585
0.026341569603755887942
0.026187595128608811476
0.02869481360860856211
0.027207805574228569021
0.031921410684161572875
0.014946264676066364377
-0.0027166284909088336309
0.0014908643586252448773
-0.0010216332792280485185
0.00077393386794026929864
-0.00061989189272782252445
0.00051393709214314343681
-0.00043588399239299129712
0.0003754511211772683205
-0.00032686333959627773754
0.00028663312650545576606
-0.00025253390063730369751
0.00022308031389066697691
-0.00019724593896480596942
0.00017430092671930715999
-0.00015371417628423612007
0.00013509203993297077933
-0.00011813865235896313634
0.000102629564432161604
-0.000088393858065275536217
0.000075301860550828067675
-0.000063256705088744213709
0.000052188677648688822131
-0.000042051758386017800794
0.000032822147771126518877
-0.000024499005034226234653
0.000017108383083023515689
-0.000010713196735263774634
5.4382266563964389619e-6
-1.5506920751164308988e-6
0.0014568561729635158563
0.0033709534059959502479
0.0053129747283165373862
0.0071619633637180667995
0.0090988683643434166593
0.010834468801669177987
0.012752613187787494146
0.014330303146676060064
0.016219620931163187315
0.01759244741276287582
0.019450428148461588376
0.020564712557953490848
0.022403126056222257944
0.023189656103812308343
0.025049018401924439254
0.025400560403137047818
0.027389884360271165857
0.027087885514385438824
0.029538023407595744646
0.027878918308438440007
0.032566536921957086873
0.015184492710442554008
-0.0027487828226005059069
0.0015025867840604767139
-0.001025692805432218593
0.00077403073825267367822
-0.00061758356072184907467
0.00051002388695935619182
-0.0004308330299837986933
0.00036956070492774249826
-0.00032033744936815609717
0.00027961914106870958745
-0.00024514338494840251259
0.0002154012742008344473
-0.00018935047120027531851
0.00016625024138105413044
-0.0001455620704905309093
0.00012688743070530471031
-0.00010992754648403205986
0.000094456713299711474164
-0.000080304281917519115876
0.000067342404038221739759
-0.000055477799441665553387
0.000044646543366677995479
-0.000034811418951077678774
0.00002596192777085243295
-0.00001811790503465520337
0.000011339680696597952868
-5.7542756384016012304e-6
1.6405034661512617345e-6
0.0014519365897789342414
0.00338824370829899921
0.0052787783892644335711
0.0072168911802428748
0.0090195973481151307974
0.010941731310988350376
0.012613486774488558209
0.014505571392760811871
0.016003319964509881779
0.017855548872691430823
0.019133521153395571003
0.02094418616125989507
0.021949786715055345305
0.023731933458699120316
0.024396902892164275196
0.026192879266695220968
0.026410571248867660905
0.028332173323508269636
0.027883427057529955163
0.030266919053618576609
0.028442198077272481159
0.033085656920976122935
0.015363974897579165939
-0.0027702899977645310022
0.0015084708203711650273
-0.0010257466758293406614
0.00077108366328380428037
-0.00061282508832183672682
0.00050406578019768705077
-0.0004240333352401311229
0.00036214921022997889002
-0.00031247246667235100766
0.00027141625393185408644
-0.00023669130584029111117
0.0002067712224016559838
-0.00018060206574701043118
0.0001574354242819808996
-0.0001367278825856476153
0.00011807811864113513918
-0.00010118630324136019637
0.000085827267244054297098
-0.000071832515909974649604
0.000059078195749607944309
-0.000047477334039264844451
0.0000369754939016886641
-0.000027549711187168258597
0.00001921156961689261965
-0.0000120174378572513676
6.095865152000013433e-6
-1.7375216013628210533e-6
0.0014565329135740425478
0.0033720963190532445207
0.0053106898190108402627
0.00716569151087885196
0.0090933752322744723165
0.010842097239087151364
0.012742402233604237318
0.014343655496114550142
0.016202409401864656617
0.017614462912787260823
0.019422334330517702212
0.020600649235104266348
0.022356829604408344565
0.023250029844886746607
0.024968839730843719605
0.025509845474698867693
0.027235329016400795188
0.027318472396765527915
0.029164792644994811486
0.028571140431601576685
0.030878681817351779347
0.028895464803930061737
0.033476762740970600627
0.015484016855170810846
-0.0027810672464672722097
0.0015084945692556265435
-0.001021795964162684834
0.00076510573176427006588
-0.00060563697156777761261
0.00049608831337936384182
-0.00041551413048634151183
0.00035324869307579201401
-0.00030330273879668923857
0.00026206076342691695404
-0.00022721572417278085702
0.0001972299231671394652
-0.00017104225854137059368
0.00014789998712286476527
-0.00012725746703424603814
0.0001087128736315327144
-0.000091967454156947551331
0.000076798744777279684305
-0.000063042837217112670184
0.000050582863831849149593
-0.00003934217499900374018
0.000029281694332068090225
-0.00002040213065410081877
0.000012754111805367538982
-6.4667589140238118929e-6
1.8428016622914997228e-6
0.0014522279955641299164
0.0033872144077845410611
0.0052808325669703638625
0.0072135481059066232036
0.0090245061944739163316
0.010934944063740853406
0.012622522734018451772
0.014493832918688521319
0.01601833208666987601
0.017836527403943119856
0.019157521082316473748
0.020913901118032116253
0.021988164401112869899
0.023682888107495188393
0.024460414057720566982
0.026109058624307203582
0.026524177927695022904
0.028172335338620677571
0.028120750343077242709
0.029884522136618666315
0.029148364033770251034
0.031370945692449640628
0.029236964336983192782
0.033738341548631457482
0.01554415416383681558
-0.0027810731549596921155
0.0015026584972136129344
-0.0010138567858122221944
0.00075612117447985310689
-0.00059604840518198038841
0.00048612404123336765069
-0.00040531041745594144312
0.00034289605453567319687
-0.00029286674252499337493
0.00025159255799622237658
-0.00021675790873713041395
0.00018682012243211487397
-0.00016071550942718786581
0.00013769050818269955553
-0.00011720013974770327398
0.000098844656585487957523
-0.000082328914736992703177
0.000067435908163171898827
-0.000054009625110657069474
0.000041944563004287419312
-0.000031180743863121247988
0.000021704584042319953193
-0.000013558651111487557743
6.8713499812552998173e-6
-1.9575732031772308038e-6
0.00145626884978074771
0.0033730282478914454516
0.0053088328429369721895
0.0071687067967004672565
0.0090889611006078164236
0.010848177022058109071
0.01273434641011685229
0.014354060882104427116
0.016189193026526001027
0.017631073150987589123
0.019401578446041540896
0.020626541036891149156
0.022324467678828825612
0.023290705529542101609
0.024917227133470287875
0.025576258976794346868
0.027148177687023116637
0.027435976348570585615
0.029000273241320133305
0.028814300865377855267
0.030488577757314709143
0.029612864246405254909
0.031741806580970554073
0.029465375213128008758
0.033869381482633323276
0.01554415416383681558
-0.0027703078382898357895
0.0014909854581751390959
-0.0010019602715645326118
0.00074416531836247772054
-0.00058409723000744339711
0.0004742124807869491526
-0.00039346293551441875897
0.00033113301680310035813
-0.0002812070895166343372
0.0002400551670125904789
-0.00020536245552097191051
0.00017558776828876784734
-0.00014966957295826754224
0.00012685722397736387484
-0.00010660959637004277549
0.000088532025119132313742
-0.000072336128420922303644
0.000057814050987743447817
-0.000044822478678456915555
0.000033274162270778843987
-0.000023136725163835993939
0.000014441624855120769313
-7.3148099118403096691e-6
2.083281013440562793e-6
0.0014524684749152789795
0.0033863663567867245633
0.0052825200800201170928
0.0072108135113968880285
0.0090284986624126270854
0.010929463760061400231
0.012629753921174346071
0.014484539627484711685
0.01603006536701172864
0.017821885261730024632
0.019175665432662304908
0.020891489012108094749
0.022015852182278772981
0.023648567910515587076
0.024503239301566017995
0.026055067258963350102
0.026593250181071206308
0.02808217514190294805
0.028241714130788399848
0.029715939037097564429
0.029396441038753364913
0.030974622392452885628
0.029962844063394061812
0.031989829674504306526
0.029579813758418004617
0.03386937557414090337
0.015484016855170810846
-0.0027488129458122687492
0.001473520616955046279
-0.00098615246521905059246
0.00072928447500964623299
-0.00056982982113061962431
0.00046040000634073089649
-0.00038001807190267192671
0.00031800606009170155202
-0.00026837050611056214418
0.0002274958070874698754
-0.00019307743500670681944
0.00016358230996958236275
-0.00013795602422386458965
0.00011545489478581625754
-0.000095545290075648292685
0.000077841294153048873276
-0.000062065448598042097564
0.000048024345975245126371
-0.000035594875529777140895
0.000024719869863935249678
-0.000015415627185355630915
7.8032788194562307374e-6
-2.2216369964720685947e-6
0.0014560487981789333003
0.003373803732720700738
0.0053072916296827359994
0.00717119981112589459
0.0090853300679318634342
0.010853146091160707827
0.012727814119045460065
0.014362418594517991071
0.016178696627698982974
0.017644090540329022783
0.019385564609535197819
0.020646153426432713572
0.022300480051987285361
0.023320090227692235583
0.024881071290480167892
0.025621080312388913261
0.027092002250338414373
0.027507456149174404725
0.028907435290536542869
0.028938275696381244028
0.030316562687372859878
0.029864919640687420965
0.031340774883480168605
0.030196950047057817412
0.032114055003502971822
0.029579837507302466133
0.033738323708106152694
0.015363974897579165939
-0.0027166715000910149196
0.0014503312748602475955
-0.00096649414700735369193
0.00071153576633423669834
-0.00055330092040201082393
0.00044473969563046235646
-0.00036502773190465172346
0.00030356633256888226414
-0.0002544078067249038329
0.00021396545434629244115
-0.0001799546161860463584
0.00015085715289826661894
-0.00012563106511835374304
0.00010354414727912654527
-0.000084074602493212856337
0.000066850010517637011589
-0.000051609725925953885539
0.00003818300862956437827
-0.00002647979950008759036
0.000016495802561051060641
-8.3441104262984586284e-6
2.3746867986362378053e-6
0.0014526707731114192175
0.0033856538735111023526
0.0052839345111288866789
0.0072085292857774424131
0.0090318184289738427427
0.01092493300401347417
0.012635690241639517225
0.014476974589709264568
0.016039521707750786584
0.017810222089490596196
0.019189921592994126148
0.020874159091557880771
0.022036864738696333036
0.023623087722464747392
0.02453421898335210333
0.026017202005990844563
0.026639909670297288814
0.028024015788054661324
0.028315343682795482274
0.029620762355979379015
0.029522968647204986257
0.030799818450868906709
0.030217925908198975686
0.031585617271063470767
0.030314277589420957482
0.032114001133105849754
0.029465446926281144978
0.033476732617758837785
0.015184492710442554008
-0.0026740075698243581181
0.0014215065981727829108
-0.00094306058373155278435
0.00069098688872081998762
-0.00053457341577304259577
0.00042729113165352142727
-0.00034854917719128179363
0.00028786954816190814019
-0.00023937388682062019798
0.00019951898712035786281
-0.00016604984216775075345
0.00013747039481020126008
-0.00011275681937417899133
0.000091193643591538950973
-0.000072276402781298926212
0.000055652783393218504239
-0.00004108800759872148366
0.000028448017024720410187
-0.000017700536491052754433
8.9461918767505034922e-6
-2.5448963859453771161e-6
0.0014558619686526869101
0.0033744613712163043124
0.0053059873885607484064
0.007173302997659763694
0.0090822793617789214103
0.010857299437291269972
0.012722388543392213021
0.014369308112618910193
0.016170120816877752538
0.017654615947022249013
0.019372772164359113159
0.020661601980641687107
0.022281890821760600882
0.023342433612041245703
0.024854183401017393581
0.025653550608071262085
0.027052556883462929231
0.027555792089215591835
0.028847496724501495559
0.029013791780105767151
0.030219392691729006492
0.029993534299707839695
0.031163833787551323175
0.030454096618198478255
0.031708200220401453685
0.030314374459733361862
0.031989666989569670211
0.029237085436533087001
0.033085613911793941647
0.014946264676066364377
-0.0026209857775503499576
0.0013871572496356228409
-0.00091594120550230329841
0.00066771581588931178539
-0.00051371806896531869732
0.00040812016470377087518
-0.0003306448427816753849
0.00027097589331124368934
-0.00022332777491383857726
0.00018421546976053476643
-0.00015142368065254842418
0.00012348605506185367431
-0.000099403480769370170548
0.000078483709057895918483
-0.000060247117195551869989
0.00004437154472433987837
-0.000030663441390374938197
0.000019052376332296647587
-9.6203664339340678786e-6
2.7352659119583101143e-6
0.0014528441025268567811
0.0033850440632081697141
0.0052851427936609912033
0.0072065834360518050839
0.0090346359295742331628
0.010921105672019463799
0.012640676429707155312
0.014470663390618456898
0.016047347977095116332
0.017800658795088178688
0.019201485744212903784
0.020860275417761140192
0.022053458749753648958
0.023603296694149959886
0.024557822826185021695
0.02598899268529247869
0.026673764352321966144
0.027983121963780414202
0.028365191461220644056
0.029559252780430299948
0.02960010392913401243
0.03070100529297337922
0.030348156574214558675
0.031407196474739652942
0.030572521470400183181
0.031708046602380844538
0.03019724262869312161
0.031741531807064764128
0.028895637737593982781
0.03256648014078727056
0.014650212453305611459
-0.002557810642947051279
0.001347414922346797346
-0.00088523920781361927021
0.00064181043950843769385
-0.000490813192488063313
0.00038729864047432297274
-0.00031138214818404766859
0.00025294997608365903503
-0.00020633280855243522404
0.00016811869705488535879
-0.00013614256293643710777
0.00010897617480440451234
-0.000085652984034163000752
0.000065512626660189235943
-0.000048111568034076851918
0.000033174730316748376801
-0.000020579276815346815966
0.000010379999744185516332
-2.9494814159971475768e-6
0.0014557004281057827564
0.0033750294435780751611
0.0053048627453299600437
0.0071751119489726300355
0.0090796643042117900767
0.010860844580472874267
0.012717781338217011564
0.014375122584618265415
0.016162935181902128437
0.01766336160756485329
0.019362244988679698946
0.020674174528609225147
0.022266953916616269536
0.023360126115476175351
0.024833248292897074899
0.025678344078352802177
0.027023113173575038008
0.0275909238073917896
0.028805287600833469604
0.029064984888790726858
0.030156522597506322503
0.03007201879530064706
0.031063730552329456802
0.030585469218032659652
0.031528959896409808242
0.030572746761591362187
0.031585153208577300703
0.029963338369011237836
0.031370553189822835775
0.028442426442184161566
0.031921338916209271852
0.014297481411932095931
-0.0024847257624322659301
0.0013024317744639760572
-0.0008510710762539106244
0.00061336814536806933663
-0.0004659442771199300834
0.0003649041035356225946
-0.00029083332863186742588
0.00023386087458795861859
-0.00018845704701391295918
0.00015129821098014166479
-0.0001202807990253483982
0.000094024493221436347478
-0.000071605495994118008284
0.000052408059356240532168
-0.000036043521364487300685
0.00002231631185462988212
-0.000011241749583830404464
3.1921197313585182811e-6
0.0014529953559555071792
0.0033845123916479576727
0.0052861945662329716357
0.0072048935820892394041
0.0090370752111774127385
0.010917804945487641911
0.012644956359818649065
0.014465276347901366612
0.016053984654357698014
0.017792610357575769627
0.01921113362684156896
0.020848807425304624805
0.02206701003439707404
0.023587343853855496194
0.024576567476007261999
0.025966970747675131635
0.026699676888783084233
0.027952530867293416724
0.028401492655987551935
0.029515861977918416059
0.029652475157920220883
0.030636986071721172274
0.030427719285316781798
0.031306157205895908945
0.03070456135216443867
0.031528646469455657323
0.030454777350986771
0.031339990581300059067
0.029613570642161446472
0.030878163289068333199
0.027879207040840146577
0.031152685101903933559
0.013889436201553129406
-0.0024020128253693014371
0.001252379761621394527
-0.00081356602920203217934
0.00058249532158183160434
-0.00043920357222535210287
0.00034101949297989940234
-0.00026907533265432881343
0.00021378238680412291409
-0.00016977412553324346654
0.0001338311818373483783
-0.00010392420558163900088
0.000078733088221142930871
-0.000057391407209597896002
0.000039349044461438475916
-0.000024308068897938828301
0.000012226629046469541836
-3.4689294566590941109e-6
0.0014555581300555772266
0.003375529440939262459
0.0053038743294795336247
0.0071766983785281864074
0.0090773774241834837054
0.010863933818037638392
0.012713783897219864566
0.014380141774949183819
0.016156769305560208893
0.017670814515452220954
0.01935334460885357236
0.020684708638712593978
0.022254566778467982126
0.023374627962457749025
0.024816315324313512879
0.025698095959360479704
0.027000060327186159935
0.027617886049821389225
0.02877363506162500441
0.029102348917020104299
0.03011208294554596756
0.030125401640776787028
0.030998772895208899963
0.030665839981409011525
0.03142733741616026799
0.030704981344600417662
0.031406249171169565594
0.030219076929471159471
0.030973500941243670601
0.029149297792959749823
0.030266263097296737249
0.027208161224419413193
0.030263491103834006179
0.013427655472249061631
-0.0023099904663068901669
0.0011974498616414814844
-0.00077286537110298617597
0.00054930679396382657052
-0.00041068962498246926224
0.00031573286259771982271
-0.00024618987245711833313
0.0001927936728622090527
-0.00015036493935582651555
0.00011580591419543893073
-0.000087176823295234718178
0.000063234895221596272778
-0.000043194833443158065569
0.000026612064150751100461
-0.000013361501153119090148
3.7872226274564622305e-6
0.0014531298935985563536
0.0033840398327406805271
0.0052871281316929689632
0.0072033966100861979556
0.0090392304305189049242
0.010914898131956178632
0.012648710599868728807
0.01446057311714253937
0.016059747261272844226
0.017785665894630588101
0.019219398249793463333
0.02083906404967941051
0.022078416576472668354
0.023574056874246130246
0.024591994163132050914
0.025949090977791697806
0.026720393554243518359
0.027928500600338815484
0.028429437628980299615
0.029483231601673961143
0.029690797684245352775
0.030591628085977596317
0.030481949630085247224
0.03124046923198089449
0.030785472956121380437
0.031426789935059552507
0.030586739030226735707
0.031162231129194101698
0.029866566621931588576
0.030487094193679130139
0.028572322588005084528
0.029537214863417895207
0.026431888603410375544
0.02925719528892122896
0.012913925767395284622
-0.0022090129510108569653
0.0011378511824723358789
-0.00072912174496801687138
0.00051392518288476955867
-0.00038050679372457825044
0.00028913719042872060799
-0.00022226379534160021756
0.0001709806624498323663
-0.00013032092870948866312
0.000097328533430257896857
-0.000070173879543036328529
0.000047718740920554343501
-0.00002930372234235608215
0.000014681221611496782301
-4.1564307446592530799e-6
0.001455430265906825456
0.003375978409319880435
0.0053029879041148060425
0.0071781185123152230306
0.0090753352034671282673
0.010866684226495448669
0.012710237897942274066
0.014384574904778209723
0.016151350752060198527
0.017677326236294695971
0.019345619525001857392
0.020693783253808464904
0.022243986206587761637
0.023386896532915543141
0.024802144247392590813
0.025714425439084854643
0.026981263330164648905
0.027639528861205768203
0.028748677009752317073
0.029131213542615228182
0.030078554382046510573
0.030164582374498267306
0.030952622903943615414
0.03072075812809429511
0.031361122444602798558
0.030786172000633098036
0.03130450128123988727
0.03035030632038026425
0.030797523226554987517
0.029398621973628808449
0.029882641987543052016
0.027884885652675070498
0.02869383262961382722
0.025553396876297840026
0.028137688567360316689
0.01235023461236657873
-0.002099468691051112279
0.0010738099384558375625
-0.00068249826709786895673
0.00047648017698436304407
-0.00034876477198599753558
0.00026133041173464816414
-0.00019739011677652980492
0.00014843898881052365565
-0.0001097505808828356874
0.00007853624960310340896
-0.000053108320481374420033
0.000032483821440693620513
-0.000016231779301778767404
4.5889103205048429275e-6
0.0014532520887526747534
0.0033836109030431670668
0.0052879745184765929899
0.0072020417279332438199
0.009041176717752897742
0.010912280454533551716
0.012652079980954741441
0.014456368887629097491
0.016064874557838959177
0.017779519990548756113
0.01922666806526820498
0.02083055245059068139
0.022088303752037260629
0.023562640284700657044
0.024605119237713328707
0.025934046459855051314
0.026737609041478254161
0.027908810534697315418
0.02845197350584727888
0.029457389700573090876
0.029720524736791322818
0.030557274956251415209
0.030521894528303182586
0.031193647026962861213
0.03084092614378940492
0.031360243770565044945
0.030667955332096777911
0.031060924846636204479
0.029996616277695155439
0.030313519656413427809
0.028817068402187756644
0.029162469786895293646
0.027089657387286762183
0.02773937088194133089
0.024576090516818467187
0.026909299173865301022
0.011738762825987108241
-0.0019817785764519001724
0.0010055682706055315479
-0.00063316751917621429881
0.00043710772598208837584
-0.00031557820978292778239
0.00023241596209405339332
-0.00017167043683256487512
0.00012528009245054307282
-0.000088792767989776181301
0.000059625258249028644129
-0.00003628994585178116697
0.000018075015536120182036
-5.1011368241432002519e-6
0.0014553127937121316326
0.0033763906414580852664
0.0053021748900128579461
0.0071794189851918566177
0.009073468944636882206
0.010869191129184194876
0.012707015977176159042
0.014388587969651220651
0.016146466720447671556
0.01768316664908806113
0.019338729717225311981
0.02070182532701485313
0.022234676492735240474
0.023397604971552673844
0.024789886321222260314
0.025728408308392940363
0.026965348926611400036
0.027657620937932146687
0.028728110411077981594
0.029154617281828685923
0.030051864427993083409
0.030195123048497508772
0.030917510095218459686
0.030761382248442351581
0.031313738267149734013
0.030842017598675793766
0.031237808812963851272
0.030431306894227148251
0.030696977812400478175
0.029527060780628420089
0.02971207132732520668
0.028124175242631355886
0.028329346884980322432
0.026189728481606769485
0.02667751128715955528
0.023503758075135553548
0.025576775680108714623
0.011081876084700818873
-0.0018563941066806121538
0.00093338287109956609579
-0.00058131036278452598458
0.00039594917795965897665
-0.00028106663758502669576
0.00020250446985569818129
-0.00014522035518979406957
0.00010164428658939030461
-0.000067645736331270557882
0.000040914701404339965434
-0.000020295921481365135564
5.7155205573255260067e-6
0.0014533657492350468592
0.0033832121539743428939
0.005288760559651842397
0.0072007852864176620761
0.0090429781118433418522
0.010909863495395697534
0.012655181946074675903
0.014452511627279453165
0.01606955995807024287
0.017773929433698114402
0.019233246636310624466
0.020822895332192990016
0.022097139737928470231
0.023552512812329929028
0.024616666178780875306
0.025920932890328983787
0.026752460406884639513
0.027892019984812383079
0.028470942966339294589
0.029435952497570000396
0.029744782142681444584
0.030529761322910687482
0.030553211881374456014
0.031157827082682635189
0.030882157430016483653
0.031312394339298836069
0.030724065014531378444
0.030994255649028646783
0.030077176441684748118
0.030214035691159380566
0.028943486978844438474
0.028995476958091418754
0.027322648585629707718
0.027386474236365773783
0.025188599208273001919
0.025512347449351783312
0.022340558227164624098
0.02414526825969817853
0.010382115772536924356
-0.0017237952837888966546
0.00085752334641868789384
-0.00052711453126982967022
0.00035315045465927445855
-0.00024535519238712410624
0.0001717181005403511332
-0.00011818175495293389452
0.000077730323040841169805
-0.000046635836328089278392
0.000023014301704843045804
-6.4632510460131755611e-6
0.0014552020433966786361
0.0033767790840911420035
0.0053014095103634079411
0.0071806415996682597775
0.0090717175629407980439
0.010871538450955484556
0.012704007308155098564
0.014392323474316746325
0.016141937293115756893
0.01768856008085823772
0.019332397801589637844
0.020709176110153697291
0.022226218855276045713
0.023407267039404958345
0.024778910272401720341
0.025740822789276578514
0.026951353008728399229
0.02767336448512235677
0.028710423890468275854
0.029174479063193686964
0.030029547821424120498
0.030220235251004471894
0.0308891812124523713
0.030793455931276239548
0.031277246442382462154
0.030883802046477420077
0.031189571928522864195
0.030487572275755201116
0.030630480251355576948
0.029606978724081810706
0.029613924199496786386
0.028248192867965923209
0.028166471589033268173
0.02641562323116950928
0.026337469880801243169
0.024090167779653305999
0.024248367544689259006
0.021091004772226607253
0.022620308201546465721
0.0096421891531469188112
-0.0015844882014177179543
0.00077827021014679645536
-0.0004707729544732766165
0.00030886155394020043875
-0.00020857741220388427211
0.00014020133423406342047
-0.000090752082832600257869
0.000053868420898091532958
-0.000026404152707559508567
7.3889066767259469725e-6
0.0014534745099771503261
0.0033828307775808059764
0.0052895117027673026832
0.0071995861406224385418
0.0090446945014023918812
0.010907565370102995064
0.012658124007519837998
0.014448864010791669594
0.016073975533808584706
0.017768681487647450459
0.019239394564320898982
0.020815775359628090524
0.022105309648599216297
0.023543207655458068415
0.024627201175668251573
0.025909061912159321729
0.026765787839824105435
0.02787709780753573037
0.028487620416212425051
0.029417331313905475318
0.029765570891229747726
0.030506535949503244355
0.030579201448575221665
0.031128669041621620392
0.030914990369078238505
0.031275241625312781245
0.030766373944483941402
0.030945682618489308263
0.030133516962367432254
0.030147828720558501985
0.029022592301185948917
0.028898907958395851526
0.027443922534217039457
0.02722821202886740547
0.025406654295828203301
0.025186351540184816506
0.02289871823950909815
0.022890434546279773594
0.019759950898451859624
0.021007785613063578226
0.0088649589037865385402
-0.0014390022064404259518
0.00069591232337138548555
-0.00041248182433936009034
0.00026323724241686897393
-0.00017088351818988212307
0.00010814858334262339519
-0.000063260487143040582024
0.000030727378009292305965
-8.5582278818492627248e-6
0.0014550942968045067595
0.0033771568239047140769
0.0053006658156719091001
0.0071818281912528426787
0.0090700203945251583546
0.010873808748577011436
0.012701104100242855877
0.014395918206899192278
0.016137592339230461615
0.017693715119057559358
0.019326370620403895364
0.020716140738568407925
0.022218247097618606444
0.023416321259664499594
0.024768691125737837805
0.025752298217181854335
0.026938518916401858561
0.027687673291315484402
0.028694507350610737202
0.029192157523014575066
0.030009926686614522266
0.030242013437248191587
0.03086498863321036841
0.030820375786324371225
0.0312472136656626098
0.030917430193067500818
0.031151734879196792607
0.030530412935277163763
0.030581584855505872015
0.029663353113983815665
0.029548085463888352698
0.028326358911378971463
0.028071675132290834273
0.026533862027011018517
0.026184258360340195824
0.024299709415266958448
0.023937515595638046264
0.021618908716879242479
0.021443763457809662103
0.018352573266354091043
0.01931392513935600196
0.008053432055894504162
-0.0012878863977838860336
0.00061074348180094769861
-0.0003524386672325893261
0.00021644158422137418973
-0.00013246427168612751236
0.000075881036520631436827
-0.000036395812411547046551
0.000010071856661183277915
0.0014535823210061010913
0.0033824528854765888154
0.0052902554355501349833
0.0071984000950987912241
0.0090463897444094169928
0.01090529955899847991
0.012661018531925266667
0.01444528432558885489
0.016078296288873079987
0.01776356331452495949
0.019245367843688808645
0.020808887052502278137
0.022113176077686876758
0.023534295803661608095
0.024637231135822355887
0.025897834393278046597
0.026778300783095180891
0.027863201149495023938
0.028503011987843909315
0.029400317608627137953
0.029784353924772426561
0.030485811330631433777
0.030602071610710266388
0.031103408889251805972
0.03094293726558330912
0.031244242756414581578
0.030800881031500751819
0.030907087938863552713
0.030176948597455114367
0.030098570480166528543
0.029079015972926819721
0.028833455750539849174
0.027521085061203891075
0.027135316360043924956
0.025521637607810770043
0.025038549839776909
0.023099163281455659769
0.022595710889714605176
0.020255761590988228963
0.019913894360172587206
0.016874356940758022029
0.017545259272999010843
0.0072107483951337995075
-0.0011317049948836018532
0.00052305768354552682233
-0.0002908417460650091163
0.00016866502401184120489
-0.00009362414059308631457
0.000044093488921015552214
-0.000012091039156910545793
0.0014549851688923037873
0.0033775392643629865563
0.0052999133711610745546
0.0071830275735052656822
0.0090683071370306018367
0.01087609688851024925
0.012698183745333322192
0.014399525912875003628
0.016133243247466153919
0.017698859427516743992
0.019320376665868252879
0.02072304013912706652
0.022210384290721484059
0.023425208442012944074
0.02475871464300439821
0.025763433970163409896
0.026926147596073160461
0.027701364342120478669
0.028679402663686551499
0.02920878181527132113
0.029991661847047942995
0.03026205843246325465
0.030843000456785201208
0.030844499780693746088
0.031220723413059026994
0.030946565953377699996
0.031119610512836674963
0.03056595380074431183
0.030542085004875235812
0.029707512454202107046
0.029498343058886776761
0.028382931634646978221
0.028006539640608982807
0.026610049017495696075
0.026093294768330289038
0.02441131975362444844
0.023795371869527987243
0.021809797936231357932
0.021166004156629125814
0.018814658680432205171
0.0183066587070184444
0.015331083276049641036
0.015708598247268506252
0.00634016839250309761
-0.00097103060236254487398
0.00043314254977896788471
-0.0002278965004886531853
0.00012018644077959354434
-0.000055039844736504808709
0.000014889184883576805389
0.0014536943040696046849
0.0033820605009720712597
0.0052910272248984553461
0.0071971703869673089627
0.0090481453611721842424
0.010902956446765890766
0.012664006583896900326
0.014441596575260104051
0.016082736865963917252
0.01775831757084541831
0.019251471034741806707
0.020801873512071263108
0.022121154165949282505
0.023525296966772150796
0.024647309693917082212
0.025886613502663833815
0.02679073125905580286
0.027849488009271475726
0.028518088121291558224
0.0293837891653198424
0.029802435131605913973
0.030466063076662221571
0.030623618442070343153
0.031079910312644985826
0.03096856811199638365
0.031216264202755668815
0.030831467781902542761
0.030873573611642609077
0.030213788019800201228
0.030057902962067414896
0.029124159859164488393
0.028782982441454570582
0.027578037509343674028
0.027070291161060478737
0.025597019684852027117
0.02494940040739428637
0.023207439908558480875
0.022459306992847682229
0.020436816063781984684
0.019653730079978781944
0.017301348242441216807
0.016628133013748913889
0.013728825487614424794
0.013810994048134809993
0.0054450607925311982454
-0.00080643323713650129303
0.00034127156102649402632
-0.00016385495737429297177
0.000071626356132131321402
-0.000018964848130121384026
0.0014548683134968454413
0.0033779486647529315692
0.0052991083139578984717
0.0071843098223583447883
0.009066477386431159439
0.010878537480665555969
0.012695073631565701902
0.014403361035947824999
0.016128629778154088725
0.017704303238603311104
0.019314051178259466126
0.020730298591478907342
0.02220214104175615309
0.023434489461539793155
0.024748341102183738949
0.025774957258083553182
0.026913414068987897133
0.027715372784640351278
0.028664049359374517856
0.029225556503580265105
0.029973381083819767834
0.030281940099082399962
0.030821410456478083844
0.030867921269825642971
0.031195327546612973044
0.030974104033102859799
0.031089730556799235831
0.030598416341487898382
0.030506745562398104532
0.029746094171455805044
0.02945605789071997189
0.028429513182788863892
0.027954883358894449495
0.026667826515991949435
0.026027949182456337794
0.02448630172011896985
0.023707674143777452135
0.021915035741239923197
0.021035153694606720771
0.018985884032649459473
0.018064409328988639508
0.015721980062067258952
0.014884565350351317184
0.012073963789548889559
0.011859692015870259691
0.0045288901783723475878
-0.00063846025919011064314
0.0002477062575113686294
-0.000099228454096843699618
0.000025319751855669933613
0.0014538188961541067445
0.0033816240467367968334
0.0052918852987129492562
0.0071958041197821432811
0.009050094207405848267
0.010900358328926087877
0.012667315393382053254
0.014437519408772018325
0.016087637358347539613
0.017752540677108204179
0.019258176167885534995
0.020794188965874104138
0.022129869166352417083
0.02351550008209327657
0.024658240817733810482
0.025874494286904172671
0.02680409455103251698
0.027834821806000871869
0.028534119756683702159
0.029366324904132434549
0.029821405070586548116
0.030445507105767842144
0.030645849882453047575
0.031055902656414874094
0.030994466853924483395
0.031188341776039651496
0.030861568902874302058
0.030841110212071848732
0.030248834101505718262
0.030020005761097871526
0.029165240194225190967
0.028738301375566389333
0.027626854385304676864
0.027016638387656456769
0.025656446521827890107
0.024882906691265418967
0.023282842280478085349
0.022372263651704071651
0.020539764495800976152
0.019527771542752471014
0.017463248017468230439
0.016403590392211527294
0.014083212654128798244
0.013082233731550848611
0.01037325424655990332
0.0098620504447875450123
0.0035952056903713936048
-0.00046759688235608459056
0.0001528062601903474264
-0.000036262090904876200108
0.0014547314716939637211
0.003378427984128349878
0.0052981661317148515296
0.0071858096293090064435
0.0090643387774946442667
0.010881387384617311778
0.012691446003197792168
0.014407828380494253765
0.016123264046804706208
0.017710623536177966614
0.019306721965834183858
0.020738689795628325861
0.022192635539531344872
0.023445161271567966853
0.02473645080115557604
0.025788118893179510432
0.026898927075126734159
0.027731240920454848453
0.028646741885922654454
0.029244364680008418541
0.029953006777146605949
0.030303951093052925194
0.030797685792533899913
0.030893444605032624138
0.031167910537302735818
0.031003522220291000277
0.031058187996040201664
0.030632226292547397308
0.030470499962940070558
0.029784976145611288981
0.029414296546325608285
0.028474452707724405742
0.027906391908200852146
0.026720346213352260513
0.02597078127981557279
0.024548944373945218643
0.023638423483470687327
0.021992500734790233179
0.020947103530307305029
0.019088199795091315529
0.017941729924733054238
0.015876053487140661583
0.014676478910955345831
0.012392532132996085483
0.011227101379399753619
0.008634068799561715962
0.0078253575275699739625
0.0026476370959127423159
-0.00029420744637271786766
0.000058362042541707152224
0.0014539762701238771461
0.0033810728501254552674
0.0052929686208890871466
0.0071940799798768294304
0.0090525520583358637122
0.010897084069244025523
0.01267148154449936199
0.014432391264472477044
0.016093793460927213824
0.017745293878310989291
0.019266573881478539025
0.020784582055468842768
0.022140742124844184324
0.023503305193590413681
0.024671812989727160667
0.025859489566747686681
0.026820587450522856366
0.027816784242199158095
0.028553759859998356224
0.029345022391205571534
0.029844432553620667195
0.030420688587772183799
0.030672529971898905422
0.031027284821875285718
0.031025105667162925411
0.031155589931553445468
0.030896536852362701094
0.030803809269335000329
0.030288602331739952429
0.0299776138576563978
0.029210440457597833503
0.028690071392067562622
0.027678383628701314996
0.026961476011761697678
0.025715663464952709197
0.024819091850493577363
0.023351972620406005717
0.022296843038149850246
0.020622844419329545078
0.019435030020915837507
0.017568731396328828063
0.016280307845182721797
0.014233356849854470862
0.012886829240667482552
0.010659339662586109959
0.0093237023216794610282
0.0068653307561547191484
0.0057562077351771501064
0.0016899497989363503757
-0.00011913539246328591091
0.0014545335891017788731
0.0033791210244019734468
0.0052968041588904478106
0.0071879769515682708346
0.0090612497089711758408
0.010885501593637864617
0.012686212543274229219
0.014414268193059075111
0.016115536258251163708
0.017719716550601127622
0.019296190003417441318
0.020750731581903267054
0.022179015323804221865
0.023460426761434243552
0.024719474483053859964
0.025806870755311563432
0.026878335339889527723
0.027753736937513956603
0.028622276602520590427
0.029270865331718129275
0.029924402933200340776
0.030334728362820000028
0.030764661658288709054
0.030928793181220775785
0.031130154691856120126
0.031043774751181367663
0.03101534114067441501
0.030677775353205686039
0.030422128047561506519
0.029836307539185285293
0.029359848951610890641
0.028532198719289326771
0.027845132598089192964
0.02678537609429485071
0.025901667696376229784
0.024622529762960274452
0.023559875333622074054
0.022076647446229997999
0.020856511955337311379
0.019186400332858050028
0.017834253570739783355
0.015995315759515441156
0.014541396075379884017
0.012550515967538369661
0.011032133481212504615
0.0089000832016104486971
0.0073696985494055710415
0.0050827729050441611929
0.0036567768191142627433
0.0007271556382887852396
0.0014543112765775704792
0.0033798995978727007514
0.0052952741918254846318
0.0071904113807427872097
0.0090577803567446951756
0.010890121585062396491
0.01268033678500619522
0.014421496790267599015
0.016106864111789008324
0.01772991780757307708
0.019284378306293837622
0.020764231545073848711
0.022163752169401637746
0.023477525651974216483
0.024700469224733157461
0.025827851534790569245
0.026855310944498123262
0.027778872403106258812
0.028594962823864191862
0.029300424906611222918
0.029892529352132728755
0.030368985420885108016
0.030727949795158331878
0.030968033710341621692
0.031088308327673631161
0.031088308327673631161
0.030968033710341621692
0.030727949795158331878
0.030368985420885108016
0.029892529352132728755
0.029300424906611222918
0.028594962823864191862
0.027778872403106258812
0.026855310944498123262
0.025827851534790569245
0.024700469224733157461
0.023477525651974216483
0.022163752169401637746
0.020764231545073848711
0.019284378306293837622
0.01772991780757307708
0.016106864111789008324
0.014421496790267599015
0.01268033678500619522
0.010890121585062396491
0.0090577803567446951756
0.0071904113807427872097
0.0052952741918254846318
0.0033798995978727007514
0.0014543112765775704792
0.00056679778996447490727
0.0029840152839546437074
0.0073229579759970588455
0.013567807446653963143
0.021694522378596028501
0.03167169052756103311
0.043460721672104053455
0.057016010238193475681
0.072285115285026957694
0.089208964570332025822
0.10772208354980036805
0.12775284888696573087
0.14922376564658887446
0.17205176715728031961
0.19614853640752488041
0.22142084774267497284
0.24777092754626789917
0.27509683251298060543
0.3032928440512174363
0.33224987729028132158
0.36185590311023400484
0.39199638156197912158
0.42255470500092704896
0.45341264921995692957
0.48445083083640556194
0.51554916916359443806
0.54658735078004307043
0.57744529499907295104
0.60800361843802087842
0.63814409688976599516
0.66775012270971867842
0.6967071559487825637
0.72490316748701939457
0.75222907245373210083
0.77857915225732502716
0.80385146359247511959
0.82794823284271968039
0.85077623435341112554
0.87224715111303426913
0.89227791645019963195
0.91079103542966797418
0.92771488471497304231
0.94298398976180652432
0.95653927832789594654
0.96832830947243896689
0.9783054776214039715
0.98643219255334603686
0.99267704202400294115
0.99701598471604535629
0.99943320221003552509