0.025307134072594064788
-0.0091059433059700750214
0.0062808311470304739806
-0.0044830156130547514419
0.0030784913683267798899
-0.0019176752546369523409
0.00097275766405926352672
-0.0002775083271169192229
0.054759321767554320283
0.055595258613343617636
-0.013639796235781669253
0.008149708858360550536
-0.0052153520891471533802
0.0031397529854636689423
-0.0015649349109489423758
0.00044280230434223781563
0.048587535998912880943
0.12085952499717316744
0.078426661469471821834
-0.015975103361878431476
0.0083717327202261637869
-0.0046434658621044797901
0.0022257147752848997183
-0.0006188056952505153676
0.051865520970581234565
0.10619349014834840688
0.17067113427455362128
0.090670945844590495741
-0.016021041321025013169
0.0072412065612222698618
-0.0031978143103607703225
0.00085923658426485268947
0.049755031560923276887
0.11438833153704800559
0.14961211637772137381
0.19736293301020600465
0.090670945844590495741
-0.013817811335609977616
0.0049970270783388283933
-0.001251252825393104989
0.051233073840438644944
0.10896480245140233555
0.16149678880104812346
0.1729701589689548277
0.19731699505105942296
0.078426661469471821834
-0.0096690077704859321695
0.0020267321462752486331
0.050171465840845891761
0.11275545213763617765
0.15371356995347997473
0.18655724377832814486
0.17319218283082044095
0.17049311917472531292
0.055595258613343617636
-0.0041450536223661907069
0.050891776472305048799
0.11021775956262797175
0.15877099819358059601
0.17826340032085421159
0.18582490730223574292
0.15057249179191316969
0.12029646053265731029
0.025307134072594064788
0.050614268145188129576
0.11119051722668723527
0.15685332293894364367
0.18134189168918099148
0.18134189168918099148
0.15685332293894364367
0.11119051722668723527
0.050614268145188129576
0.019855071751231884158
0.1016667612931866302
0.23723379504183550709
0.40828267875217509753
0.59171732124782490247
0.76276620495816449291
0.8983332387068133698
0.98014492824876811584