0.0019920481240416514039
-0.00075637407604173576373
0.00057756428967881134953
-0.00048369474732028604482
0.00042130535560828467665
-0.00037478376824041260342
0.00033757447767377224976
-0.00030636587996700464066
0.0002792833034171248248
-0.0002551806465489693077
0.00023331793751843570824
-0.00021319820273090186208
0.00019447813162533519088
-0.00017691604040702934686
0.00016034003013284677708
-0.00014462770982942375965
0.00012969286455625290914
-0.00011547647258575933923
0.00010194055654421620251
-0.000089063960583851015628
0.000076839505909993362366
-0.000065272207120245541981
0.00005437839884059065464
-0.000044185774331783815864
0.000034734528924496991963
-0.000026080129757754259494
0.000018298951174742095518
-0.000011499937946755503538
5.8520321757425403545e-6
-1.670971735154268436e-6
0.0043104680337154765745
0.0046166170777727397856
-0.0012527939068452659479
0.00087703850645026974335
-0.00071045495799877911952
0.00060907644399808832517
-0.00053696891796231954276
0.00048076320971144200021
-0.00043428478784258301555
0.00039426298894762201815
-0.0003587953456080276525
0.00032669924720379819954
-0.00029720358697958194456
0.00026978825148944884214
-0.00024409445018656495415
0.00021987171223175081302
-0.00019694510323069618247
0.00017519420805926807552
-0.00015453929678944417041
0.00013493208450466503184
-0.00011634958433435820132
0.000098790188153588116354
-0.000082271519434708473098
0.000066829922176815569614
-0.00005252179110888599949
0.000039427476520994560403
-0.000027659601572895676263
0.000017380548474561967996
-8.8438132027925836402e-6
2.5251238127688551939e-6
0.0038242147075887131198
0.010036948373346841656
0.0071961769708308423374
-0.0017130558526146319115
0.0011320523632893271241
-0.00088939831997723075824
0.00074847193510370573596
-0.00065163566542165949316
0.00057800383233343035322
-0.00051818315653053178532
0.00046732295445761650699
-0.0004226672793352796241
0.00038253899215697329002
-0.00034586506259575780645
0.00031193383946000777465
-0.00028026181760899778797
0.00025051622939765365727
-0.00022246796550012528529
0.00019596189728823074033
-0.00017089769142196998295
0.00014721727550512542674
-0.00012489677752711372354
0.00010394173775515641453
-0.000084385048093196929121
0.000066287649222851605422
-0.000049742767372329027653
0.000034885917352272879316
-0.000021916611440752546778
0.000011150272878774909293
-3.1834166817029770619e-6
0.004083432667239866539
0.0088158078455029113504
0.015663251840292970882
0.0096997981424067623992
-0.0021488791636254647028
0.0013642618524306178413
-0.0010452822573640232769
0.00086464040545041042468
-0.00074320747923869552639
0.00065254229606219888107
-0.00057996630053713403786
0.00051899359522590502802
-0.00046597449111575762395
0.00041870902427071696071
-0.00037580253221786429186
0.00033633807867360627915
-0.00029969781504958941412
0.00026545992952281746187
-0.0002333364696393319928
0.00020313451359367119614
-0.00017473137875217552829
0.00014805874052901857692
-0.00012309281714629981989
0.000099849152213811374289
-0.000078381539188892649837
0.000058785710011786239383
-0.000041210229449554497505
0.000025881490663108126273
-0.000013164582098626631086
3.7580566960674931133e-6
0.0039147397027350294063
0.0095042851781668866195
0.013719130859540638609
0.021122120509253967719
0.012100668207648513226
-0.002559299826518388289
0.0015772532429204595096
-0.0011837637806334467319
0.00096422110051623677204
-0.00081873471238302661552
0.00071152152678812382183
-0.00062668661264760623895
0.00055612994475058714957
-0.00049531225827754035912
0.00044150902998639349038
-0.00039300049906935346395
0.00034866085392440136116
-0.00030773479997096054549
0.0002697090971178203905
-0.00023423539224150392438
0.00020108234539946348662
-0.00017010540956141692053
0.00014122792384751950499
-0.00011443012118457118807
0.000089744535160180093949
-0.000067257925463423156555
0.000047122151519861719718
-0.000029581652094542539716
0.000015042273560170519184
-4.2933888168141970826e-6
0.0040360389384180372608
0.0090376023344370775382
0.01483764295546290608
0.018478925690082280843
0.02635597464231443538
0.01437328905440476662
-0.0029412212174986398718
0.001770968023926927145
-0.0013061878832651990071
0.0010493361774360019581
-0.00088078626993646835102
0.0007577600807548112347
-0.00066128747656835407237
0.00058171834377000009788
-0.00051365495389915053627
0.00045386404519763323411
-0.00040030909402793736883
0.00035166000610176670979
-0.00030702681943766504407
0.00026580691414488920355
-0.00022759355160071134242
0.00019211951158490353825
-0.00015922202755777097642
0.00012882164130716259923
-0.00010091129481179467162
0.000075554651361456118974
-0.000052895694600284308964
0.000033187786941626506145
-0.000016869694672576593129
4.8139888456713541844e-6
0.0039433248980470663309
0.0093835340457495824975
0.014065793918917939488
0.0200143227873510758
0.023044168338846426618
0.031309701486380002421
0.016493557470545123782
-0.0032911403763520425111
0.0019443426938611675286
-0.0014125694205434813281
0.0011206155306049114884
-0.00093037623243753761814
0.00079251958009018605405
-0.00068518964009082854461
0.00059727844004633764313
-0.00052257877093253379854
0.00045737642964509629046
-0.00039933485565684358196
0.0003469304001740144707
-0.00029914592748024221853
0.00025529535318039058843
-0.00021491903120846729963
0.00017771987276143671918
-0.00014352451273583740686
0.00011226145058622703263
-0.000083952836244595964282
0.000058720904989359307332
-0.000036817390114604959792
0.000018705980233718058958
-5.3366406261443471222e-6
0.0040171943437225513371
0.0091128642653928903542
0.014646667471409242434
0.018944753816608695359
0.024978186442518164105
0.02736609955614812106
0.035931018164336176761
0.018438993684426301567
-0.0036056238286157977119
0.0020960509139102404761
-0.0015024757270393300428
0.0011781340508160782009
-0.00096790472846716628078
0.00081642054283168969248
-0.00069916670292674970688
0.00060369079181689909872
-0.00052303834020927014259
0.00045305091091724082735
-0.00039111501630558320814
0.00033552905131439857247
-0.00028516020071793130457
0.00023924844117899294704
-0.00019729035873938046555
0.00015896924665278575176
-0.00012411437766526074462
0.000092681427055169348078
-0.000064752746247086900817
0.000040565290728069769339
-0.00002059852658647972969
5.8747450784301115901e-6
0.0039565393357827104782
0.0093325421534309671535
0.014186329707494097435
0.019756670527186161441
0.023623411072112420619
0.029676502342932427249
0.031398667292901681769
0.040171075746630518386
0.020188973807355053839
-0.0038814924515768609031
0.0022247753691507354829
-0.0015753559151962067267
0.001221770966266306184
-0.00099352806638152075406
0.00082981077839974251779
-0.00070370395632471138617
0.00060154145983210485784
-0.00051569442457271759832
0.0004416040632164508427
-0.00037640833693516394569
0.00031824751618115372397
-0.00026588839253657716026
0.00021851038779896444181
-0.00017557996887683990694
0.00013677709919039475176
-0.00010195610440977314631
0.000071134863517791006643
-0.000044518325832101687862
0.000022590374037737553967
-6.4404153963770883392e-6
0.0040074947922971498574
0.0091494520747586749199
0.014563997063828086248
0.01910824788201296746
0.024657366857889782155
0.028052334190415042077
0.034059536205596091162
0.035098969453681218615
0.043985015109915895896
0.021724946800270744951
-0.004115915041261705195
0.0023293286308822079386
-0.0016306854680091823453
0.0012513693249138541381
-0.0010073255849349708616
0.00083293408811735252746
-0.00069916512345890399316
0.00059128427381827883988
-0.00050107015161205040075
0.00042361365833695212679
-0.00035583729251418269645
0.0002957471347343895065
-0.00024202899958411606796
0.00019381997195921378445
-0.00015057656684502642576
0.00011200168941561510272
-0.00007801441902814706145
0.000048764288236841177136
-0.000024724639510880810608
7.0457246688577423476e-6
0.0039639152739437030187
0.009305156663949400564
0.014246333680769212265
0.019643860376067472955
0.02382749142238470512
0.029296271944602281095
0.03218457778915645769
0.038080913201489805716
0.038427678318387711161
0.047332463601177789935
0.023030630559446532179
-0.0043064656621542983831
0.0024087155417447378766
-0.0016680379044665264364
0.0012668146714842936547
-0.001009382483717899049
0.000826014843255619676
-0.00068587688872674204144
0.00057332408110198095147
-0.00047963224129530834056
0.00039959757799438718834
-0.00032996482817258676465
0.00026863433209778448179
-0.00021423558222773520887
0.00016588862383955750193
-0.00012307108816177205182
0.000085554052570497423169
-0.000053398886678528290637
0.000027047881474882257597
-7.7036403820045349389e-6
0.0040017244163980740238
0.0091706310596388377755
0.014518601877706094873
0.019190643329384830856
0.024516099355734066414
0.028294501844498219532
0.033624052367431257254
0.035976300495731639339
0.041698077783128514077
0.041349438948134646733
0.050177974592154744044
0.02409218429366106491
-0.0044511630499957725276
0.0024621690682562593777
-0.0016871234779481549245
0.0012680767776014560151
-0.00099983369247435031365
0.00080930303595806383243
-0.00066417437602399801635
0.00054806218239696992304
-0.00045183625753018800029
0.00037005913439921146067
-0.0002993405341598868206
0.00023750924464972158502
-0.00018317082292921059791
0.00013546552097668875933
-0.000093944020482976689834
0.000058532529688348717005
-0.000029613286535121458235
8.4288951118931128025e-6
0.0039685365938415349697
0.0092883412157163668996
0.014281791686862702997
0.01958112869836867621
0.023931055752091971314
0.02912832525607179283
0.032462121737172402754
0.037594789304971613305
0.03938726763238975963
0.044872740805979121694
0.043833232904263179513
0.052491409750876701592
0.024898355146698816766
-0.0045484989486646679302
0.0024891721462109156033
-0.0016878110327593447893
0.0012552325701459708696
-0.00097888783386235863533
0.00078309903513068954334
-0.0006344265370326108554
0.00051592241000875844225
-0.00041815377638221351663
0.00033551625542758744096
-0.00026453363497151598568
0.00020300581652055823816
-0.00014955994837632483839
0.00010341678059043400798
-0.000064298177154560026388
0.0000324842572165062898
-9.2389512973875524925e-6
0.0039979491171944558069
0.0091842766162310826441
0.014490186007304799479
0.019239954081996891925
0.02443692873231772749
0.028417922072962583339
0.033431334646818504063
0.036286257034282888614
0.041166384763587615267
0.042381289292861297325
0.047571287164150079221
0.045852700429715364922
0.054248262285768708394
0.025440597437101376149
-0.0045974582128018474692
0.0024894709255492898768
-0.0016701401608160738092
0.0012284784742366024539
-0.00094684009059373030083
0.0007477671363132424701
-0.00059705064510780773176
0.00047736712184586947036
-0.0003790909657556528506
0.00029652465696511754492
-0.00022616443398374870615
0.00016583845252713095095
-0.00011426651111038485398
0.000070861508864635081848
-0.000035738945565507165363
0.000010155202847716916792
0.0039716743980969745675
0.0092770595922500456915
0.01430505503205483176
0.019541360589432521327
0.023993561345534847711
0.029033703853023829578
0.032603994195064697239
0.037379362104727203281
0.039726412526450951225
0.044300978881381507817
0.044926607228480150583
0.049765134415460914146
0.047386415940299380571
0.055429918911368044254
0.025713163223389710085
-0.0045975319163668716693
0.0024630819280397552417
-0.0016343270623325037423
0.0011881361759760453426
-0.00090407838482265597792
0.00070374261600070942464
-0.00055252092552535188238
0.00043290864686506201434
-0.00033520508217449621771
0.00025370348472306826454
-0.00018494685400482626246
0.00012687709568814494244
-0.000078435065346082752325
0.000039476414970402875341
-0.000011204586364857353718
0.0039953008344481601615
0.0091937577405750766958
0.014470789007007767427
0.019272719189125379856
0.024386283269301852714
0.028492874624086464976
0.033322320023264743782
0.03644507872198754112
0.04093046854023545956
0.042746150984540780477
0.046965339503715720337
0.046996232411346084477
0.051431037355730137274
0.048418112946162997056
0.05602385836314629184
0.025713163223389710085
-0.0045487240371652919558
0.0024102943530982529603
-0.0015807658281387843266
0.0011346538904129137758
-0.00085108528084001791607
0.000651535088259156452
-0.00050137473587460014662
0.00038312074602555032532
-0.00028712574421429633704
0.00020777506976217874089
-0.00014176430461899652827
0.000087298909606852914843
-0.000043825436704566120341
0.000012421849986328240258
0.0039739410452355858909
0.0092689731011109867365
0.014321492432797049593
0.019513862795923909652
0.024035497962769895501
0.028972742542793281947
0.032690590284125130019
0.037257078334608255985
0.039900580492864238207
0.044046944245649297633
0.045313493982579821889
0.049131208677915860121
0.048568231819161031077
0.052551335035018826107
0.048936855521230130294
0.05602378465958126764
0.025440597437101376149
-0.004451551992371074863
0.0023316681576067648978
-0.0015100260452570148624
0.0010686043076801925762
-0.00078843714887750758934
0.00059173033456971452053
-0.00044421970572825649893
0.00032865603584694990138
-0.00023559231702070103843
0.00015964220281663287324
-0.00009783206564311480424
0.00004895753931439692702
-0.000013852869111152999129
0.0039933351993806903602
0.0092007498983289732814
0.014456652118816244701
0.01929617950422309079
0.02435089636367335129
0.028543572292288975003
0.03325164857606176355
0.036542471113425015693
0.040796101391092321194
0.042933971190532731459
0.046695687655925675214
0.047401269552191440276
0.050775598127259992167
0.049625962304056781429
0.05311413747953876496
0.048937154300568504567
0.055429693822867420228
0.024898355146698816766
-0.004307041163554571772
0.0022280282146298848463
-0.0014228472054376317931
0.00099067998232034804739
-0.0007168019361190101704
0.00052499320391784480989
-0.00038174714726225958949
0.0002702806632050551373
-0.00018153241355515141207
0.00011056225479898167758
-0.000055107060170887328466
0.000015559654241767838016
0.0039756673529714096949
0.0092628474420806010294
0.014333821411973335958
0.019493540305296501488
0.024065870894320337692
0.028929748931738743839
0.032749605696440525979
0.037177327903012489955
0.040007888480310896217
0.043901729858071677901
0.045513198936496094436
0.048848542963346127836
0.048987407257439569699
0.051881028566677102612
0.050158249669177964156
0.053113449924727575095
0.048419025805946492921
0.054247873343393406059
0.02409218429366106491
-0.0041167134732616796852
0.0021004546524068431686
-0.0013201301684184063993
0.00090168687312096379505
-0.00063693742634100969013
0.00045207626431131370931
-0.00031476294043703996218
0.00020895295542869394214
-0.00012624793604441019827
0.00006260309590664179565
-0.000017628168314771216089
0.0039917998884653073427
0.0092061862740705973136
0.014445752828340212965
0.019314042232243027375
0.024324407503458798503
0.028580689484969975739
0.033201350523317982773
0.036609353036754818652
0.040707912442882694442
0.043050296022547102713
0.046540893360188372699
0.047611044506220148868
0.050482587182124375573
0.050055180030947132622
0.05243570893049731922
0.050159511775295126516
0.052549232778669278735
0.047387994751652895655
0.052490834249476428203
0.023030630559446532179
-0.003882570000636300034
0.0019502692963223965168
-0.0012029258326372025819
0.00080253715193378987372
-0.00054969383579274785415
0.00037384499291232133116
-0.00024426409125394815679
0.00014602026089247241002
-0.000071922508403920992828
0.000020180974139599789031
0.0039770505234144450654
0.0092579587950563603818
0.014343589653424843498
0.01947761070384167186
0.024089334725881411349
0.028897154675654559667
0.03279329496913103378
0.037120016368436719202
0.040082200479975718171
0.043805730893055672598
0.045637647460556112232
0.04868543873893418022
0.049205426019579354692
0.051580359997661656291
0.050593392358662067643
0.052433652031714391032
0.04962982554928889816
0.051427395761406815877
0.045855039956439921881
0.050177176160154769554
0.021724946800270744951
-0.0036070674952057882188
0.0017790179151713845188
-0.0010724212645058435983
0.0006942439183944911641
-0.00045603044259275570343
0.00029134840280055733826
-0.0001716431221664015735
0.000083782080786804651221
-0.000023398544213847049698
0.0039905366634796798961
0.0092106437815077420172
0.014436872267493786363
0.019328461421295733792
0.024303292519706799598
0.028609801009619138489
0.033162694909967087471
0.036659476981053638692
0.040643836007246684838
0.043131646084360336177
0.046437669455828228305
0.047742764524105678977
0.05031240471797035113
0.05027965341437064744
0.052130030403104131557
0.050596515668379677653
0.051874722940584273052
0.048574939327131327347
0.049759724502518336546
0.043836485749742328876
0.047331386052118350804
0.020188973807355053839
-0.0032930883777779152523
0.0015884476481885657955
-0.00092992423412289400836
0.00057792534318460583257
-0.00035707424237263664296
0.00020602423416758723961
-0.000099307997885487582344
0.000027556912300592329501
0.0039782215030048726961
0.0092538326821319593008
0.014351788650933614906
0.019464349031060611699
0.024108654988241857103
0.028870692486474793985
0.032828145694437461812
0.0370752777275919836
0.04013869917353111473
0.043735053801259421206
0.045725732067578665786
0.048575483603627713028
0.049343659382480392704
0.051404233214412022441
0.050822635654962521072
0.052125493149706169878
0.050064774331371062606
0.050764615021864799812
0.047006234536506051619
0.047563736845932394402
0.041353842686631249425
0.043983571443325905389
0.018438993684426301567
-0.0029439032232459291969
0.0013804785526614121813
-0.00077685002722113765399
0.00045484246820482943983
-0.0002543135297475577587
0.00012036989015258921693
-0.000033098095639248529355
0.0039894328887094471549
0.0092145281753117615122
0.014429171331776289635
0.019340875379824165491
0.024285289251541622416
0.028634316658223306208
0.033130639453826084971
0.036700267496091166415
0.040592866645918574977
0.043194598247361099313
0.046360407046373306577
0.047837438187148115349
0.050196045149054477113
0.050423818444557656008
0.051948905217711953969
0.050829048006733082528
0.051566384514293580843
0.049004190713307447477
0.049114744819759667438
0.04494064558828815287
0.044862463021084971229
0.038433604920848940149
0.040169127745204645645
0.016493557470545123782
-0.0025631233775704691798
0.0011571680764505998334
-0.00061472650253755100185
0.00032656002274374518648
-0.00015029989020410292635
0.000040771350036236476794
0.0039792822592376314535
0.0092501038502180561643
0.014359166154720058169
0.019452491979413809107
0.024125781763935570332
0.028847489403621327912
0.032858293299783084965
0.037037209396410374111
0.040185828103125204139
0.043677487152142201244
0.045795454204748175155
0.048491395406759794864
0.049445050287295866822
0.051281503968230689667
0.050972462401581786937
0.051939981400678570707
0.0502994765304327522
0.050457997769965987604
0.047426608506567318585
0.04694204738882953271
0.042400557423105487943
0.041684135497975306684
0.035107019344925675989
0.035928336158588887436
0.01437328905440476662
-0.0021546382270174089287
0.00092067059473124395565
-0.0004452890138012214053
0.0001956318211084020329
-0.000051942690334734453084
0.0039883896369001170048
0.009218191881985309052
0.014421935593756227215
0.019352474133293663079
0.024268594340760449608
0.028656833573649353147
0.033101545062274818752
0.036736759445005083629
0.040548053024271524598
0.043248811255142026415
0.046295496511134568283
0.047914659490204309429
0.050104445093368594077
0.050532534020278350937
0.051819326945848773635
0.05098481741679302668
0.051376507132480292657
0.049240580348647046382
0.048811055199969736059
0.045349739592104940537
0.044268628312924516517
0.039413726514193870905
0.038061751149486049866
0.031409861698169788054
0.03130587793532792153
0.012100668207648513226
-0.0017225242244404429204
0.00067322308212104606598
-0.00027105102262140704832
0.000069356545348273401472
0.0039803381913872353146
0.0092463987376441062022
0.014366472450998576549
0.019440806514263079296
0.024142550705285240212
0.028824959647998425891
0.03288726578887643619
0.037001080185998902954
0.0402298888741810891
0.043624624979293665429
0.045858126605299393163
0.048417705056961461813
0.04953125036387481607
0.051180892689252341712
0.051089988368105813891
0.051802128978997284463
0.050462485849932035338
0.050262684784513391155
0.047665374992096224792
0.046641227419430198397
0.04279735130447929102
0.041121155093948803204
0.036013346963402192709
0.034032397198454270841
0.0273823162563789154
0.026350215578922491154
0.0096997981424067623992
-0.0012708978986312862073
0.00041742631004256822074
-0.000099336419156563731284
0.0039872796647650057848
0.0092220838826667046619
0.014414270553102437222
0.019364710367461251919
0.024251079182669355479
0.028680290459586681635
0.033071499989183444493
0.03677404563109744672
0.040502844392237221401
0.043302676325036364474
0.046232158810315034342
0.047988406690033899079
0.050019178258897758817
0.050630678644805098641
0.051706588264388417959
0.051114392607319412396
0.051227059936798510105
0.049414171301240660241
0.048607035866657409444
0.045593938164435447852
0.043968076757072021687
0.039799943782376677324
0.037529623034274262627
0.032238643005986541828
0.029635976428786763999
0.023069284052007699327
0.02111265213742815671
0.0071961769708308423374
-0.0008037142178013620845
0.00015988154049458968795
0.0039815711242705339525
0.0092420779687482721548
0.014374973393187122707
0.019427255886386420475
0.024161908938776031891
0.02879909989991841924
0.032920285018913431994
0.036960258888287311607
0.040279157426556519561
0.043566243184875848103
0.045926329034388399327
0.04833890788411157399
0.049621516085338365456
0.051078139977433448481
0.051206454734547669358
0.051670420896965985125
0.050611406622713303456
0.050093913880377215476
0.04785766934011833162
0.046420056464501092011
0.043055630611593867883
0.040812232402552690693
0.036397224159141161134
0.033524083859052567107
0.028137501664811444916
0.024911791373295805571
0.018522557778363255055
0.015645147848506950623
0.0046166170777727397856
-0.00032637178563217376677
0.0039857672198184570762
0.0092273821233697370308
0.014403853879608440178
0.019381297333638782703
0.024227416545054780711
0.028711843579885036249
0.03303130071542203138
0.036823608970012012479
0.040443219821830353219
0.043373054094631496539
0.046150325079476915374
0.048082428030777913617
0.049912186765983392871
0.050751502009646499389
0.05157095415660884393
0.051265986416646573394
0.051058110914609781645
0.049602232161772298341
0.048397566790053031682
0.045827943181374628651
0.043705074247090459209
0.040098664311292982853
0.037184353248819607775
0.032649540463416475314
0.029121361877049945844
0.023780031059688741775
0.019883291032133810843
0.013814789651982873325
0.0099896082315872153349
0.0019920481240416514039
0.0039840962480833028077
0.0092332341555454795712
0.014392353941661684675
0.019399596284813524798
0.024201336415297026451
0.028746578108809533241
0.032987114941090247564
0.036877987368852603134
0.040377947614710107677
0.043449893600541489901
0.046061261118893064359
0.04818436858732212982
0.049796710293397633531
0.050881194874202752298
0.051426326446779420171
0.051426326446779420171
0.050881194874202752298
0.049796710293397633531
0.04818436858732212982
0.046061261118893064359
0.043449893600541489901
0.040377947614710107677
0.036877987368852603134
0.032987114941090247564
0.028746578108809533241
0.024201336415297026451
0.019399596284813524798
0.014392353941661684675
0.0092332341555454795712
0.0039840962480833028077
0.0015532579626752298642
0.008165938360126395015
0.019989067515846243892
0.03689997628536283706
0.058719732103973659228
0.085217118808615801279
0.11611128394758690254
0.15107475260334210153
0.18973690850537856943
0.23168792592899005037
0.27648311523095541161
0.32364763723456094326
0.37268153691605507678
0.42306504319570822652
0.47426407872234115208
0.52573592127765884792
0.57693495680429177348
0.62731846308394492322
0.67635236276543905674
0.72351688476904458839
0.76831207407100994963
0.81026309149462143057
0.84892524739665789847
0.88388871605241309746
0.91478288119138419872
0.94128026789602634077
0.96310002371463716294
0.98001093248415375611
0.99183406163987360499
0.99844674203732477014