0.0015572851389771711797
-0.00059186930458674529289
0.00045274255648927409426
-0.0003801310386445486257
0.0003322240602211665517
-0.00029680036249186025174
0.0002687207756672598969
-0.0002453832700854007271
0.00022530988149528975287
-0.00020759264303244474389
0.00019164131442765159647
-0.00017705571209471281449
0.00016355576437030595139
-0.00015094074351500117665
0.00013906429110725191701
-0.00012781848122145654132
0.00011712330042815299882
-0.00010691950504527107777
0.00009716365814741573074
-0.000087824618508121613189
0.000078881026598513418201
-0.000070319497655045963075
0.000062133335612174846694
-0.000054321650542778548854
0.000046888811831498284803
-0.000039844210375862331852
0.000033202345305190364996
-0.000026983306725429502835
0.000021213819412654196238
-0.000015929197989213249248
0.000011176992613762625208
-7.0242719251568279146e-6
3.5745005221329942596e-6
-1.0206542087767333744e-6
0.0033697118395507492974
0.0036125406871487588538
-0.00098204066640693517522
0.00068925224305781275997
-0.00056023018217027503203
0.00048233542817541699523
-0.00042743679252174328892
0.00038505595162134752583
-0.00035034377601357556632
0.00032072344629094102143
-0.00029468884728173538434
0.00027129716846636720739
-0.00024992751685655291891
0.00023015521210788826137
-0.00021168150956805661672
0.00019429200377609168905
-0.00017783083179936259809
0.00016218404730319017529
-0.00014726856025193785418
0.00013302458926545219649
-0.00011941041209563875478
0.00010639867381821901025
-0.000093973792564635964208
0.00008213017665341889882
-0.000070871082813026098383
0.000060208031801705251563
-0.000050160776580692115573
0.000040757912309614886629
-0.000032038364609883644952
0.000024054276824637388142
-0.000016876466695230174415
0.000010605387821503566588
-5.3965877969403950975e-6
1.5408868783640720684e-6
0.0029895821655398181848
0.0078539956759557884226
0.005640930496373742521
-0.0013462566876400924526
0.00089266852184235299133
-0.00070430950176182673893
0.00059577665488823943212
-0.00052188780886658224562
0.00046625532775243454452
-0.0004214965056719834062
0.00038378828065845745088
-0.00035094909038498107311
0.00032164267025115792155
-0.00029500593736500622193
0.00027045863891474196654
-0.00024759878892067039809
0.00022614182278655192352
-0.00020588347356572181796
0.00018667621533718829678
-0.00016841382512019991422
0.0001510210021934769474
-0.00013444625864812716698
0.00011865700840677668738
-0.00010363620027534827648
0.000089380100259036429662
-0.000075897004435384178314
0.000063206803477996915567
-0.000051341463526823453383
0.000040346689311956914742
-0.000030285403637429306951
0.000021244502016744784285
-0.000013348567522465080522
6.7918573066628983471e-6
-1.939182602624384032e-6
0.003192227951034413132
0.0068984380121907391351
0.012278095370626820241
0.0076228451596115329524
-0.0016944526556791760937
0.0010803217974630154304
-0.00083199921452098936699
0.00069243848380716463406
-0.00059946969736818745839
0.00053072896766044210177
-0.0004762321780412206194
0.00043085913009032387376
-0.00039171725876653420695
0.00035705248377954618967
-0.00032574287042074211698
0.00029704113699702385388
-0.00027043411329010056764
0.00024556151764015992148
-0.00022216675754753890949
0.00020006594773272837447
-0.00017912777087880029289
0.00015926005883486001931
-0.00014040070390342452986
0.0001225114771099050351
-0.00010557389871854262033
0.000089586663889608886437
-0.000074564379688796138157
0.00006053759256407581636
-0.000047554355847935348718
0.000035684041854871298128
-0.000025025088441989833523
0.000015721001384296283024
-7.9979222082135126267e-6
2.2833684971186216475e-6
0.0030603482434124966582
0.0074371887829969482921
0.010754123975933581191
0.016599392490650003325
0.0095416484490968790804
-0.0020265908721632515772
0.0012553689967795170293
-0.00094793989711214685255
0.00077766334342645170757
-0.00066581125334817154437
0.00058416012316355971675
-0.00052015608557994962196
0.00046738711994630083505
-0.00042224676397387328224
0.00038255813811737788003
-0.00034693547255596001837
0.00031446012205721781648
-0.00028450417313002468482
0.00025662879380003429619
-0.00023052286390425921684
0.00020596447858390173062
-0.00018279604258037246905
0.00016090777940774414327
-0.00014022666604384164965
0.00012070902785778477641
-0.00010233575460530777777
0.000085109569226829657486
-0.000069054142683882418483
0.000054215221422719972182
-0.000040664493044399328249
0.000028508064112813467996
-0.0000179044384085994198
9.1071321892148370789e-6
-2.5997922095709528355e-6
0.0031551806314046866969
0.0070719845744231714694
0.011630935793891985856
0.014522130502315222227
0.020782298142134090183
0.011381402880838318113
-0.0023408936182705455577
0.0014180691780789838555
-0.0010533587721896709762
0.00085321938916592478187
-0.00072299059663351834014
0.0006287975322370766924
-0.00055559904694443048815
0.00049572718940343542103
-0.00044487798580167117828
0.00040045931939681900655
-0.00036082496674960910985
0.00032488628141174046513
-0.00029190100927624284879
0.00026135175414084557237
-0.00023287273098403530507
0.00020620392757155707635
-0.00018116155162312426484
0.00015761857325081817845
-0.00013549180307242398782
0.00011473342793383310791
-0.000095325822232216639468
0.000077279068118584688262
-0.000060631159626806920708
0.000045451565929229020116
-0.000031850158990872819674
0.000019996908338137180565
-0.000010169211732041463919
2.9026268605156763594e-6
0.00308269098061039789
0.0073427129748427587598
0.01102584117315154242
0.0157288374127775099
0.018170794179204550168
0.024792435564442339633
0.013126853643169526542
-0.0026351794406435121305
0.0015678419199853649219
-0.0011484009600071243816
0.00091967083347726950582
-0.00077183470663986417
0.00066563697469759030542
-0.00058366431353109336379
0.00051704811295044173717
-0.00046081566404563332032
0.00041197548291884854609
-0.00036863003923568187287
0.00032952616298464943333
-0.00029381067934327891817
0.0002608898915993912458
-0.00023034499459573694167
0.00020187924229483170696
-0.0001752840029959727858
0.0001504165588042363332
-0.00012718556891741880154
0.00010554186163813959614
-0.000085473315928207217525
0.000067003429185867821399
-0.000050194080878339846095
0.000035154554701059131528
-0.000022062684266127793654
0.000011216672368274647632
-3.2011252434309970467e-6
0.0031404537636410135066
0.0071308606886457224014
0.011481266695021705059
0.014888164041298395208
0.019695948941771809261
0.021669597545015633306
0.028596751637498210696
0.014763533956881123298
-0.0029072232238498976445
0.0017038421725010244453
-0.001232817397524472594
0.00097711116919975450207
-0.00081265794733574073513
0.00069514273706411799571
-0.00060492008806784083542
0.00053199024344129783718
-0.00047074948234969236558
0.00041782881960220577405
-0.00037109277702422985276
0.00032913221470959206355
-0.00029098878697739819137
0.00025599659742913618002
-0.00022368698699742948935
0.00019372919188079087211
-0.00016589238222877205362
0.00014002106844152798336
-0.0001160193513193611023
0.000093841527035318785184
-0.000073487932560100376766
0.00005500617884500332446
-0.000038499774000604675799
0.000024150395586766194713
-0.000012274015613468335673
3.5022454023524646796e-6
0.0030930151539613687757
0.007302832968186303817
0.011120285048297710156
0.015526418803021232473
0.018627451907468921158
0.023499308320868037156
0.024989363838171834092
0.03216382944297300078
0.016277880388519102845
-0.0031548902421482303461
0.0018251681013122780386
-0.0013062200910349624253
0.0010254435803105517871
-0.00084555230742745948772
0.00071753778458059348038
-0.0006196834679349495685
0.00054093952168717057352
-0.00047511602038602667503
0.00041849303530306535631
-0.00036871379841560601406
0.0003242241957014482837
-0.00028396836266603163455
0.00024721387288996822839
-0.00021344676652539559799
0.00018230631258992044178
-0.00015354354114890773494
0.00012699477753094243085
-0.00010256534074791150448
0.000080220970792707901336
-0.000059986421506426088173
0.000041952960145739123887
-0.000026301319132737610648
0.00001336193407160146022
-3.8118474403076364793e-6
0.0031328788604232344868
0.0071594641160000296115
0.011416515021077728993
0.015016569520940181682
0.019443086962294455661
0.022212845720156340271
0.027107453544288919291
0.028102463407159327625
0.035464178154852809717
0.01765734395356393125
-0.0033762004190572391215
0.0019309517563324041621
-0.0013681934120386097157
0.0010645051330432161351
-0.00087051828856951627797
0.00073293687682854979614
-0.00062815270863545862651
0.00054415682918807112645
-0.00047422386128566323113
0.00041431338535172271379
-0.00036186674255209380427
0.00031519790241952071301
-0.00027316279716468492866
0.00023496959415379959501
-0.00020006498198850087125
0.00016806380156692430159
-0.00013870476922595397227
0.00011182294223440574453
-0.000087334018178153686571
0.000065228559373379255203
-0.000045577267166816818346
0.00002855395095921982771
-0.000014499613921417114825
4.1353473116635495597e-6
0.0030987718464117590035
0.0072814364632503392129
0.011167257157881731536
0.015437863388789654295
0.018788235761515651871
0.023198403020555379392
0.025614635346503501487
0.030490554725369542635
0.030983019028253991331
0.038470493843840271855
0.018890493665007982818
-0.0035693659915439155022
0.0020204050042800694517
-0.0014183490127783731668
0.0010941281608103172782
-0.00088753021532590473761
0.00074141374829899211389
-0.00063047473639308348961
0.00054184472730054693555
-0.00046831879144137667448
0.0004055698301543423102
-0.00035085907906694536098
0.00030238349563761549729
-0.00025892169510937324606
0.00021963104914977937148
-0.00018392642333389673652
0.00015140565161985067717
-0.00012180345808427295189
0.000094964192862438325363
-0.000070828935140943139475
0.000049436824513167325313
-0.000030947026214799659664
0.00001570623881327060494
-4.4781412606320296771e-6
0.0031283792975988536676
0.0071759970548271829486
0.011381008005963639538
0.015081201204082108928
0.019331862976989448285
0.022404386458332156753
0.026761129776637134506
0.028804599156776834097
0.033620636627755615133
0.033607105915208622943
0.041157894753654305541
0.019967111084942961185
-0.0037328169796000650228
0.0020928457699188064856
-0.0014563556887461859508
0.0011141732655015555106
-0.00089657139454466573479
0.00074303749440861138271
-0.00062678200152175197846
0.00053418420252541565099
-0.00045762002852677622398
0.00039251248229108571171
-0.00033596664192278260088
0.00028607911702624066277
-0.00024156371166240940036
0.00020153730983747685104
-0.00016539250040729717105
0.00013272021455305011973
-0.00010326344140467109626
0.000076892719097020564832
-0.000053600784890876919925
0.000033521921848524348461
-0.000017002166598924128495
4.8459348862383179281e-6
0.0031023708523713688132
0.0072683260066595002357
0.01119495898795657948
0.015388709798593691741
0.018869694787665379799
0.023065680238433534852
0.025835199570651735403
0.030101718034231559916
0.031756267140448841063
0.036471807533064132162
0.035952941283526154134
0.043504132593966302229
0.020878274924961413797
-0.0038652199370082026336
0.0021477144295505516214
-0.0014819568429780384381
0.0011245481812708825062
-0.00089765409745369272209
0.0007378932846091535966
-0.00061721357043907292375
0.00052135586336941225848
-0.00044234134026755198306
0.00037538256222321968738
-0.00031745444651179271979
0.00026657172570370509521
-0.00022139774757323823396
0.00018102139532957911714
-0.0001448254246273894508
0.00011240823218096564122
-0.000083540215006115096427
0.00005814727380360924791
-0.000036324936004403831009
0.000018410023797868728088
-5.2450458226134074094e-6
0.0031254443086365414088
0.0071866178130982924198
0.011358844454338728078
0.015119778909424504745
0.019269679629314524648
0.022501797372546208831
0.026608144826242310968
0.029052301217331954433
0.033192489236786906272
0.034445148904537057352
0.039020475391717477787
0.038001059551078656269
0.045489779900409539558
0.021616434936758937446
-0.0039654922713695545124
0.0021845846219022798965
-0.001494981166401435415
0.00112521895197076233
-0.0008908312692360007739
0.00072609448955597221572
-0.00060192754177937397619
0.00050355255531323307819
-0.00042270383488401983586
0.00035442543276276629042
-0.00029559016356265616004
0.00024415139185218922859
-0.00019873873051596686924
0.00015842868789542634547
-0.00012261126217364022257
0.000090914188828946272428
-0.000063167828792780453162
0.000039409781462966785673
-0.000019955879562320351188
5.682724779942180945e-6
0.0031048044100670569448
0.0072595657803673032112
0.011213062537630418474
0.015357664810125808242
0.018918690036139079355
0.022991136190349254305
0.025947638754738988832
0.02992979924101893706
0.032029053028201479991
0.03600784289993814818
0.036848938677402942136
0.04124554544597854099
0.039734470349277955103
0.047098392833807300559
0.022175474458923467322
-0.0040328131554940717356
0.0022031704704991559089
-0.0014953492173599785776
0.0011162165618927964911
-0.00087620338250887593443
0.00070778978463344337667
-0.0005811084058162507394
0.00048098701704912431653
-0.00039894403068194812719
0.00032989932022748664573
-0.000270653920813433039
0.00021912291604715654645
-0.00017392231195249328051
0.000134136909359060018
-0.000099189225057069030397
0.000068772902428873610298
-0.000042840602301034567252
0.000021670640779427419821
-6.1675331227919421724e-6
0.003123397023112739412
0.0071939565813938652529
0.011343796266397402267
0.015145281353687075502
0.019230091780195666133
0.022560693343709289826
0.02652194922077096249
0.029178784501441790919
0.033003068667372380717
0.034740795146824313643
0.038524460414637226209
0.038947700195362228916
0.043128596774081583962
0.041138797254453817312
0.048316648556976935153
0.022550761092660182393
-0.0040666315082269021752
0.0022033312078240209626
-0.0014830772620138106733
0.0010976406409155545683
-0.00085392222869755060174
0.0006831671356035530717
-0.00055497132886131715642
0.00045389662665622750695
-0.0003713193446244065961
0.00030208202481950053071
-0.00024294704698608684966
0.00019181799209884005527
-0.00014732287634307677623
0.00010858443856037701512
-0.000075099141241359697647
0.00004669587654786145743
-0.000023591827506926304229
6.709818806553606887e-6
0.0031065491296800108315
0.0072533330954111856889
0.011225761783385743282
0.015336347806024028539
0.018951345470513500394
0.022943405651300260261
0.026015882498457965174
0.02983270445889871576
0.032168528393842648403
0.035802458616212921969
0.037165060608608053992
0.040721494913630010609
0.040724031489669855333
0.044654036155328681477
0.042202395646486804659
0.049134456314706714519
0.022739185082564968404
-0.004066671275827447579
0.0021850737172520191886
-0.0014582791008707934514
0.0010696611235876539466
-0.00082419264217723117978
0.00065245575587974850513
-0.0005237645487530233892
0.00042254655401092720623
-0.0003401125292059308921
0.00027127753012971667021
-0.00021280237422548850366
0.00016261188102292965344
-0.00011938153423049055673
0.000082319459529154257123
-0.000051073702092636076099
0.000025765939613133428312
-7.3223449155818974545e-6
0.0031218926228699242568
0.0071993154346843842793
0.011332934694840121118
0.015163370859693911648
0.019202678432424248718
0.022600193880653706573
0.026466509660564541588
0.029255790383632529927
0.032895873306244136581
0.034892141353116935293
0.038304751878768989025
0.039281766414006173864
0.042580742492100058773
0.042163208749930220946
0.045809228018717728095
0.042916448468068345598
0.049545041440957384387
0.022739185082564968404
-0.0040329341293863497322
0.0021485532713601299843
-0.0014211662818108065851
0.0010325183602529722603
-0.00078727274374408823967
0.0006159267214079116438
-0.00048777070908505946974
0.00038723238319555728629
-0.00030563654513646916325
0.00023782478788108791026
-0.00018059988962362403431
0.00013195142768025776729
-0.000090657486800962634021
0.000056099209361741760341
-0.000028251721113667981322
8.0211482743315277863e-6
0.0031078604591477887524
0.0072486732018044440118
0.011235165116199623585
0.015320789460464425602
0.018974712459633381146
0.022910128638019713003
0.026061889294240213029
0.029770014960748333447
0.032253678752218705159
0.035686007251752269096
0.037327090703359738128
0.040489193498747239526
0.041073382714319274522
0.044086792102215425494
0.043253308276931380075
0.04658459944733417546
0.043275038957305915845
0.049545001673356838983
0.022550761092660182393
-0.0039656996391300005098
0.0020940726190640575801
-0.0013720469241587563681
0.00098652197452369345333
-0.00074347308462126057398
0.00057389276030354885698
-0.00044730789033417502795
0.00034828341232045567774
-0.00026824193443190940586
0.00020211241796734640096
-0.00014679488200190797214
0.0001004089655359904025
-0.00006193527364991722523
0.000031124792903652454695
-8.8267451583970526878e-6
0.0031207378110771343015
0.0072034107335180902878
0.011324701595048519609
0.015176917416794192294
0.019182486123250827191
0.022628668852317576209
0.026427629598291546365
0.029307944997715090051
0.032826414697851638728
0.034984788586900375854
0.038179931360697913763
0.039453235152836798053
0.042337658255739078333
0.042525080088884431515
0.045227152300355810578
0.043985305623427568296
0.046973719382489915385
0.043275199694630780899
0.049134335340814436523
0.022175474458923467322
-0.0038655229602894256671
0.0020220795006448724909
-0.0013113232760926186201
0.0009320486526130234991
-0.00069315499281028568072
0.0005267077488367256981
-0.00040273132725669046285
0.00030606853160006425183
-0.0002283304286726180784
0.00016460686205467880553
-0.00011197449090274233697
0.00006879845511706656768
-0.000034484406069785503574
9.765867887285414487e-6
0.0031088875531744001784
0.0072450372538598380588
0.011242451211284518256
0.015308858148015846358
0.018992382709364811888
0.022885417023850276449
0.026095278598443626739
0.029725806644278213466
0.032311609385186016461
0.03561027807069051866
0.037426561897253199345
0.040356926004769942205
0.041252997294609594515
0.043834797415297248868
0.043624854428290962428
0.045992353454556365561
0.044353151213159174478
0.046973351331531372223
0.04291693756341808489
0.048316441189216489156
0.021616434936758937446
-0.0037332300504867119649
0.0019331626188072661004
-0.0012394880617015121514
0.00086953900259080514787
-0.00063672845974870058309
0.0004747666964302921637
-0.00035443753990325788417
0.00026100838913042739606
-0.00018638273112076648698
0.00012591140979856115951
-0.000076983461591243035836
0.00003846356119922528776
-0.00001087403068219904954
0.0031198153237769557667
0.0072066713504996489795
0.011318185928751888873
0.015187543045419456657
0.019166837113199873257
0.022650397529495670586
0.026398532710966442535
0.02934604651843266748
0.032777158524611443923
0.035048116181424157404
0.038098441776527758355
0.039558839607662702682
0.042198891190190379577
0.042711514010148462634
0.044968162488286007567
0.04436362890071121119
0.04637602426258362953
0.044353821983859054301
0.046583479028298403225
0.042203234488296383022
0.047098089810526077526
0.020878274924961413797
-0.00356991042408037986
0.0018280460464898115017
-0.0011571196259362696623
0.00079949363658936462579
-0.00057465012046931331866
0.00041850771568731768113
-0.00030287447675689862479
0.00021360211052837836193
-0.00014301947937062583637
0.000086902004790905561842
-0.000043244632361982528077
0.000012199425582973546141
0.0031097243430681040414
0.0072420835408964418361
0.011248339070898960694
0.015299291104113942825
0.019006404179096737596
0.022866069203081307323
0.026120987071786002964
0.029692460414169543768
0.032354223467200728838
0.0355562516187902719
0.037494908212989724973
0.04027018881180870497
0.041364037367631741882
0.043690489902044651116
0.043816764715321518993
0.045728304186842116765
0.044735332670721325425
0.046374941559674602542
0.043987348919818809276
0.045807304606593120594
0.041140024103599068407
0.045489366829522892616
0.019967111084942961185
-0.0033769074236383399056
0.0017075819919192395569
-0.0010648758507174094438
0.00072246875698541250022
-0.00050742249029808142201
0.00035841930334447947421
-0.00024856607879569012443
0.00016448911514095697705
-0.000099147013216154496176
0.000049084319470334758997
-0.00001380901964451130831
0.003119048419214974389
0.0072093751354842471027
0.011312808018962284702
0.015196253494709898579
0.0191541258333347013
0.022667841568814197902
0.026375510744423326036
0.02937566226214239592
0.032739687200372102426
0.035095056857978083128
0.038039909025125338881
0.039631838674248306872
0.042107408928989772954
0.042827300043363532582
0.044819267709288311318
0.044559677458019817851
0.046108844901523020297
0.044736956416830944694
0.045989052400646269525
0.043256820757036617365
0.044651218886296248059
0.039736144845642758142
0.043503588161429837872
0.018890493665007982818
-0.0031558059367124093557
0.0015727417487842143585
-0.00096348681160729603809
0.00063907193983555159736
-0.00043559725887874316494
0.00029506113667810629029
-0.0001921730695665883906
0.00011460383486575350613
-0.000056355088952821505347
0.000015798431542583355813
0.0031104349306426788097
0.0072395809882189348224
0.011253307041788265214
0.015291267586389882723
0.019018068338820378906
0.022850139779854789913
0.02614188434410464734
0.029665772682988200569
0.032387696975471281388
0.035514752889116363371
0.03754601773586216604
0.040207384967050607298
0.041441351947503306881
0.043594736616069968696
0.04393663553249521193
0.045575746046606028018
0.044934213335941865681
0.046106522873765395434
0.044368585308491814991
0.045221467206416450922
0.042168364740474658757
0.043124743261961437309
0.038003270413553518207
0.041157187749073204757
0.01765734395356393125
-0.0029084173778146040282
0.0014246045066029189718
-0.00085374625794986620682
0.000549960041520295956
-0.00035979006410069750057
0.00022912079828288422228
-0.00013465402833024395133
0.000065617258297488096125
-0.000018308582468892127468
0.0031183821253946499958
0.0072117194402259162474
0.011308162311880222653
0.015203737359077326781
0.019143283319700184249
0.022682584790883928326
0.026356272627086964589
0.029400073136231304166
0.032709304318187113424
0.035132381594537942058
0.037994434096541361233
0.039687008296995954141
0.042040518212588859228
0.042908645677816426608
0.044719662716262540658
0.044683029150017299431
0.045953486185515963483
0.044937430643442766234
0.045721205653255314355
0.043633411133266341163
0.04407842218094533438
0.040731106269612275806
0.041240442260920884795
0.035955819228703687597
0.038469578149276092846
0.016277880388519102845
-0.0026367615292107541826
0.0012643434481672189918
-0.00073650255919140092894
0.00045584499072483700322
-0.00028072848379816656797
0.00016157594444977488611
-0.000077751593888786109359
0.000021555123992973583561
0.0031110680325519898946
0.0072373553899109860433
0.011257710597160718847
0.015284190093223670581
0.019028290719348754836
0.022836293694236736604
0.026159865759303734299
0.029643087265081607699
0.032415739708596677706
0.035480580289356634553
0.037587258138135174763
0.040157909156883351859
0.041500553252493691413
0.043523858660495273083
0.04402181670313734258
0.04547261496234459464
0.045060541345527731034
0.045949119647479629173
0.04456953194187906695
0.044955869005914775479
0.042537727136453756896
0.042569207797258568329
0.038957111000686167867
0.039013804727540438229
0.033610845734626838054
0.035462984000888103334
0.014763533956881123298
-0.002343044351159157612
0.0010932082166610029213
-0.00061265204357805109997
0.00035752627792467069646
-0.00019940570227422001669
0.000094220685651795306204
-0.000025883485686671147336
0.0031177714031977733563
0.00721386470192924306
0.011303923677013612836
0.015210535764522006773
0.019133490979072098007
0.022695802332490768406
0.026339180602267260302
0.029421526052124107001
0.032682946345955624491
0.035164271348323626166
0.037956271333011938421
0.039732342927591090662
0.041986894844518564535
0.042971979981918483646
0.044644759597190213562
0.044771996022335715354
0.045847000204365618681
0.045066394682211088262
0.045562337849365998107
0.043833900804896492906
0.043816534187048968256
0.041090912875225237288
0.040706056876525786539
0.03686131649653869613
0.036463088867134986881
0.030987918857052840767
0.032162247354405758727
0.013126853643169526542
-0.0020296298027657034059
0.00091250271898920799306
-0.00048314709355444399541
0.00025601981959594262223
-0.00011763160054524105219
0.00003187929734394446931
0.0031116676510938266829
0.0072352505860295591715
0.011261864084409347861
0.015277540478213938724
0.019037845332264529141
0.022823436921303443148
0.026176428218220468396
0.029622393735994463236
0.032441027349104372581
0.035450179710200286487
0.037623368756765147457
0.040115383721509046634
0.041550345922351270517
0.043465742604501910197
0.044089597163706089071
0.045393423194596607636
0.045153483883718196343
0.045839195131879545918
0.04470106286592354578
0.044795826903648605822
0.042737142684114439471
0.042312148896867258082
0.039305424637648845677
0.038503977926649483976
0.034461468517961937718
0.033609119549227876665
0.028108998735683262741
0.028594600904609598642
0.011381402880838318113
-0.0016990012439403320225
0.00072355981690784367813
-0.00034907480114450081397
0.00015309679987434623819
-0.000040610353450344337644
0.0031171700701639133121
0.0072159742421083028705
0.011299765431156084462
0.015217182255110252437
0.019123961391238157489
0.022708590540253916255
0.026322761429022935503
0.029441958344535416939
0.032658096531643513467
0.035193978879270077723
0.037921213996059807285
0.039773314390478178226
0.041939345892503200063
0.043026905394933973161
0.04458147178175119386
0.044844893391520330491
0.045762874338259961492
0.045163910043072718991
0.045448457657876324805
0.043968390779729556764
0.043655116637491748174
0.041289162729976526758
0.040454378255465871991
0.037196827206852405919
0.035980499160476034044
0.031778097433611753982
0.03047500781087439345
0.024998338289559536055
0.024789396633839887804
0.0095416484490968790804
-0.0013537021714269374206
0.00052773701681390385085
-0.00021210740869943058455
0.000054222034541845701149
0.0031122869094572237377
0.0072330792965057312202
0.011266139991363188759
0.015270715407665055738
0.019047612856338886863
0.022810360117524571576
0.026193169693774977268
0.029601632293451042735
0.032466174113148596803
0.03542026180584640512
0.0376584758529060606
0.040074622873789346899
0.041597289791087967574
0.043411997644396675185
0.044150882970114206269
0.045323688942867903696
0.045232808647489776886
0.045748804278420037375
0.044804481048323340933
0.044676691788267676761
0.042875817389738328702
0.0421482671086893618
0.039503363039795598496
0.038257219508057186255
0.034783958939467420398
0.033155230474406393148
0.028834629429955081963
0.027085706500860042451
0.021682483964213620797
0.020777749553872934255
0.0076228451596115329524
-0.00099623437787933519881
0.00032664336210677857253
-0.000077657673080070772677
0.0031165094605569667433
0.0072182895169908548093
0.011295209560269950123
0.01522444581720632112
0.019113582301831187468
0.022722459072364679312
0.026305048749865876538
0.029463861110284249681
0.032631657781473589868
0.03522530780686882607
0.037884623530291313912
0.039815565161479145682
0.04189099610857095476
0.043081848871324397945
0.044519362742967134558
0.04491484596998317649
0.045684253638695658626
0.045252228342343384884
0.045349120974241035185
0.044080490278932192677
0.043527875810882881114
0.041434907179671669672
0.040285171260270903443
0.037397199049357508185
0.035736184412799845906
0.032089505449285771145
0.030048955722628828843
0.025657930631450813652
0.023467115263438462966
0.01819062837635140517
0.016591947006863158357
0.005640930496373742521
-0.00062891430165827071498
0.00012498811241452417448
0.0031130293910759782872
0.0072304779620944581027
0.011271255604925981475
0.015262566785918296079
0.019059242621369120773
0.022794844126286519872
0.026212949374029438197
0.029577228690342938713
0.032495552745236500438
0.035385558989940888598
0.037698857153362546737
0.040028195962450558334
0.041650151176104608583
0.043352280285613513647
0.044217924328581482447
0.045248790745572302641
0.045316186117826746632
0.045656200996929299406
0.044907230181544273098
0.04456263042741499126
0.043002714661409986631
0.042006477366779380512
0.039662925001419555162
0.03807567617729770102
0.034993964460836921478
0.032906104553051781256
0.029142011962140899071
0.026681144078860796373
0.022280470333501219232
0.019643527080364033193
0.014556438076165253145
0.012263901659154420217
0.0036125406871487588538
-0.00025514156159640693805
0.0031155909321631190927
0.0072215068737753847133
0.01128888526467264187
0.01523451332660930328
0.01909922609618297141
0.022741591942263982031
0.026280690593064482587
0.029493865568457056232
0.032595604987414068021
0.035267799095296364215
0.037835308980558744184
0.039872088834273747523
0.041826869347577873557
0.043153988846919361474
0.044438773536355056257
0.045004358527172949056
0.045585289670175207885
0.045361246864701783809
0.045229340666541821328
0.044211884626739682727
0.043383810617032876069
0.041592994085552521642
0.040111277881980635184
0.037589346015588314039
0.035522280550160307243
0.032330450895542915936
0.029772451183847647324
0.025984986510671793187
0.023059606124168496479
0.018751072837972591609
0.01562582135786761453
0.010829118436258210948
0.0078169506788842630005
0.0015572851389771711797
0.0031145702779543423593
0.0072250813742975177076
0.011281860992747485042
0.015245690319223065905
0.019083296898193758161
0.022762805761676636227
0.026253707286339053084
0.029527067913762246597
0.032555760777038205689
0.0353146879071278625
0.037780987330015965635
0.039934222169885922369
0.041756549849922827594
0.043232869873517874892
0.044350948917846934644
0.045101522185320364787
0.045478370165129936808
0.045478370165129936808
0.045101522185320364787
0.044350948917846934644
0.043232869873517874892
0.041756549849922827594
0.039934222169885922369
0.037780987330015965635
0.0353146879071278625
0.032555760777038205689
0.029527067913762246597
0.026253707286339053084
0.022762805761676636227
0.019083296898193758161
0.015245690319223065905
0.011281860992747485042
0.0072250813742975177076
0.0031145702779543423593
0.0012141231045790403783
0.0063860917968452574751
0.015645868733327859118
0.028918801297446454184
0.0460951611408377656
0.067032680832717765368
0.091557886049533167704
0.11946756168506349291
0.15053044339186854603
0.18448913645973572734
0.22106224966512667863
0.2599467274048364829
0.30082036112067702968
0.34334445933026837627
0.38716665419177525807
0.43192382137040851205
0.47724508902344872863
0.52275491097655127137
0.56807617862959148795
0.61283334580822474193
0.65665554066973162373
0.69917963887932297032
0.7400532725951635171
0.77893775033487332137
0.81551086354026427266
0.84946955660813145397
0.88053243831493650709
0.9084421139504668323
0.93296731916728223463
0.9539048388591622344
0.97108119870255354582
0.98435413126667214088
0.99361390820315474252
0.99878587689542095962