0.0016515569618968445147
-0.00062756688607887810496
0.00047986658758846253314
-0.00040268189899585580938
0.00035167516092254028617
-0.00031388891426473132862
0.00028387606076391874547
-0.00025887993926069832355
0.00023733581876511273809
-0.00021828336005900696023
0.00020109912008935708985
-0.00018536118565296094378
0.00017077501808591685603
-0.00015713023602579227674
0.00014427414518013057532
-0.00013209485239345634337
0.00012051012544436253999
-0.00010945983711206577951
0.000098900725316568205109
-0.000088802699701089619875
0.00007914621530823070158
-0.00006992041021530516622
0.000061121816283502860743
-0.000052753528954493580199
0.000044824781214793961374
-0.000037350922530480504888
0.000030353871878059370109
-0.000023863222575096504373
0.000017918387751214487576
-0.00001257265891043994421
7.9013646785166599642e-6
-4.0208289656067359702e-6
1.148097300817167604e-6
0.0035737007013482594445
0.003830425378233669032
-0.0010408757475515329501
0.00073014218390547888347
-0.00059303172569182400039
0.00051010777658252952641
-0.00045154513169792935191
0.00040623713432783696275
-0.0003690459752779805332
0.00033724318823174881662
-0.00030923555494199611575
0.00028402711785513691492
-0.00026096325526176708296
0.00023959741606177549174
-0.00021961662519918767239
0.00020079740009293047149
-0.00018297842218779711432
0.00016604293670005476997
-0.00014990706053144785548
0.00013451182485872210665
-0.0001198176691894008909
0.00010580060845737221252
-0.000092449595239783633161
0.000079764789407739452546
-0.000067756580329968074427
0.000056445316920182887594
-0.00004586182005754011163
0.000036048926003198320271
-0.000027064634821987313551
0.000018988172480059751452
-0.000011932263571275207863
6.0717276649240509795e-6
-1.7336529014452430319e-6
0.0031705596540539238856
0.0083276967533972892719
0.0059788870254373700876
-0.0014261255068893740482
0.00094493702833629207594
-0.00074486626668026924643
0.0006293839055049540603
-0.00055060087151704914822
0.00049115105280308907075
-0.00044321360015291851745
0.00040274082781435455047
-0.00036742499329540564193
0.0003358543544106542145
-0.00030711875810147273924
0.00028060789799321438399
-0.00025590050748808190324
0.0002326998958994957487
-0.00021079463455511589474
0.00019003363233420972985
-0.0001703098294470171349
0.00015154927051702867222
-0.00013370367205829396736
0.0001167453598932070737
-0.00010066390267303580232
0.000085464055502866119631
-0.000071164837418586249744
0.000057799759580945503417
-0.000045418466940526444809
0.000034090482823496642002
-0.000023912682061447170447
0.000015024629370655687084
-7.6445072483774168145e-6
2.1826058575400838877e-6
0.0033854724017643709744
0.0073145072148632804493
0.013013693384383561287
0.0080750896580822383204
-0.001793673158657386002
0.0011425368330474330147
-0.00087893893150086905695
0.00073054358553782860255
-0.00063148858347204470939
0.00055808577098433276839
-0.00049976297066156565411
0.00045110109344096737878
-0.00040904110997292306566
0.00037173017684371927697
-0.00033798522875579366076
0.00030702021374593859539
-0.00027829723535752085082
0.00025144054584277058072
-0.0002261844764223389466
0.00020234068284385353426
-0.00017977689999392547567
0.00015840284828335168159
-0.00013816077434732514616
0.00011901914187217604237
-0.00010096860539920286541
0.000084019806163210988592
-0.000068202850459619520009
0.00005356867777121978275
-0.00004019306425124255269
0.000028185133176946511865
-0.000017705218217298384893
9.0070551329546976178e-6
-2.5714218952737745804e-6
0.0032456100225855899943
0.0078857494803590483761
0.011398421951686723495
0.017584191098492228347
0.010100385332917397891
-0.0021433110277321445003
0.001326205907303135948
-0.0010001187319564613587
0.00081921538085377458558
-0.00070014856950752568739
0.00061304342106678550297
-0.00054461513478806916605
0.00048808143449706121283
-0.00043963035387653555251
0.00039696349655306204468
-0.00035862011578210699151
0.00032363415308396850401
-0.0002913475418865491169
0.00026130265310495698542
-0.00023317740293327339154
0.00020674460152808252497
-0.0001818457267333339421
0.00015837366030728021688
-0.00013626124876886806211
0.00011547386394744464993
-0.000096004938300080155795
0.00007787400926252068269
-0.000061127315962616387159
0.00004584167448556524757
-0.000032133684682710705756
0.000020179739557067697122
-0.000010263872184846940505
2.9299117866365314658e-6
0.0033461818136898434519
0.0074985229164759094885
0.012327757854627208319
0.015383697913349155663
0.021999257240783657824
0.012036935704677923918
-0.0024730013075538081208
0.0014961454774392911351
-0.0011096637338838613687
0.00089724652693661297596
-0.00075876590824475359417
0.00065839571084306498156
-0.00058023242743315115937
0.00051617193633805827273
-0.00046166854228588685551
0.00041398741578921514555
-0.0003713944196552922221
0.00033274541641699405441
-0.00029726295531764630878
0.00026440780819876844285
-0.00023380161073843126308
0.00020517853627770177036
-0.00017835425631947616117
0.00015320567017491642261
-0.00012965768803898232548
0.00010767495397111081293
-0.000087257411136152980171
0.000068439404162522938975
-0.000051292908821426516631
0.00003593704298839163882
-0.000022559884788653997859
0.000011471584164652077924
-3.2742113395087809414e-6
0.0032693060760365659242
0.0077855728428893128515
0.011686423206592173478
0.016661980459058672807
0.019234844129072197607
0.026220394099681470983
0.013867711657915890321
-0.0027802960550039556155
0.0016516777991015455248
-0.001207693352560127801
0.00096521543203512354694
-0.00080820651797623434444
0.0006951933867021494768
-0.00060778354852847401074
0.00053661355379435699
-0.00047643669185448684229
0.00042409986766187038973
-0.0003776061286682704805
0.00033563968580046856746
-0.00029730781069713054262
0.00026199249452835182168
-0.00022926125063185449702
0.00019881153677475620822
-0.00017043523567798258023
0.00014399570095379019639
-0.00011941315100662704012
0.000096656113151547477808
-0.000075737935249251285783
0.000056718622392300686365
-0.000039714132077719564264
0.000024919629219046629209
-0.000012667575139558978031
3.6149546267871970806e-6
0.0033305624298635604062
0.0075609535409149686133
0.012169115168088729011
0.015771457570831838769
0.020849280044711300084
0.022917715183844740419
0.030210693461000057566
0.015576620632579370008
-0.0030627216218886531865
0.001791856969741596171
-0.0012939183724638500231
0.0010232091723331828152
-0.00084879971900750809143
0.0007239301322689658025
-0.00062787616978696669903
0.0005500932227544953453
-0.0004846760906751484951
0.00042807815296239969606
-0.00037805484293448592782
0.00033312854366785404832
-0.0002922979561692763632
0.00025487119889509336695
-0.00022036560568590170112
0.00018844548862419944697
-0.00015888263639368277967
0.00013153119585605923668
-0.00010631235011652547067
0.000083206526532693461141
-0.000062252711519828326904
0.000043556781912218292556
-0.000027315714566445588443
0.000013880390330704753968
-3.9602412868335906126e-6
0.0032802565105796571084
0.0077432831129266113349
0.011786533876238906641
0.0164475396885702171
0.019718260713384138197
0.024852763993402379241
0.026399749630377088657
0.033935202044095594114
0.017148643204664178201
-0.0033179231116155500754
0.0019156904039634768776
-0.0013679121595315718874
0.0010711210193754274982
-0.00088064587572559885234
0.00074484984682058132997
-0.00064085732158414929716
0.00055703342842135782103
-0.00048686479904319851341
0.00042644119783752868763
-0.00037328929816268173024
0.00032578221152307420068
-0.00028281894475008733749
0.0002436404982589138273
-0.00020771968082259127089
0.00017469298351977776324
-0.00014431780536056176927
0.00011644599732902027557
-0.000091009022458286136974
0.000068012991338745932309
-0.000047544900871710458017
0.000029797105607070214393
-0.000015134522407443163273
4.3169992282923356026e-6
0.0033225273921548772059
0.0075912876228530850748
0.012100473524319785866
0.015907497493639873656
0.020581588337445660618
0.023492281756082009732
0.028637306779102913997
0.029650218605561830077
0.037361260066311629857
0.018569963710988537336
-0.0035437345188938411051
0.0020222358777288115731
-0.0014292291287209193077
0.0011087823076098113188
-0.00090375515745628186177
0.00075808758956365929082
-0.00064695327171410082595
0.0005577288483889777616
-0.00048334965557538984117
0.00041957606403196365214
-0.0003637279066721341128
0.00031404393107401759772
-0.00026933428681673773276
0.00022878141170469403278
-0.00019182109068449652351
0.00015806944654842023463
-0.0001272779388003113289
0.00009930696851046202473
-0.000074113829188351145557
0.000051755095303558329246
-0.00003241030036399921235
0.000016453078659279989903
-4.6917408868098793201e-6
0.003286363614927028205
0.0077205894224655234501
0.011836333117105563738
0.016353710294282120294
0.019888487717540526239
0.024534491464050394821
0.027060354335914200044
0.032169722146520295767
0.032640470788554603599
0.040458805712262456544
0.019828091198721684591
-0.0037382203372060450419
0.002110650942839557621
-0.0014774633013381087581
0.0011360276316659711271
-0.00091811674339083899474
0.00076374064745142217506
-0.00064634084697418122684
0.00055241677574602344321
-0.00047441501264090314517
0.00040780449221214746719
-0.00034972283334938880276
0.00029829149507826423964
-0.00025224454952245964104
0.00021071639891983546881
-0.00017311557657446938115
0.00013904823407495764971
-0.00010827258632498055923
0.00008067518853207734459
-0.000056266668783359522144
0.000035202950730351319003
-0.000017859574694548913546
5.0910680304570646465e-6
0.0033177531266533170648
0.0076088257807480760507
0.012062823581288385935
0.015975988078052209152
0.02046381728354399711
0.023694898638628125839
0.028271383126328827589
0.030391087252189609241
0.035419028581972575373
0.035344168886069396588
0.043200648904047002545
0.020911969016759676903
-0.0038997038826571201789
0.0021802212572478539779
-0.001512280156172537045
0.0011527298483695751564
-0.00092373599601855682154
0.00076190692676556598247
-0.00063918626420886609636
0.00054131580658879948118
-0.00046032088078368505022
0.00039142027222090823297
-0.00033159652390310907384
0.00027887304151162763256
-0.00023192274104614102431
0.00018984496257515547375
-0.00015203393403785677817
0.00011810082767315174492
-0.000087830653807829283335
0.000061166751010319880331
-0.000038226871390350512585
0.000019379396332449127994
-5.5220787759020796299e-6
0.0032901832553422917988
0.0077066786026301432053
0.011865713321807145327
0.016301611222830776511
0.019974757722919517995
0.02439407118007426141
0.027293432225971437268
0.031759393274641355417
0.033455171443334772013
0.038356718434356913354
0.037737511875627803413
0.045562715675777603234
0.021812071904711084402
-0.0040267881212414092384
0.0022303782596103644809
-0.0015334351844366157604
0.0011588199774827034312
-0.00092065546265500786204
0.00075270667915814233824
-0.00062566723892468294614
0.00052464807807129737787
-0.00044132515419760864899
0.0003707114435600404408
-0.00030966402719938322734
0.00025612985929268759374
-0.00020873828010551106322
0.00016656997952920577124
-0.0001290228167412558089
0.000095735982810650660258
-0.000066555556585593484003
0.000041541031552030487384
-0.00002104122170644231961
5.9927586646118947084e-6
0.0033146371872347307309
0.0076200985331947660599
0.012039309949311356909
0.016016889385472087315
0.020397943819892339558
0.023797983606619820158
0.028109685471172800333
0.030652524575490493918
0.034967870492401856936
0.036225646803667332158
0.040957010111106173709
0.039799438563963759145
0.047524262916576202457
0.02252048966515964431
-0.004118371409791197768
0.002260710703058116756
-0.0015407850957325103275
0.0011542988354207354016
-0.00090896701961400691155
0.0007362950705614906647
-0.00060598588248993528614
0.00050265245312049492307
-0.00041769714053949925161
0.00034597437262329327175
-0.00028424803729799157423
0.00023041314925871656721
-0.0001830767915660603244
0.00014132285018771712337
-0.00010457950318010144713
0.000072552559013379572449
-0.000045214968445403195694
0.000022878610335390290899
-6.5124124345068820028e-6
0.0032927679985867604567
0.0076973765354873899375
0.011884927749637576194
0.016268683133671964578
0.020026679881257182291
0.024315158169204108941
0.027412310853729510875
0.031577894572396744961
0.033742678875304467179
0.037868627995588188159
0.038678141376611156578
0.043197076861867477824
0.041511809215753999516
0.049068062575450214697
0.023030996660829211553
-0.0041736592222527618544
0.0022709721566671448108
-0.0015342945157579651544
0.0011392437277579880412
-0.00088881878073491881405
0.00071286937559577490405
-0.00058037624467237962398
0.00047559254037083305119
-0.00038972631953091656319
0.0003175237293105531816
-0.00025569092616454075309
0.00020209956399979787828
-0.00015536171244498054891
0.00011459588674086873241
-0.000079304424088740888845
0.000049333063414149029611
-0.000024931956592771908465
7.0921890111265725705e-6
0.0033124614184352623493
0.0076278957906609619232
0.012023329269235318355
0.016043953495090305413
0.020355969467253762821
0.023860361097686496342
0.028018514130008704399
0.030786106669094443352
0.034768162770650131626
0.036536748417756995567
0.040436182373288017211
0.040791085689456359774
0.045057249163332946417
0.042859562831433052363
0.050180554224733354554
0.02333910651639902904
-0.0041921723598754013509
0.002261085520033198496
-0.0015140396160547743311
0.0011138119180069318759
-0.00086041867698688684166
0.00068267283646787970849
-0.00054910864947885786707
0.00044376182386748531912
-0.00035772880687767253573
0.000285701210759947482
-0.00022436732567093157305
0.00017161047620325115614
-0.00012608547961271604323
0.000086995830364408445118
-0.000054000237956317773682
0.000027251046571360636838
-7.7457616427391451176e-6
0.0032946236759627014763
0.0076907493085162770433
0.011898424175926956099
0.016246044192639821764
0.020061328037236453283
0.024264573119090009087
0.027484537440263511121
0.031475294830223874081
0.033889798905451079187
0.037652419599053767051
0.039010186016786115865
0.042647973807574989042
0.042545902003845818398
0.04652118877158015476
0.043830848227596645086
0.050851964918376568417
0.023442111540052499142
-0.0041737518855785103366
0.0022311450940617780208
-0.0014802094412608661397
0.0010782418055763504058
-0.00082403577405563523494
0.00064599638065725331682
-0.00051249217707669237962
0.00040748750387727721572
-0.00032205356506513406485
0.00025088587556826952155
-0.00019070170973416125144
0.00013944262859834249869
-0.000095864876475345122789
0.000059349874947784076294
-0.000029898552048938979286
8.4902478309875529828e-6
0.0033108596854364281744
0.0076335997098959774271
0.012011774288831057949
0.016063183485800068196
0.020326856145447511825
0.023902260933152596679
0.027959790641502712216
0.030867540054398792534
0.034655015216206028939
0.036696165598109589352
0.040205291046922227049
0.041141265197051474098
0.044484562486409055645
0.043927167412312356744
0.047576032937713197438
0.044417127512764859585
0.051076395439980399635
0.02333910651639902904
-0.0041185609030749314477
0.0021814164988862362569
-0.0014331053539107776135
0.001032852344062994033
-0.00077999997584464802869
0.00060317900422007910391
-0.00047087636132177522299
0.00036713459606429666357
-0.00028309081417692375681
0.00021351031166935149351
-0.00015519880141896703935
0.00010622582107417122816
-0.000065555218360578179424
0.0000329549658063761408
-9.3474946415733199745e-6
0.0032960217347825624568
0.0076857827130601099724
0.011908440987460591146
0.01622948374025321753
0.020086174779093927049
0.024229233121800828384
0.027533323751831982764
0.031408932191323280769
0.033979762680017803221
0.037529653741507991234
0.039180589857072536131
0.042404314278191733431
0.0429112744338263939
0.045929798111054207434
0.044922749593900435065
0.048212507548556023235
0.044613250923437853473
0.050851872255050819935
0.023030996660829211553
-0.0040270832451309260774
0.0021123345936681692881
-0.0013731388283481240173
0.00097804102083221260404
-0.00072870057361111348733
0.00055460753402388922445
-0.00042465330723800494536
0.00032311246210226976711
-0.00024128675984826110622
0.00017409078457761349093
-0.00011850381750748793693
0.000072846301237163981458
-0.000036525779020051873499
0.00001034592520692857265
0.0033096263362281959113
0.0076379721461319477731
0.012002989019320143371
0.016077626757151097068
0.020305350169014897229
0.023932548559168130712
0.027918500107397840967
0.030922828115900023449
0.034581534446626347977
0.036793953049353781399
0.040073879537982868434
0.041321285580398858884
0.04423012969191210409
0.044304684259757797955
0.046970960341272430018
0.045523914197377322679
0.048425008175837508611
0.044417502329739941325
0.050180364731449620875
0.02252048966515964431
-0.0039001191071540336532
0.0020244994695555946621
-0.001300827713662804527
0.00091428061830974251331
-0.000670584083073500533
0.000500716689668246098
-0.00037426215534101969009
0.00027588780273602767688
-0.00019717315405754377592
0.00013328993069238932564
-0.000081535898436616733748
0.000040752223272572004043
-0.000011523263441041701569
0.0032971211651290771346
0.0076818919781737803836
0.011916233019322709688
0.016216734872750070125
0.020105034683024145121
0.024202894226097103644
0.027568853336302574871
0.031361979545264251079
0.034041156550035668809
0.037449591449176457899
0.039285470953883328741
0.042265263187716962456
0.043099495731350871426
0.045666646569243971566
0.045309286642500280768
0.047598868495453065943
0.045725403102622294852
0.048211648217234673841
0.043831615062048058626
0.049067767451560697858
0.021812071904711084402
-0.003738777642258249427
0.0019186705218155657687
-0.0012167910123798386828
0.00084211496599358438951
-0.00060615200948261540082
0.00044199108986034337487
-0.0003201997707184135753
0.00022601294291527778706
-0.00015143190666629986984
0.000092060729067594848179
-0.000045827846162805141299
0.000012930668451397230513
0.003308636002569591109
0.007641471360134888936
0.011996000922265090688
0.01608901256515415676
0.020288601319642625065
0.02395577058168269609
0.027887457249869637421
0.030963396302583584542
0.034529209150374497427
0.036861054380465447039
0.039987778921346478256
0.041432517761298445574
0.044084464690205853854
0.044499663523730489139
0.046701179585867289203
0.045916306106032492098
0.047807959076123555105
0.045525483184428482924
0.047574273477830960152
0.042860758073071434642
0.047523847692079288983
0.020911969016759676903
-0.0035444665066036333631
0.0017957585359076780834
-0.0011217421726442189698
0.00076215401296913077462
-0.00053595981049704694654
0.00037897277072772199616
-0.000263046617709201328
0.00017419123811226748854
-0.0001050495304136457594
0.000052024975719262013266
-0.00001463920285962803548
0.0032980228557632319647
0.0076787103311618869775
0.011922571100144388856
0.016206445984947836163
0.020120095477302718437
0.024182143995680828394
0.027596375081756822993
0.031326356841733209397
0.034086570010408520934
0.037392171971499534312
0.039357890902365104942
0.04217366086686874261
0.043216339317210021336
0.045515394342960191765
0.045509576545912399663
0.047324553879772239307
0.046120482432653576109
0.047596329776188897075
0.04492596568999245198
0.046518442631657397378
0.041513492866582611183
0.045562158370725398849
0.019828091198721684591
-0.0033188782902853818729
0.0016568156207737528041
-0.0010164808813615557516
0.00067506897991758059882
-0.0004606200546945469859
0.00031228294829426954284
-0.00020353097811764365319
0.00012144093376917643684
-0.000059738665998185386084
0.000016750308866660824338
0.0033078056646804989086
0.0076443976778080580741
0.011990184351238739388
0.016098424220860918312
0.020274884495023146927
0.02397456444084538581
0.027862701254632091971
0.030995171818610319781
0.034489107500012852926
0.036911146010272380638
0.039925516684260106915
0.041509894102445336209
0.043987871716094302916
0.044621403266287324968
0.046545342977233812948
0.046120484184409080319
0.04753117635181909911
0.04592012544323439879
0.046965748479114704968
0.043932197022709477301
0.045053372938143088111
0.039801702155790542234
0.043199916916337210287
0.018569963710988537336
-0.0030639736569832734536
0.0015030226595969099391
-0.0009018834632711333541
0.00058158965327383810323
-0.00038081767161086483626
0.00024268182252460298493
-0.0001426994734450456906
0.000069563133614252989139
-0.000019413468361188176589
0.0032987969245653966937
0.0076759852788747812272
0.011927976945267669961
0.016197724217036187099
0.020132757674496049849
0.024164880431814133972
0.027618977318502760367
0.031297559070519301785
0.03412259342580857864
0.037347647102799665942
0.039412541899184455355
0.042106756978269441144
0.043298361597899094603
0.04541426862848197035
0.045635552123820894419
0.047165077831841256594
0.046327189651683640463
0.047319070354382207378
0.045317143474837841777
0.045921625206044887472
0.042553022790046741305
0.043191850193050925694
0.037740491993479892304
0.040457850533592624747
0.017148643204664178201
-0.0027819607789368540981
0.0013356736854546919854
-0.0007788925840465314056
0.00048250995245065758446
-0.00029736037240574045872
0.0001712401746358335343
-0.000082432356459273270941
0.000022857413214031920921
0.0033070741650805226199
0.00764697036613663331
0.011985089765441185764
0.016106622534252258348
0.020263023377354624109
0.023990664882823154374
0.027841735665948306113
0.031021710069302680779
0.034456169045722039183
0.036951481933352875224
0.039876548003129270883
0.04156906683462426044
0.043916441765591445167
0.044707850786651434572
0.046440048164592909034
0.046250134879835658384
0.047368899170780146779
0.046128119810043562735
0.046689869491445389806
0.044317049198050322817
0.044472943528429676895
0.040800728861186170992
0.040950100769907219205
0.0353480704522354785
0.037360008031217009589
0.015576620632579370008
-0.0024752701451682769232
0.0011561562255111074158
-0.0006485093788765043027
0.00037872174533263787156
-0.00021134111721398883622
0.00009989721555236945064
-0.000027448506069871376853
0.0032994989691669018322
0.007673518331606897042
0.011932854421655693546
0.016189893448242196205
0.020144052043442495095
0.024149609344605099121
0.027638767202680233165
0.031272654416165367056
0.034153290708374566207
0.037310362657655057251
0.039457370860668612974
0.042053199284151208304
0.043362151314893816982
0.045338287141016419162
0.045726353635857954539
0.047055819161466328561
0.046460123212443127894
0.047154649724652544923
0.045525379767864066117
0.045648762878847762631
0.042928950422720019327
0.042632144551495588151
0.038690966965408245635
0.038347620774537202472
0.032645608610226810878
0.033933537320162695631
0.013867711657915890321
-0.0021465226903256231475
0.00096592653676259817429
-0.00051180114289419616594
0.00027135084428256669703
-0.0001247220864219747875
0.000033807847757123105081
0.0033063881351331978103
0.007649379172302685986
0.011980333935663394173
0.016114242273176085002
0.020252063574656222298
0.024005432005193324896
0.027822680726967933623
0.031045566311187629203
0.034426944097367338728
0.036986721751802158249
0.039834536653762845343
0.041618759497241652037
0.043857945420160600067
0.044776571522120520177
0.046359256276976069415
0.046345467616381064026
0.047255617499760290506
0.046264225617008842935
0.046523661863944309962
0.044524807393981230347
0.044204376236855319963
0.041165542322676288825
0.040414948305688122776
0.036242680895040461695
0.035406950143212217772
0.029657095787719448881
0.030208424623385588763
0.012036935704677923918
-0.001798486574948862042
0.00076648140281532097772
-0.00036998380375246814359
0.00016232783999142857551
-0.000043067889896154422535
0.0033001840120070524979
0.0076711146286521850045
0.011937594311317672478
0.016182313000847187347
0.020154928991349230534
0.024134998725318464222
0.02765754930656925996
0.031249246203458820172
0.034181812545380911753
0.037276188670745942733
0.039497808737136088965
0.042005783760252687749
0.043417399207894086279
0.045274156733252562011
0.045800690668553466121
0.046969560574684607197
0.04656058892702102978
0.047036833148580165072
0.045665029825105361062
0.045480609684195824172
0.043136062374925107591
0.042368553168307422973
0.039043138976376583679
0.037840075991484600359
0.033478071028474581817
0.032153359997115201375
0.026409217408528644694
0.026217182437087992335
0.010100385332917397891
-0.0014340117823277517066
0.00055935209918801667995
-0.00022489872389171031208
0.000057503901208099035004
0.0033056853456889628039
0.0076518437013343833664
0.01197547926909203856
0.016121994182987530129
0.020240963730086038334
0.024020302731584628052
0.027803626166291400162
0.031069221458995529027
0.034398255014727559268
0.037020908280104898629
0.039794343171790694328
0.041665535185236002125
0.043803920709416094279
0.044838638647475435086
0.046288177798080762053
0.0464267724869552875
0.047162520315462519134
0.046371192819052119485
0.046399978550414216767
0.044669249153475569343
0.044033184919395091869
0.041372836940078386428
0.040155945368104934836
0.036581841650992741903
0.034928774992800401112
0.030422697679620911413
0.028614362247332649699
0.02293133457630841482
0.021994443824492181784
0.0080750896580822383204
-0.0010559193335088211119
0.00034634354160405761462
-0.000082358477970681945029
0.0033009313179361489454
0.0076684952637157154808
0.011942749421504084488
0.016174091998225923811
0.02016668018301129914
0.02411928987629637428
0.027677623556250835139
0.031224406102577326266
0.034211822353825490283
0.037240591324650110474
0.039539437037550162108
0.041957641705577647774
0.043472594538905140131
0.045211289159766305755
0.045871959689324213377
0.046889007667353173975
0.046651523184205502535
0.046934113540286139984
0.045781385423665208723
0.045348098088420761359
0.043288289455011514589
0.042191363026814759449
0.039253441569629014631
0.037583141022129993189
0.033806135356525267332
0.031703842136675789164
0.027106039410326826582
0.024818737676036117082
0.019255833637498503706
0.017576304823053850689
0.0059788870254373700876
-0.00066684599692995120796
0.00013255426973976514369
0.0033048475766951342724
0.007654779028802414013
0.011969706314446015383
0.016131191143684416889
0.020227835300656783095
0.024037822483352649515
0.027781285135889320754
0.031096795948238557128
0.034365042989658324477
0.037060162632569335219
0.039748631992683152815
0.041718137425061981594
0.043743961478611569695
0.044906467505460566513
0.046211900382189870962
0.046512170096098003311
0.047067201502292795398
0.046477415632705127609
0.046281609946857610779
0.044801381914257513128
0.043885107064683935887
0.041539910915664216892
0.039965417952385365298
0.036802684233745325855
0.034666332384606336936
0.030747004130830903053
0.028186968447529709994
0.023563763632773318309
0.020793802391526619782
0.015420037132258997757
0.012998649798426273125
0.003830425378233669032
-0.00027058677755457041521
0.0033019658264928718617
0.0076648715854329447999
0.011949872686196223515
0.016162751975074916585
0.020182852278083581294
0.024097734631930944339
0.027705069443953721272
0.031190592187689220521
0.034252461628113562442
0.037192680950931568251
0.039595060581159866321
0.041893858443734658973
0.043544997594113938102
0.04512978203002037824
0.045963092596341854902
0.04678767286991012386
0.046763712954660635744
0.046810307885191514424
0.045917719176478292531
0.045198109566345080897
0.043453368791336251948
0.042009299219172314751
0.039455083277354012092
0.037358210782036081631
0.034059950590563243665
0.031412121204419438339
0.027451547255067861897
0.024387760323620579164
0.019849095504912255496
0.01655286121516033245
0.011477907463286277642
0.0082884176425462161689
0.0016515569618968445147
0.0033031139237936890293
0.007660850756467338064
0.011957774050874740175
0.016150179316164476641
0.020200770665834795782
0.024073871409355847835
0.027735423315831780642
0.031153241265158740016
0.034297286409328356403
0.037139927421977074671
0.039656182397443369182
0.041823938033519353807
0.043624143809422168804
0.04504097933031928862
0.046061993321658423107
0.04667821303279805808
0.046884223080104998284
0.04667821303279805808
0.046061993321658423107
0.04504097933031928862
0.043624143809422168804
0.041823938033519353807
0.039656182397443369182
0.037139927421977074671
0.034297286409328356403
0.031153241265158740016
0.027735423315831780642
0.024073871409355847835
0.020200770665834795782
0.016150179316164476641
0.011957774050874740175
0.007660850756467338064
0.0033031139237936890293
0.0012876528767723913669
0.0067721368846787559448
0.016588545155003615536
0.030652813694415824822
0.04884161612828320848
0.070995173661747967678
0.096918821862916705102
0.12638475177521892107
0.15913402001512860687
0.19487882708181048635
0.23330504760682617823
0.27407499136377465214
0.31683037112596332946
0.3611954514237514853
0.40678035058600421383
0.45318446707263330716
0.5
0.54681553292736669284
0.59321964941399578617
0.6388045485762485147
0.68316962887403667054
0.72592500863622534786
0.76669495239317382177
0.80512117291818951365
0.84086597998487139313
0.87361524822478107893
0.9030811781370832949
0.92900482633825203232
0.95115838387171679152
0.96934718630558417518
0.98341145484499638446
0.99322786311532124406
0.99871234712322760863