0.016667836077172034398
-0.0061206802923350298703
0.004392003730288522217
-0.0033453505088254947087
0.002547568970278763549
-0.0018826203869352566109
0.0013108146277030839184
-0.00082098635313829112737
0.00041724383566783572046
-0.00011909395846202752511
0.036066152578194330451
0.037362837287645148286
-0.0095313735918896594526
0.0060722844617439221849
-0.0043040458129593920091
0.003068518610867535587
-0.0020941139574503228483
0.0012962496554981996333
-0.00065432811514246856089
0.00018613553900045136254
0.031999117977514610194
0.081227570111860772852
0.054771590628995510999
-0.011877612891529426482
0.0068781463977071447839
-0.0045027432968618524161
0.0029408733314139495263
-0.0017761337465741007445
0.00088424609193120901953
-0.00024983875397002084832
0.034163992179108709032
0.071355369074635557885
0.11920729054875814048
0.067316679827499088773
-0.013096519547196899759
0.0069488659838353903106
-0.0041484535272316950878
0.0023928142417703565404
-0.0011622979513324264316
0.00032456210553018286017
0.032760931291284437314
0.076902299703648435944
0.10444407956309420719
0.14656624555041595462
0.073881056178688217543
-0.013112209169585375239
0.0063314550548206838003
-0.0033381007976752756019
0.0015517991688514363425
-0.00042472603435832735043
0.033760398188702396147
0.07317387540643886023
0.1128812820556662976
0.12830190460017749375
0.16087432152696181033
0.073881056178688217543
-0.011932885895417777075
0.0050991016948968148126
-0.0021766251283581393708
0.00057474086305963148328
0.033011110048813885937
0.075887972526622723005
0.10715036701622066546
0.13878181318222987263
0.14081324637354104478
0.16085863190457333485
0.067316679827499088773
-0.00966410929076711848
0.0033703055006547386881
-0.00082832002476464023515
0.033585510908314089645
0.073841428483359087553
0.11131931500456512274
0.13169248632358422802
0.1522648556542382875
0.1408839659596692903
0.14651097254652760403
0.054771590628995510999
-0.0065018955365704762787
0.0013365541768294586028
0.033149536615343617434
0.075380002690432765134
0.10824693160249282236
0.13672747361244850039
0.1446935937465088995
0.1520661581703358271
0.12856107519325425536
0.11907455484988068145
0.037362837287645148286
-0.0027304804238502616539
0.033454766112806096322
0.074308430739622460852
0.11036416761112931313
0.13332254502729509363
0.1496447327443116917
0.14521454338709767154
0.13797871016382367225
0.10515117752770249978
0.080846354867625326443
0.016667836077172034398
0.033335672154344068797
0.074725674575290296573
0.109543181257991022
0.13463335965499817755
0.14776211235737643509
0.14776211235737643509
0.13463335965499817755
0.109543181257991022
0.074725674575290296573
0.033335672154344068797
0.013046735741414139961
0.067468316655507744634
0.16029521585048779688
0.2833023029353764046
0.42556283050918439456
0.57443716949081560544
0.7166976970646235954
0.83970478414951220312
0.93253168334449225537
0.98695326425858586004