0.00082186346063200372081
-0.00031287300995104465498
0.00024003663025687053648
-0.000202407205380313529
0.00017790413130562030696
-0.00016006466253276981084
0.00014616552191881804421
-0.00013482366017258498216
0.00012525006568642204625
-0.00011695707261133008543
0.00010962503947750034811
-0.00010303484511132103724
0.000097030885682635087001
-0.000091499492774737495678
0.000086355700676677305143
-0.000081534791716841937665
0.000076986704353895849497
-0.000072672224154931738097
0.000068560322523002202126
-0.00006462625582545370142
0.00006085018115233277148
-0.000057216131016007908434
0.000053711242486656855018
-0.000050325170005333624758
0.000047049633050198361599
-0.000043878064402453310793
0.000040805334636864937358
-0.000037827535290561844621
0.000034941807978476404286
-0.000032146210192558784792
0.000029439611087637419392
-0.000026821612523550754748
0.00002429249222122351379
-0.000021853167274513060155
0.000019505177600288187972
-0.000017250690384753727137
0.0000150925284360018653
-0.000013034227963136189412
0.000011080135345769500176
-9.2355592297899625728e-6
7.5070064692916010621e-6
-5.9025540570644513816e-6
4.4324591545575461066e-6
-3.1102273552387571032e-6
1.9546833558777306249e-6
-9.9470354795153854753e-7
2.8402587956615424994e-7
0.0017783790020794596827
0.0019096540739622084035
-0.00052066019834670287155
0.00036700169928610369499
-0.00029999690649381957144
0.00026011962211741691914
-0.00023249071938776831206
0.00021155906146849709145
-0.00019474882551004720001
0.00018068558782604254226
-0.00016856119064294744879
0.00015786546150536950299
-0.00014825853324889933622
0.00013950432058364359689
-0.00013143330516562255721
0.00012392048792196464711
-0.0001168716962843245136
0.00011021473829354130086
-0.00010389349383714693226
0.000097863853287520050425
-0.000092090856129125842131
0.000086546631279886707788
-0.000081208886489138885002
0.000076059782246440729925
-0.000071085080442337617468
0.000066273493047477033628
-0.000061616179004493023775
0.000057106352876465783782
-0.0000527389792976415573
0.000048510534621180457705
-0.000044418822435508129728
0.000040462833536779575852
-0.000036642643990209889191
0.000032959347451604074451
-0.000029415020259019297012
0.000026012720254669151735
-0.000022756523251294412006
0.000019651605110159802535
-0.000016704383579628758417
0.000013922744315761190386
-0.000011316393920439787561
8.8974184765730935123e-6
-6.6812014072112161675e-6
4.6880324047191937118e-6
-2.9462276166608144486e-6
1.4992624042342278918e-6
-4.2809350204782798965e-7
0.0015777635894672782915
0.0041517643758500318182
0.002990712116078080241
-0.00071682671170245979995
0.00047800612484830211481
-0.00037981851748562586864
0.00032404148901947728427
-0.00028672280734284059792
0.00025916389053376993251
-0.00023743733184533027718
0.0002195021575476443121
-0.00020418747453701500284
0.00019077049799919589813
-0.00017877927936833036813
0.00016789175443470311518
-0.00015788025728778885666
0.00014857920415284657619
-0.00013986534675336011949
0.00013164520917083456373
-0.00012384681522036436465
0.00011641407733314645755
-0.00010930289164168606759
0.00010247835891129107049
-0.000095912767667838295119
0.000089584105365211812357
-0.000083474943149151575787
0.000077571590177839242193
-0.000071863446124309686905
0.000066342502151656533542
-0.000061002955356082917492
0.000055840911899978964312
-0.000050854161382204319447
0.000046042010451356337772
-0.000041405167981081645778
0.000036945677848249967659
-0.000032666898985774837218
0.00002857353648679966399
-0.000024671732910813010246
0.000020969236910449875435
-0.000017475679344758975723
0.000014203010269675372593
-0.000011166195015252435421
8.384362180554592967e-6
-5.8828196968641496607e-6
3.6969680706207370804e-6
-1.8812494658811899938e-6
5.3715729396520384153e-7
0.0016847118729789686881
0.0036466362886230907268
0.0065096110731605184983
0.0040588332866082649177
-0.00090733079821515621357
0.00058257583172542689232
-0.00045250068501242771359
0.00038039657516780396207
-0.00033317929110037724403
0.00029893465288333864168
-0.00027233356194860695997
0.00025063458243115321698
-0.00023228156666613986916
0.00021632417040623906581
-0.00020214838745427502304
0.00018933946910314712713
-0.00017760706442976786311
0.00016674191769291021876
-0.00015658959615075508993
0.00014703389656323092513
-0.0001379859986654085401
0.00012937716201642761978
-0.00012115368034176101875
0.00011327331621617558481
-0.00010570273172736271213
0.000098415604950263686804
-0.000091391228804251271427
0.00008461345605086802
-0.000078069897535505814626
0.000071751309408439801795
-0.000065651124429671111783
0.00005976509591647726529
-0.000054091032556037024701
0.00004862860958526475986
-0.000043379247739180750129
0.000038346056701561543901
-0.000033533845367118894664
0.000028949208072822713758
-0.000024600705696934848577
0.000020499176115756806951
-0.00001665823595998214501
0.000013095088332510020834
-9.8318622292389293724e-6
6.8979713627203200951e-6
-4.3346988904825262912e-6
2.2056880754567691286e-6
-6.2978251064480274221e-7
0.0016151095415060228301
0.003931436551997967543
0.0057016213186641619137
0.0088384603475384761261
0.0051092345369171069105
-0.0010928327593225779738
0.00068272556714531558622
-0.00052071848926153980442
0.00043217111481852836409
-0.00037496664453125881065
0.00033399128675228067879
-0.00030251082996918637075
0.00027707603437109882331
-0.00025573837848783649583
0.00023731404685128651863
-0.00022104232956905571744
0.0002064122231436682115
-0.00019306797182538127982
0.00018075458033036142929
-0.00016928485758513508844
0.00015851867110581633702
-0.00014834943475322907661
0.00013869504490076721723
-0.00012949164290359914816
0.00012068922552828047022
-0.00011224849497153846163
0.00010413855984897443376
-0.000096335232967456883573
0.000088819756163957867479
-0.000081577836903654533241
0.000074598917231016594187
-0.000067875619956083866961
0.000061403333876885466346
-0.000055179912094269809015
0.000049205466890974710052
-0.000043482252577362750704
0.00003801463534673868782
-0.000032809157880714559083
0.000027874718153693902737
-0.000023222900035177182981
0.000018868524739535482437
-0.000014830552144916180034
0.000011133586992090520739
-7.8105417547460193624e-6
4.9078219795526834966e-6
-2.4972005873000187419e-6
7.1299843323942772707e-7
0.0016651616295223180555
0.0037383705597068179709
0.0061665100683782206451
0.0077323868810516987476
0.011128239856605318912
0.0061373029149147046345
-0.0012730303206865185254
0.00077891045114008546759
-0.00058531766756225332783
0.00048043472057440406697
-0.00041328209182899106258
0.00036559883905693684145
-0.0003292636887692709007
0.00030012560415195893665
-0.00027584512314100988461
0.00025500463893699989389
-0.00023669580372083641878
0.00022031028235358899634
-0.00020542588517579971727
0.0001917409645080177928
-0.00017903478990308740713
0.00016714264401981806043
-0.00015593963033495757126
0.00014532983265511796562
-0.0001352388707846616913
0.00012560867384385068803
-0.00011639373911982569342
0.0001075584093295138604
-0.000099074863194996903339
0.000090921615988598227069
-0.000083082392240978200684
0.000075545276075586591219
-0.000068302073980154502861
0.000061347845403607308594
-0.000054680571699240992823
0.000048300945928996883429
-0.000042212276730780538362
0.0000364205106496438592
-0.00003093439142278146732
0.000025765795631334752588
-0.000020930319590357274022
0.000016448259282474011323
-0.00001234626517068514369
8.6602830513549571676e-6
-5.4412948465442070891e-6
2.7684785445807789863e-6
-7.9042758214157389221e-7
0.001626898810643077498
0.003881502517365389547
0.0058456660627071638192
0.0083749496367958083613
0.0097298248716704185745
0.013369083866291986075
0.0071385376751608466262
-0.0014473553484309126124
0.00087110906459574544827
-0.00064654584123658471825
0.00052559676657932788729
-0.00044863773798278114228
0.0003943349828802115892
-0.00035321050900781299014
0.00032042516590164015128
-0.00029325505247976325798
0.00027005191045350489344
-0.0002497612355617918741
0.00023167799927428682047
-0.00021531378306275074978
0.00020032027220633575943
-0.00018644307625797314355
0.00017349272766296318452
-0.00016132584245291304148
0.0001498325207359662885
-0.00013892770479940444317
0.00012854512005717883175
-0.00011863294521005370447
0.00010915066731203952845
-0.00010006676655012172136
0.000091356994335042481733
-0.000083003084861899308526
0.000074991790949331100581
-0.000067314169486991465621
0.000059965066298719422722
-0.00005294276866740010808
0.000046248809084611242701
-0.000039887918548444293459
0.000033868144906723222815
-0.000028201175884074388588
0.000022902946122622099862
-0.000017994681442807074726
0.000013504687184793398533
-9.4715480518952150948e-6
5.9503944408814005167e-6
-3.0272863625731412557e-6
8.6428545965470688902e-7
0.0016573923137931623255
0.0037694836810054670898
0.0060871773489175770647
0.0079272546511374629842
0.010546575822408670406
0.011685054782140737606
0.01555128459496783078
0.0081085588787961891919
-0.001615155964281004806
0.00095912317753854203007
-0.00070441419717696386929
0.00056779395142466521345
-0.00048125293421624943319
0.00042047550043532853315
-0.00037466593651955094483
0.00033831585374335435913
-0.00030832680038085751507
0.00028282533230728298869
-0.00026061392226124140652
0.00024089268811012702865
-0.00022310807729481016977
0.00020686576204060890483
-0.00019187808012507352114
0.00017793104025185684133
-0.0001648628991973631941
0.00015254984299501238654
-0.00014089617299747791882
0.00012982743141936167053
-0.00011928549464106124808
0.00010922501495315194219
-0.000099610806910263567318
0.000090415909900502706608
-0.000081620145953288215928
0.000073209049841588297662
-0.000065173088405902754688
0.00005750711480756655491
-0.000050210025919720997959
0.000043284611082532932973
-0.000036737601843717466472
0.000030579960420396392514
-0.000024827489020119210018
0.000019501923214346069518
-0.000014632839778394250366
0.000010261100598807179237
-6.4456245227173373519e-6
3.2789581725618279266e-6
-9.3609342707195102655e-7
0.0016323438582022819221
0.0038604336353144489456
0.0058957144072160296363
0.0082672077246247386886
0.0099742986356063149089
0.012671843749962626807
0.013589431923518650843
0.017665354785339140811
0.0090431241460437379034
-0.001775759993001640077
0.0010426839619551526638
-0.00075883043222528343221
0.00060703773054965008923
-0.00051120797179362264243
0.00044414899145797970707
-0.0003937933793789237217
0.00035398639874630013469
-0.00032126747498039684648
0.00029354516141595673897
-0.0002694832571552712492
0.00024818975519087801281
-0.00022904772943750470424
0.00021161800106009465922
-0.00019558041820985517103
0.00018069700222672669862
-0.00016678802608877806844
0.0001537160316096538868
-0.00014137488065199337197
0.00012968209117761972943
-0.00011857337259870932877
0.00010799866888122249622
-0.000097919258870330633549
0.000088305614941329937406
-0.000079135819183928945288
0.000070394401820344831456
-0.000062071512133249660773
0.000054162366016406954056
-0.000046666942255723552782
0.00003958992707044602037
-0.000032940939746567286058
0.000026735122121509502222
-0.000020994263440827354478
0.000015748813175365901962
-0.000011041556164022809301
6.9348766952879135648e-6
-3.5274970951074667761e-6
1.0069925207793404986e-6
0.0016533990210006588647
0.0037845886991987710016
0.0060528768619770521793
0.0079955788261800277404
0.010411240686179222295
0.011977913342762629298
0.014741487082646198067
0.015434566732296296462
0.019702084607319302889
0.0099381465306327509452
-0.0019285022546633015608
0.0011214967052191455064
-0.00080965579740691671964
0.00064327906960623241814
-0.00053851308156987342525
0.00046540768466680444466
-0.00041067597564208105158
0.00036754315345952585333
-0.0003322010272135261904
0.00030234870551606274628
-0.0002765166230743347182
0.00025372407435491060779
-0.0002332930428259215285
0.00021474106152277794464
-0.00019771658498091980845
0.00018195843374200092772
-0.00016726947542227746135
0.00015349904523574062713
-0.00014053090858803145176
0.00012827484061721121532
-0.00011666062828629461895
0.00010563373455668285268
-0.000095152129794163048232
0.000085183962936853806703
-0.000075705853655095364589
0.000066701659950019577548
-0.00005816162764533048598
0.000050081868592590199114
-0.000042464150738165182755
0.000035316023609300324594
-0.000028651359533102754905
0.000022491488275380639769
-0.000016867298349307001018
0.000011823131102439121801
-7.424528337711369474e-6
3.7761334714516297385e-6
-1.0779027726579009954e-6
0.0016353766693793272398
0.0038491415262005599734
0.0059205822233778612991
0.0082201119869299970026
0.010060314732767077467
0.012509685074646425094
0.013929337406640340295
0.016746490914822844289
0.017212349121157541948
0.021652590491959332637
0.010789712162119884567
-0.0020727385640805366472
0.0011952623275834930952
-0.00085673261918587068528
0.00067644011802954968516
-0.00056314271357386899703
0.00048426314522586582235
-0.00042535286663844359741
0.00037904631517186314143
-0.00034120399210513362438
0.00030932528508583861538
-0.00028181337475744178902
0.0002576028595096109523
-0.00023595734475942702872
0.0002163529676509342117
-0.00019840814403181597216
0.00018183948844480841821
-0.00016643321284284258853
0.00015202602771348425328
-0.00013849206986387353998
0.00012573376452355649
-0.00011367532410017286735
0.00010225805801029769707
-0.000091436957285212188385
0.000081178200390949875684
-0.000071457346101752006872
0.000062258060865754260219
-0.000053571288030155395552
0.000045394816151758837701
-0.000037733254173849096458
0.000030598486884654142946
-0.000024010791495860020273
0.000018001007339542138991
-0.000012614635660243131993
7.9200650106574515133e-6
-4.0276410235128978889e-6
1.1496133968843862107e-6
0.0016510306873429850924
0.0037933062596670689745
0.0060340946505373897435
0.0080299250300748947961
0.010351778183121443502
0.012081077108440753861
0.01455330361717663783
0.015820019943222793533
0.018678118244843754815
0.01891497642496595567
0.023508358675039579448
0.011594097271626477801
-0.0022078540980146513718
0.0012636889654600115699
-0.00089989889935219410739
0.00070643108754481511091
-0.00058505398042256905078
0.00050070569361619886586
-0.000437839131761566468
0.00038853002882274824543
-0.0003483255015742309303
0.00031453596728353755239
-0.00028544415810451882571
0.00025990447333563042025
-0.00023712521880375314108
0.00021654330817549472658
-0.00019774869440867420948
0.00018043695989509396173
-0.0001643785599453700938
0.00014939829061365133736
-0.00013536124232622949576
0.00012216298933456100525
-0.00010972262028801166163
0.000097977723626803935584
-0.000086880753529112236261
0.00007639640005792867675
-0.000066499717765324840709
0.000057174858455085131295
-0.000048414324720849269722
0.000040218726429697335801
-0.000032597100050596903603
0.000025567970433422486935
-0.000019161563113231393045
0.000013424093976799276304
-8.4264680813524081625e-6
4.2845334177707396803e-6
-1.2228388088998678692e-6
0.0016372685853655128232
0.0038422371610981251686
0.0059352184012498314068
0.0081940197165251523242
0.010103821263824088389
0.012438261990754123307
0.014049101243199636187
0.016533147550033786556
0.017641673187397855839
0.020527946642939565974
0.020534982988320929086
0.025261285088757438633
0.012347784436840292401
-0.0023332690741028412536
0.0013264988476825047822
-0.00093899670876757792853
0.00073315990857247403106
-0.00060419724851675764503
0.00051471563190921569367
-0.0004481374005742116593
0.00039601418624610794064
-0.00035359911622427424818
0.00031802531205343300043
-0.00028746248153127928511
0.00026068975788697161592
-0.00023686354675985536004
0.00021538395604535336399
-0.00019581424570276501377
0.00017783029873182484665
-0.00016118784766090518997
0.0001457006034002305585
-0.00013122530196934976802
0.0001176512719337312113
-0.00010489303774693858302
0.000092885017080391558876
-0.000081577704291904074822
0.000070934945498722257264
-0.000060932053899987278899
0.000051554618409807866914
-0.000042797947061301367865
0.000034667181562530155327
-0.000027178254835555712659
0.00002036011173748925672
-0.000014259168158661826423
8.9484787285251062693e-6
-4.5491977577550932637e-6
1.2982566099053801799e-6
0.0016494904941242056306
0.0037988900261034342414
0.0060224035968398068698
0.0080503720549009596701
0.010318613129359099587
0.012133432052570317874
0.014470323925750670674
0.015955806692975942204
0.018440563292492858227
0.019386313183102247969
0.022287905948034879597
0.022065270032602758512
0.026903712369426212303
0.013047477945014286218
-0.0024484429959265875476
0.0013834327409088920823
-0.00097387736085283122279
0.00075653809791728585511
-0.00062052256024912316229
0.00052627006967063655137
-0.00045624494664104088581
0.00040151167373742354305
-0.00035705013389646510026
0.00031982866802203663332
-0.0002879119418009037097
0.00026000914645058808374
-0.00023522847378193174245
0.0002129358632504168175
-0.00019266982675638003313
0.00017408802610034693796
-0.00015693263123215584249
0.00014100721249727435289
-0.00012616095452109772557
0.00011227765876878525055
-0.000099267967685622433972
0.000087063818997737864209
-0.000075614494559424226461
0.000064883857960452414187
-0.000054848533969172041163
0.000045496907034671638997
-0.000036828936364569199552
0.000028856941702144685487
-0.000021607786102740530908
0.000015127476750521859205
-9.4907949314899933899e-6
4.8239937558310036771e-6
-1.3765357379940519205e-6
0.0016385427005004954566
0.0038376419667477272339
0.0059447469809439081654
0.0081775993358211896099
0.010129902042712662894
0.012398267660513188692
0.014109993730848896238
0.016439029706254206599
0.017792861893827647393
0.020267218971248446194
0.021046295678870517768
0.023950314725475925083
0.023499134950091445873
0.028428464303400174891
0.013690118195382556489
-0.0025528780429000535576
0.0014342530366768072112
-0.0010044047968207792988
0.00077648451155430394126
-0.00063398370976207605668
0.00053534725106348339961
-0.0004621581932683583247
0.0004050329911850856149
-0.00035870026681571736426
0.00031997686220675634283
-0.00028683088996144972089
0.00025790727745656549047
-0.00023226994908853848844
0.00020925351342448108999
-0.00018837384092321671849
0.00016927198769740573534
-0.0001516778445376507257
0.00013538590315042533571
-0.00012023871877097222333
0.00010611541287114476986
-0.000092923575557296020054
0.000080593534434246582249
-0.000069074334866964519809
0.000058331025876498396461
-0.000048343027409463653338
0.000039103513744691007847
-0.000030619934156193614783
0.000022916093904247604501
-0.000016036858141919015727
0.000010058232992605448939
-5.1113345683350232599e-6
1.4583593391505326678e-6
0.0016484218668751211515
0.0038027281013822040126
0.0060145061259089661389
0.0080638234435839314925
0.010297595074449665217
0.012164954584876894704
0.01442374582115511277
0.016024917506303596744
0.018335750751071669953
0.019552231983050816525
0.022005136680033677551
0.02261434945417830771
0.025507914854451352716
0.024830299484813642576
0.029828877816782323197
0.014272895073307885056
-0.0026461218887628436312
0.0014787460187471034671
-0.0010304579132564559319
0.00079292784867567521121
-0.00064454092766245721536
0.00054192939172120027531
-0.00046587566570236958423
0.00040658928330513737672
-0.00035857071945566359734
0.00031849929710428882264
-0.00028425552544643857965
0.00025442606842358738214
-0.00022803476740475936588
0.0002043879231043392024
-0.00018298102415105974047
0.00016344027064023115434
-0.00014548468328787708915
0.00012890086318834968586
-0.00011352579368477586393
0.000099234918638641021942
-0.000085933794137554441978
0.000073552249015376264566
-0.000062040392625668755143
0.00005136608412257068366
-0.000041513697494303698583
0.000032484246586651290421
-0.000024297275353956000356
0.000016995610171392795538
-0.000010655872954827241453
5.4137590524343214502e-6
-1.5444451300956188373e-6
0.0016394498005850413775
0.0038343950528653148877
0.0059513863893155222382
0.0081663967012318724335
0.010147179280878997435
0.012372804186580384771
0.014146760889119672046
0.016386119449916099204
0.017869856306893198922
0.020152186134026027692
0.021226218887135293939
0.023646725837244175424
0.024083607726197355848
0.026953904031582292051
0.026052936439199314944
0.03109883250969446802
0.014793260235584718994
-0.0027277700943898175633
0.0015167235957303129532
-0.0010519322244575229649
0.00080580837815224732275
-0.00065216270038237129143
0.00054600458615733175257
-0.00046739997048614704967
0.00040619437210438383463
-0.00035668425610372963254
0.00031542603775472403482
-0.00028022199013447606912
0.00024960680795662298606
-0.00022256865354398020303
0.00019838871757155072074
-0.00017654451530787004835
0.00015664927688965452053
-0.00013841269687997758464
0.00012161481745423348765
-0.00010608827164166196219
0.000091706027384389677604
-0.00007837288060923844924
0.000066019616686731170254
-0.000054599194493541961264
0.000044084626077314435527
-0.000034468521472507439554
0.000025764662979192535519
-0.000018012727748642743071
0.000011289201239791123716
-5.7340020978289282453e-6
1.6355651332317450085e-6
0.0016476436953139803364
0.0038055057427659604319
0.0060088554526278416043
0.0080732846212004339638
0.010283157482516138842
0.012185936644099010692
0.014393996932688066272
0.016066726574842319653
0.018276770518113111067
0.019636755222302304653
0.021880391835712496415
0.022807497184509855936
0.025184815879513793233
0.025447637763094422579
0.028281966082175954057
0.027161694649827653957
0.032232777686052725115
0.015248938252184911333
-0.0027974681522016814845
0.0015480246564091652867
-0.0010687410796164649221
0.00081507915476892221651
-0.0006568270256040327947
0.00054756811030492832816
-0.00046673914105920351301
0.00040386613738575216986
-0.00035306660752814020196
0.00031078923696797313027
-0.00027476780664355605355
0.00024349160439976405621
-0.00021591772211996682472
0.00019130560649372214923
-0.00016911735784539110448
0.00014895526780101519768
-0.00013052140180775742495
0.00011359074874220891308
-0.000097993023898125301421
0.000083600191774974740815
-0.000070317927129883342159
0.000058079943018860817119
-0.000046844598045848719497
0.00003659359685292355019
-0.000027333070333301553548
0.000019098156092472632544
-0.000011964261031345349673
6.0750682137589829777e-6
-1.7325662362935104659e-6
0.001640123682196513306
0.0038319952843035394243
0.0059562474499956545873
0.008158309471526578992
0.010159412845970125732
0.01235522777630141249
0.014171317015743195189
0.016352250888861061424
0.017916496654601322088
0.020087411866768680779
0.021317893615097157583
0.023512812146415579939
0.024289147115500393477
0.026612687522372756711
0.026700468653984850528
0.029486298993254487394
0.028151722038662323148
0.033225756807804697167
0.01563793655523041566
-0.0028549132239788042868
0.0015725161378478908306
-0.0010808165628893389916
0.00082070688254370544022
-0.00065852228281647628038
0.00054662331373132693753
-0.00046390755452853402636
0.00039962745659035960355
-0.00034774743133823898999
0.00030462411436424721138
-0.0002679328760797708317
0.00023612440513712875244
-0.00020812952506484594476
0.00018318947141539972151
-0.00016075364587873222357
0.00014041559686115076936
-0.00012187164250510183103
0.0001048934476991671476
-0.000089309529853776460908
0.000074992710572517032306
-0.000061851731733740930273
0.000049826020723644058552
-0.000038883163679165520939
0.000029019235635769794873
-0.000020263076121332851704
0.000012687820051906575244
-6.4403130372507013465e-6
1.8363928721992722098e-6
0.0016470551650232103799
0.0038075974312547982818
0.0060046337389387066025
0.0080802705743078749604
0.010272666718103485149
0.012200866544351706887
0.014373388934734802424
0.01609471991838477613
0.018238954516386441562
0.019688006220850410034
0.021810115201899942417
0.022905922421081076853
0.025042311063973602714
0.025664685261374297096
0.027924102197042595
0.027836617130222046625
0.030561640585368753205
0.029018686586884159888
0.034073429295290422177
0.015958554151429257658
-0.0028998555948499502305
0.0015900938593958414393
-0.0010881101532212623923
0.00082267252062397886051
-0.00065724782871240092192
0.00054318222174339223188
-0.00045892654731347233673
0.00039350683680061761868
-0.00034076096223445726818
0.00029696962763658888876
-0.00025976017529266547223
0.00022755172831235999895
-0.00019925383127348010651
0.00017409321377736262076
-0.00015150947088672671956
0.00013108979952503554328
-0.00011252688957603819812
0.000095591116174418036278
-0.00008011193149058508752
0.00006596546038931019155
-0.000053066571123012109714
0.000041364558019342483218
-0.000030842349170786535056
0.000021520239782090200079
-0.000013467565857640600625
6.8335375739474165691e-6
-1.9481131414587486543e-6
0.0016406416390070613725
0.0038301575191088303623
0.0059599452615250518907
0.0081522182865726006741
0.01016850364539176702
0.012342393130997515518
0.014188855257326611792
0.016328724985626264295
0.017947784667104696368
0.020045828304582881292
0.0213735232394893151
0.023437341487197392116
0.024393898169888052387
0.026462202666380548988
0.026928093061018211437
0.029113329428761198786
0.02885111132070177162
0.031503291740600194656
0.029758795106773187272
0.034772089596181270278
0.016209389059736431676
-0.0029320998557998760194
0.001600683154680727692
-0.0010905931913324968077
0.00082097169130820762967
-0.00065301438646643693484
0.00053726592371257872251
-0.00045182481152374760143
0.00038553882498948151913
-0.00033214644162489845191
0.00028786892858137593955
-0.00025029624952262004131
0.00021782320720526378331
-0.00018934324497971119438
0.00016407247988192543194
-0.00014144380086516276658
0.00012104069640108386032
-0.00010255467067404063646
0.000085757282520670549606
-0.000070481676412157152437
0.00005661065812564104559
-0.000044069744500879005041
0.000032824699601222408139
-0.000022884376468952415521
0.000014312340443760037947
-7.2591006869094215194e-6
2.0689498791909492203e-6
0.0016465960932194961201
0.0038092239052263709505
0.0060013697207337683248
0.0080856262232446841708
0.010264715710377389862
0.012212016075858328925
0.014358282437577677282
0.016114771796319400576
0.018212629616248959513
0.019722440230954472258
0.021764952501275544959
0.022965686522075135058
0.024961971576957858666
0.025775314385976357076
0.027766279915162246171
0.028073843182982032735
0.030175171992714628346
0.029739512327817524184
0.032307137106314533683
0.030368809708525694197
0.035318683450885183867
0.016389344441637435063
-0.002951505821293475194
0.0016042393214089633717
-0.0010882571837690173507
0.00081561492818066338206
-0.00064584427336509335958
0.00052890479730008849745
-0.00044263862603186083264
0.0003757642542125054883
-0.00032194838794609225314
0.00027736966934094488136
-0.00023959157119689523417
0.00020699202557470331631
-0.00017845375248236154901
0.00015318636980550530434
-0.00013061942607570445057
0.00011033568691242712595
-0.000092028380473997247443
0.000075473389938260981341
-0.000060511307109675318521
0.000047036565914250559398
-0.000034992484859159662277
0.000024372697438648173103
-0.000015232428896353980302
7.7220566353034829069e-6
-2.2003185047486458093e-6
0.0016410511855046946201
0.0038287083374662825228
0.005962846823975677795
0.0081474734296744759888
0.010175515912223383924
0.012332617104826448315
0.014202004923978089101
0.016311425509061043353
0.017970250572350986742
0.020016828396750306684
0.021410947995585320927
0.023388797093631028648
0.024457540308967750649
0.026377336012990236204
0.027044130636148612701
0.028948841562154247927
0.029096923706689404422
0.031104988719477020904
0.030497933520541491731
0.032969663198753213766
0.030846061876427623118
0.035710821290513295181
0.016497633397202618633
-0.0029579891855011838223
0.0016007479014437620566
-0.0010811139632246308302
0.00080662778903191176829
-0.00063577149600103531926
0.0005181386016972430001
-0.0004314119589477871037
0.00036423036614384796877
-0.00031021675242335057155
0.00026552420931725301651
-0.00022770082352481501662
0.0001951153148927544926
-0.0001666452870041709306
0.00014149824948648933992
-0.00011910413728855578528
0.000099048474687969950913
-0.000081029835788297478653
0.000064832638020637296196
-0.000050310362455818333121
0.000037376849421773770775
-0.000026005533987268180697
0.000016239921379825519345
-8.228326463337408245e-6
2.3438740156911616061e-6
0.0016462284915255516751
0.0038105232329264039418
0.0059987734066710122792
0.0080898594148146949774
0.010258484307972565665
0.012220659722176553534
0.014346728535301027624
0.016129856157020474029
0.018193220668945069684
0.019747216236425128631
0.0217334067445951787
0.023005939952548633803
0.024910252039848164946
0.025842566122838445473
0.027677243387038752662
0.028194799306403069295
0.030004716938726252508
0.02999286004183800497
0.031898714842985758686
0.031123057453091999941
0.033487973837077380172
0.031188464084139626763
0.035946788713420790868
0.016533782405913869913
-0.0029515219190155536013
0.0015902247991352433622
-0.0010691957176045168208
0.00079405084976651537423
-0.00062284173252492736598
0.00050501646253181769544
-0.00041819646755681451943
0.00035099084021270081636
-0.00029700699627363968307
0.00025238976719012696325
-0.00021468316616758014339
0.00018225459070432179904
-0.0001539824203554095654
0.00012907682484037325937
-0.00010697237685759387693
0.000087261600571904355274
-0.000069653184979334371942
0.000053946107652855734683
-0.000040015234138351843666
0.000027807158401834857954
-0.000017349174514851797225
8.7849149980128652718e-6
-2.5015702615442335134e-6
0.00164138304724831628
0.0038275364743877542153
0.0059651843107763349626
0.0081436721072037980161
0.01018109222441244005
0.012324916192285227602
0.014212242712301055956
0.016298147593380675862
0.017987199817399505856
0.019995397198554057676
0.021437926074753279794
0.023354839830257126533
0.02450045355878783031
0.026322656713553387453
0.027114712181447859962
0.028856006899039120683
0.029222290105025590019
0.030929288463317609769
0.03075773450876358832
0.032552879798859550635
0.031612150330440951583
0.033859802846499500956
0.03139451889296147521
0.036025553997328923649
0.016497633397202618633
-0.0029321324072384250555
0.001572716243045240233
-0.0010525548958946984506
0.00077793958991933958964
-0.00060711221510719823894
0.00048959676448003356575
-0.00040305141553847781573
0.00033610575461650027715
-0.00028238012296166376805
0.0002380285647128341528
-0.00020060255037807304622
0.00016847632865444820696
-0.00014053533548480479356
0.00011599771973648906499
-0.000094307751468664969273
0.000075070426343604151526
-0.000058011274997039045641
0.00004295316161082989741
-0.000029806856457946153478
0.000018577408180482686939
-9.4001895418657157271e-6
2.6757357593128215077e-6
0.0016459272397687560874
0.0038115860912891133241
0.0059966566610525144623
0.0080932938757778816623
0.010253461558693373483
0.01222756926391515871
0.014337586657431368571
0.016141644367654117402
0.018178276672561473054
0.019765957374353074765
0.021710043750315473585
0.023035008173447450298
0.024874022626162946351
0.02588796386445386912
0.027619827961962008213
0.02826842047727482523
0.029908468859115530241
0.030122112250157317177
0.031718511736492692153
0.031388203505558426818
0.033064622392837956711
0.031963073955094206744
0.034083523978174254618
0.031463325490418776455
0.035946772615698712461
0.016389344441637435063
-0.0028999053314123205152
0.0015482985943328211189
-0.0010312639958537023627
0.00075836417655229848155
-0.00058865152154519035769
0.00047194696363373737565
-0.00038604352439713319198
0.00031964150405221535976
-0.00026640270327727386333
0.00022250802117782054405
-0.00018552817703577582529
0.00015385283031102963227
-0.00012638132416148370636
0.00010234596127297780741
-0.000081207087255984029591
0.000062589753971080343552
-0.000046246636543176040743
0.000032040349971845664519
-0.000019945488577607842793
0.000010084242698045856546
-2.8691719554886784687e-6
0.0016416579713848164924
0.0038265672486113262286
0.005967111891712400444
0.0081405509496854822509
0.010185644374232991413
0.012318675574330288274
0.014220464692196052207
0.016287599434004535536
0.018000491009566805257
0.019978847731939542527
0.021458383627838685274
0.023329638344118118369
0.02453149639379865937
0.02628429913500828363
0.027162413183559849195
0.028796086396138390152
0.029298651542588062049
0.030830022945994721117
0.030890334285471349801
0.032368933114382262917
0.031881512195760284629
0.03343170326974130706
0.032174295103097029637
0.034158158003160236634
0.031394583639724509575
0.035710788739074746145
0.016209389059736431676
-0.002854981293322754962
0.0015170780036876440487
-0.0010054152362303719907
0.0007354091504676663685
-0.00056753928214542867497
0.00045214332974690154138
-0.00036724677635197655141
0.00030167070379253241568
-0.0002491469439444365135
0.00020590108475045403433
-0.00016953524331737940198
0.00013846362498277943868
-0.00011160722803388591101
0.000088220092995081460178
-0.000067787301168106249329
0.000049965428442446800801
-0.000034551713356070838778
0.000021478970631108591239
-0.000010849371184413555226
3.0852822569460691454e-6
0.0016456750344054661903
0.0038124746103504693905
0.0059948917980138010826
0.0080961463334344396353
0.010249311423005000356
0.012233241271810066786
0.014330141921444705362
0.016151152297203068192
0.018166360223578060894
0.019780701945091083854
0.021691951213815807332
0.023057104743727920059
0.024847078344567311522
0.025920862676251209815
0.027579490222038593085
0.028318238418303410112
0.02984628064646210346
0.030200906876733233777
0.031616634072695288588
0.031523601466057897697
0.032877704666786335688
0.032235506661531477894
0.033652514623117638189
0.032244892291203760966
0.034083376947626499659
0.031188595023879028686
0.035318633714322813582
0.015958554151429257658
-0.0027975561848295908572
0.0014791899174856627778
-0.00097512011419931521704
0.00070917301639372348574
-0.00054386580627748202104
0.00043027062865427533961
-0.00034674219029301791173
0.00028227212217187874886
-0.00023069087766017328324
0.00018828684041509185604
-0.00015270622429896575543
0.00012239783920760225422
-0.000096313584413109171542
0.000073739285477702382363
-0.000054197644269271327987
0.000037395998908654874967
-0.000023209506782546120518
0.000011710716669618525242
-3.3282437592029382801e-6
0.0016418905283918081694
0.0038257484609616675084
0.0059687364121042539067
0.0081379296493378626871
0.010189449838198444026
0.01231348899350857479
0.014227249329598049194
0.016278969489326119314
0.018011255581514958774
0.019965602591119278351
0.021474530876540601987
0.023310066185758057433
0.024555153276819434033
0.02625570953590730466
0.027197046919349713257
0.028753919671680616056
0.029350396066032309236
0.030765809380449593497
0.030971248996096584109
0.032264855734196754306
0.032019150662882503748
0.033242596437803404152
0.032448643480673910329
0.033726087094644216107
0.032174559911861531827
0.033859505446164209117
0.030846261981624972521
0.034772021526837319602
0.01563793655523041566
-0.0027278803034348745017
0.0014347984325071148405
-0.00094050884663871728314
0.00067976773678026245028
-0.00051773163234418427466
0.00040642175818019132536
-0.00032461760316262433682
0.00026153070914261155152
-0.00021111880550317888876
0.00016975163748615371909
-0.00013513313126868304017
0.0001057583345784980629
-0.000080621946472003221226
0.000059056227864088089011
-0.000040642898310049156649
0.000025176782160505894721
-0.000012687136379122617295
3.6032390674941356196e-6
0.0016454594875003009521
0.0038132330797106578241
0.0059933884931875058316
0.0080985684171240572028
0.010245802144167515375
0.012238012232976485719
0.014323919948367541972
0.016159037814573517567
0.018156566219217359149
0.01979269286949052715
0.021677417348137894436
0.023074603794510746689
0.024826090275488342227
0.025946000622227557238
0.027549353748610504083
0.028354484540122047962
0.029802438193289404813
0.030254384899970058609
0.031550640917104387374
0.031606319065890542185
0.032771844727001003553
0.032374822745889117956
0.03346200593546444078
0.032519996701522811499
0.033652093820009270061
0.031963609728505947909
0.033487519199089328273
0.030369083646449350029
0.034073341262662512805
0.015248938252184911333
-0.0026462572148832871269
0.0013840954967881161544
-0.00090172969141084107828
0.000647318126934149857
-0.000489247005833208431
0.00038069735874309966601
-0.00030096751147272728037
0.00023953783896319723726
-0.00019052222602563525982
0.00015039118275005873115
-0.00011692158236637301915
0.000088669185730398577297
-0.000064688408681925020595
0.00004438195201609587153
-0.000027431220471681122361
0.000013802405158456375198
-3.9167740499728947615e-6
0.0016420913561307756966
0.0038250421500222457353
0.0059701350309163693583
0.0081356793009651725784
0.010192704410855021285
0.012309074351301916708
0.014232990724244378817
0.016271716952085920345
0.018020228675400744636
0.01995466594187474034
0.021487718296855379457
0.023294282814894617564
0.024573954056226351315
0.026233368586908550021
0.027223587113875458458
0.028722334661923640159
0.029388131753597887267
0.030720445157913802868
0.031026266302504208334
0.032197330292992991385
0.032103352081718139316
0.033135373139378599758
0.032589072422300853432
0.033534964782313886876
0.032449262208247905514
0.033430851583657241417
0.031612969741320616029
0.03296904052731603828
0.029759149514730518367
0.033225646598759640229
0.014793260235584718994
-0.0025530423630786979089
0.0013272999515657980345
-0.00085894814155371961529
0.00061196114748322895383
-0.00045853129399121982205
0.0003532054371044751955
-0.00027589307276052580147
0.00021639198519427688518
-0.00016900169232372081985
0.00013031446120202120649
-0.000098198356750975502579
0.000071289792955216385818
-0.000048730128015342598145
0.000030037842840638243805
-0.000015086904940898080664
4.2771206789660641194e-6
0.0016452713663941030605
0.0038138943888719824856
0.0059920801051109877234
0.0081006709630451370398
0.010242766349188169821
0.012242121583242757978
0.014318589047815996951
0.0161657516734698077
0.018148288684713144562
0.019802740812250125626
0.021665358118377323576
0.02308895962461431458
0.024809094667365360666
0.02596605502684022275
0.027525721074052990068
0.028382349875975538957
0.029769501495320497729
0.030293488581265483463
0.031503907877865590686
0.031662682234434927934
0.032703033644919301931
0.032460189586170581303
0.033353837513860900864
0.03266097552852260245
0.033461142460107606851
0.03223675949155366985
0.033063319047135320567
0.031124180454182840104
0.032306331023717287252
0.029019130485622719198
0.032232642359932281619
0.014272895073307885056
-0.0024486414260172102182
0.0012646564052149298605
-0.00081234598077076791378
0.00057384508907464789255
-0.00042571235579390841717
0.00032406107821468536534
-0.00024950245898419414588
0.00019220025128878163955
-0.00014667047083341951728
0.0001096512449525145652
-0.000079126000615451396397
0.000053843129632598342902
-0.0000330818937528056569
0.000016580046542212794478
-4.6949456111137098467e-6
0.001642268561924856909
0.0038244194824927518303
0.005971365999163555033
0.0081337034313584488511
0.010195552979929966217
0.012305225763985602884
0.014237971836577002245
0.016265460785001842037
0.01802791726621097741
0.01994536739613246641
0.021498830789805522552
0.023281118118810251622
0.024589453460809440032
0.026215194608799544659
0.027244850487614687643
0.028697467991153420837
0.029417248483472032253
0.030686250345293039384
0.03106661959703635023
0.032149378251947053804
0.032160870842016297861
0.033065519773236319846
0.032675289932198480924
0.033426265078643457191
0.032590233803220151652
0.03324084707654322845
0.031883430868409379952
0.032551092012620591372
0.030499388598906527379
0.031502281301190601964
0.028152267434492630777
0.031098668189515823669
0.013690118195382556489
-0.0023335084133716024553
0.0011964339235891389293
-0.00076212018222296948041
0.00053312864536925136614
-0.00039092590998294430367
0.00029338639825982841403
-0.00022191194866182821495
0.00016708161947279701432
-0.00012366183068377942331
0.0000885670311215509266
-0.00005993276260465977456
0.000036677251212252316541
-0.000018333818823310426892
5.184220763511985015e-6
0.0016451034570020014935
0.0038144841541685858034
0.0059909150270876504754
0.0081025390964660079762
0.010240076859936954352
0.012245748888127264583
0.014313904286686262452
0.016171620850557706745
0.018141096826056647848
0.019811409203305049476
0.021655038818799193361
0.023101130724255217738
0.024794836841366207236
0.025982678231259787186
0.027506397345286210704
0.028404782934118495758
0.029743453102401593831
0.030323788478269475727
0.031468542937217211353
0.031704172439608098498
0.032654006593254795094
0.032518679736824282042
0.033283178736206140976
0.032747736143805703193
0.033352316928301702367
0.032377177209537446583
0.032875023066113904237
0.031390838233187878764
0.031896395670709954483
0.02974133840645253681
0.030560397832022269211
0.027162357405706878029
0.029828679386691700526
0.013047477945014286218
-0.0022081434957456275009
0.0011229245106501970901
-0.00070848162379511046322
0.00048997987816325392169
-0.00035431500040538242045
0.0002613110646164361801
-0.00019324857542897742196
0.00014117377725909139465
-0.00010014405552488576633
0.000067294518315570165306
-0.000040979364683646387857
0.000020418121820982565672
-5.7635728601981889778e-6
0.0016424286646541020614
0.0038238573456821719003
0.0059724757534276353757
0.0081319257413751916618
0.010198108962096724564
0.012301784084664964982
0.014242408168759163097
0.016259915704653679752
0.01803469367367766794
0.019937225115165489169
0.021508489378741046877
0.023269772247544859677
0.024602683856600193243
0.026199848927775511019
0.027262585118831381767
0.028677015448585119879
0.02944081986776920743
0.030659064352030727855
0.031098042811729006474
0.032112922548561280329
0.032203394163427509987
0.033015552430034725486
0.032734577036518265651
0.033355027293359019112
0.032677241482351804266
0.033132287999499144374
0.032022763933226755411
0.032365245703432726975
0.030761157478551615627
0.03110207375288658031
0.028853360562596963957
0.02948478685538334804
0.026053737543082608196
0.02842822496413141369
0.012347784436840292401
-0.0020730905455044830308
0.0010444413359188400483
-0.00065165358167406408337
0.0004445751046896199678
-0.00031602979244140817175
0.0002279741071220570653
-0.000163656160924714038
0.00011464781001012543192
-0.000076353143308622488814
0.000046205830906329075201
-0.000022929013173708361556
6.4583358984946183851e-6
0.0016449497600729073095
0.0038150236145066460674
0.0059898507002375128901
0.0081042424792397305591
0.010237630636947445214
0.012249037859395986782
0.014309672450372290156
0.016176899031162681048
0.018134662616808325076
0.019819118202810416759
0.021645924042005093975
0.023111798143195026925
0.024782449627209697039
0.025996978166401768501
0.02748995901105312464
0.028423627157281209106
0.029721881713495667484
0.030348478213756171328
0.031440251670406201414
0.031736671342963421354
0.032616526813881537561
0.032562145575099375399
0.033232392013208990408
0.032807660338492109406
0.033280710952509756092
0.032464152915991332573
0.032767103621047094282
0.03152857827403576707
0.031713712242222397788
0.029997170810753623799
0.030171574451592007039
0.027839359059070955
0.028280135290117307086
0.024831266924568560866
0.026903422971695236174
0.011594097271626477801
-0.0019289343507998103137
0.00096131663629954622039
-0.00059186995275627900872
0.00039709781436958485101
-0.00027622826685494457715
0.00019352872138865540777
-0.00013330910928722968071
0.000087741543141635039252
-0.000052670418381229261536
0.000026001888257347832516
-7.3037660789776507483e-6
0.0016425773078671230554
0.0038233357889479297049
0.0059735041671455030305
0.0081302812088767729674
0.010200468066494671682
0.012298616621325269289
0.014246476863437039109
0.01625485101176622748
0.018040853475935716969
0.019929864349295657286
0.021517166263374014874
0.023259651889354707609
0.024614390673289634927
0.026186392847313784624
0.027277978332754815281
0.028659465470715942978
0.029460786706645881498
0.030636368574233696205
0.031123847082747347067
0.032083541515701357904
0.032236938631028054933
0.032977097027306686098
0.032778913826754303055
0.033303522156587166855
0.032737663934895626314
0.033060502258032311915
0.032109452834387024736
0.03225831229496364894
0.030896826795288968179
0.030923229371008266263
0.029102257325943572166
0.029108932860189639108
0.026703796272735563293
0.026951688509214443121
0.023500306546097091707
0.025260933107333492249
0.010789712162119884567
-0.0017762974306938307463
0.00087389917092993385909
-0.00052937315723046590555
0.00034773794368135295706
-0.00023507924481701582479
0.00015815434106713635363
-0.00010244541371346716728
0.000060842008778299182857
-0.000029833378276143166387
8.3502518846802017924e-6
0.0016448048240366653426
0.0038155320144529651773
0.0059888487604938718514
0.0081058434421140907136
0.010235336372183520822
0.012252114341554028629
0.014305726709854796007
0.016181801733983078059
0.018128712442825640989
0.019826211192672911691
0.02163758595188509962
0.023121492883302936025
0.024771274727335680167
0.026009771927091718629
0.027475388520559276027
0.028440156412059087258
0.029703181099455732607
0.03036960166375261145
0.031416404019048862772
0.031763609257622774689
0.032586047594895140813
0.032596730449532869198
0.033192983379386157075
0.032852823750304961882
0.033228559837231158795
0.032524964808919959518
0.032695294742547198069
0.031614759597342452569
0.031608074137674357511
0.030130333350910296812
0.02999719644681151904
0.028080382461948965666
0.027918749472334986404
0.025451676820422340018
0.025505224671087501522
0.022066697838033810096
0.023507926578903070695
0.0099381465306327509452
-0.0016158363152318270821
0.00078255102529608192161
-0.0004644117323245048143
0.00029669248706677997108
-0.00019277161234500847392
0.00012208774703650209496
-0.0000714526298208916973
0.000034719448725645805435
-9.6720997366514230729e-6
0.0016427199287432281011
0.0038228356450195242738
0.0059744893554608725684
0.0081287081293805526447
0.010202720260658847919
0.012295600093270236623
0.01425034022820018375
0.01625005869733894567
0.018046658365017029786
0.019922960003521225443
0.02152526195822336218
0.023250266055386205263
0.024625174471860239971
0.026174091709212501381
0.027291930775823783041
0.028643709405486100745
0.029478521802288215492
0.030616449876968531994
0.031146191019283211591
0.032058483183510508688
0.032265062087863209464
0.032945476909363648194
0.032814569792178510568
0.033263145230037594998
0.032783648793345142608
0.03300773661271237483
0.032170588364281985338
0.032186591560013786565
0.030982327949044874581
0.030819143979350219512
0.029232534072423137853
0.028939583525994693833
0.026936087399307133271
0.026606163861822195079
0.024088531143130934713
0.023947024975478239034
0.02053674036228461647
0.021652053054267141967
0.0090431241460437379034
-0.001448237027746762427
0.00068764342680304240949
-0.00039723792013321753802
0.00024417043822789891216
-0.00014954115140820885319
0.000085709824940130845718
-0.000041125487390032138548
0.000011383063061725519541
0.0016446630146910793927
0.0038160291897518549791
0.0059878698566788778193
0.0081074054726177226561
0.010233101913612608071
0.012255103906615063199
0.014301902839341812462
0.016186537797171981991
0.018122985893931193273
0.019833008450182968957
0.021629634350159490132
0.023130687428445389047
0.024760741962086487557
0.026021746840186984138
0.027461856536718401194
0.028455374236715267404
0.029686131278079701555
0.030388651489416670723
0.031395158605101892568
0.031787280871439153645
0.03255967429247034127
0.032626139040279857739
0.033160129693602600461
0.032889633771575882985
0.033187144874530310788
0.032571823121234261221
0.032641886196767673521
0.031676215614748388287
0.031536487032722072727
0.030215051172062539677
0.029894847271550295503
0.028207474292872415752
0.027754902327284663923
0.025674480389593243903
0.025176821807896834235
0.022620400591828290389
0.022283838521416733003
0.01891716988372695986
0.019701404256368480613
0.0081085588787961891919
-0.0012742092446461375271
0.00058955104768867166259
-0.00032810674857445658461
0.00019041192207906685115
-0.00010575311676141658268
0.000049824466918949717296
-0.000013665392529154883894
0.0016428626358043527347
0.0038223354342869899483
0.0059754738377152790815
0.0081271381212684250505
0.010204964386649420422
0.012292600511272216344
0.014254172404199071153
0.016245318933476452772
0.018052380147180752584
0.019916180979813946184
0.021533175515155157891
0.02324113731192035571
0.02463560380738186538
0.026162270059515563902
0.027305244599815781878
0.02862879323147766942
0.029495163476834395506
0.030597943270919944387
0.031166722443148791792
0.03203574124806856902
0.03229023299941568452
0.032917616588074274569
0.032845434273669270978
0.033228890654280652868
0.032821774066742274082
0.032965131959532843269
0.032218457847266527592
0.032132422085921266065
0.0310441951111865445
0.030747637739931614539
0.029316468560715933095
0.028839045199095533369
0.027059811224863472827
0.026448166399036385426
0.024301233890800373213
0.023636832281235736744
0.021053827557660441247
0.020522838902502086609
0.017215139227491730358
0.017664473106023290996
0.0071385376751608466262
-0.0010944780364625768066
0.00048864420216379524649
-0.00025728306357927852594
0.00013575816944899666276
-0.000062194369440972739974
0.000016828110620929943584
0.0016445173488461490155
0.0038165396693798360281
0.0059868655270027046891
0.0081090062901651748782
0.010230815339004898965
0.012258157570546935258
0.014298005669912050526
0.016191351961961043631
0.018117182683510257274
0.019839872550615858031
0.021621636600970549673
0.023139893597323958719
0.024750249445379825795
0.026033608044624965128
0.027448538464745267481
0.02847024487054018352
0.029669602863410416189
0.030406954888381224438
0.031374947973655828224
0.031809549893529001455
0.032535171858592689045
0.032653080209431019438
0.033130505665189898958
0.032922234979172621861
0.033151206424740194838
0.032611546239255052065
0.032597812909375950758
0.031725367338350497523
0.031481298995636631038
0.030277566222016233669
0.029823216274890274407
0.028290785507678770217
0.027656081513906122863
0.025794830285876613499
0.025024832562449855703
0.022822595704196018761
0.021992706416068760197
0.019395858340691097823
0.018671565959649729135
0.015438207306452292916
0.015550105671008211778
0.0061373029149147046345
-0.00090977078277110509146
0.0003852796921648310878
-0.00018508583622206016315
0.000080937588217598836146
-0.000021434708258310613904
0.0016430139228307680139
0.0038218053485117168258
0.0059765164101766077985
0.0081254771149712758547
0.0102073354868421233
0.012289436381974325449
0.01425820682558215777
0.016240340657627555567
0.018058373573933781904
0.01990910221914621645
0.021541409688893030446
0.023231676795830318353
0.024646363406789610092
0.026150135802122842245
0.027318833056888227512
0.028613665766571853978
0.029511921553938421394
0.030579454341273477199
0.031187053354296873453
0.032013443535825972199
0.032314639559623888918
0.032890937378246408587
0.032874577568876956797
0.033197056454731338975
0.03285657174950447005
0.032927038318028099202
0.032260259448367047014
0.032086393160443650404
0.031095118530130469891
0.030690944476195203945
0.029380108248025769777
0.028766832476184825828
0.02714292234391382646
0.026350694268516408932
0.024418492839309485979
0.023490705373222141973
0.021245433037487488455
0.020251259705796760701
0.017654077177268947443
0.016737836246853918188
0.013594349783176377666
0.013367438589151987243
0.0051092345369171069105
-0.00072079377432194629069
0.00027980291349199856827
-0.00011212840407355073593
0.000028617379757984611557
0.0016443567037746522444
0.0038171024598489600379
0.0059857589310466430083
0.0081107686018538095153
0.01022830093606345275
0.012261510741496899248
0.014293733586281675397
0.016196618581476621577
0.018110848997784410655
0.019847343853192679177
0.021612958169606888029
0.023149848486551394058
0.024738948121419765552
0.026046327280443307676
0.027434327423321150003
0.028486025050699292846
0.0296521715955991091
0.030426125194961382864
0.031353943007996337135
0.031832494846807647296
0.032510169348277114623
0.032680273278324606439
0.033100969526132599979
0.032954291495611564242
0.033116420474746998286
0.032649311721258442506
0.032556764118138271891
0.031770074406295284391
0.03143246270661158641
0.030331134586676912447
0.029764127535599205851
0.028356450677512622984
0.027582384778219388002
0.02587863171962233337
0.024927850440346724671
0.022937559960821802385
0.021851757886188376094
0.019577358408382163249
0.018419427583187853051
0.015836721182424574422
0.014729576035334120966
0.011692029998103982377
0.011125799872049370035
0.0040588332866082649177
-0.00052818684100435801633
0.00017267185930132608022
-0.000040984951714961246494
0.0016431897639700422378
0.003821189397390297997
0.0059777272640855397449
0.008123549392913393985
0.010210084711653659228
0.012285772024844661704
0.01426287234005201788
0.01623459343693713736
0.018065279055177025931
0.019900964794176314901
0.02155085078775296947
0.023220861442238730439
0.024658623195832334835
0.026136361058009654082
0.027334194380313756641
0.02859664430799797443
0.029530679559269459024
0.030558879459725905583
0.031209530608309174787
0.031988971748982825003
0.032341206529295024109
0.032862163826424021701
0.032905682689040025454
0.033163477579495578122
0.032892788435493946196
0.032887991774916556193
0.032302364042139716894
0.03204095511807887968
0.031144227901289996757
0.030637741851123182785
0.029437941267016591412
0.028703670403903558968
0.027212344636330409863
0.026273735169396902804
0.024504798375681388904
0.023392382017789970605
0.021359922166692124822
0.020113730393110832168
0.017827084401553705874
0.016503840564935218982
0.013953033861302215968
0.012654424347315035138
0.0097404629489859117062
0.0088344932849189896353
0.002990712116078080241
-0.00033245622792561501115
0.00006596333179672915014
0.0016441550147660552696
0.0038178088855201825792
0.0059843704597728212964
0.0081129785408118106417
0.010225150275241425037
0.012265708411352836175
0.01428839174424213304
0.016203195013276617193
0.018102952675667104565
0.019856641456155342088
0.021602180847491063546
0.02316218182299828645
0.024724983893939604099
0.026061996542576968362
0.027416879034755322868
0.028505327313078990535
0.029630939293604946118
0.030449365969748642208
0.031328612089758472878
0.031860001949982049532
0.032480394298477356375
0.032712415390227393092
0.033066351874847574884
0.032991505029581299097
0.033076475680894376152
0.032692142251994983418
0.032510868975601989193
0.031819244449570995265
0.031379766604297978253
0.030387661766076281364
0.029703392167453762502
0.028421869658693805464
0.027511669695930735536
0.025955451569444928839
0.024843827406929484139
0.023030329081747586099
0.021747985514882716583
0.019695607473439459348
0.018280997117597523007
0.016005558696123881292
0.014509566069709461564
0.01201448620771199235
0.010518465980328033392
0.0077506648739304261404
0.0065020844305028633535
0.0019096540739622084035
-0.00013465208081545224106
0.0016434428953844412874
0.0038203028514723683456
0.0059794695488002827513
0.0081207768005717685925
0.010214036614679656275
0.01228050838388647372
0.014269568343852401651
0.016226353316822168346
0.018075168156741706307
0.01988932728922863808
0.021564331795803767269
0.023205445233637709329
0.024676063696080296614
0.026116809057303085496
0.027355943898543889465
0.028572611759139320866
0.029557080860081800569
0.03053002271456238145
0.031240931302482354916
0.03195493583814907716
0.032377972784835998414
0.032822566947677323436
0.032948217161355038905
0.033117889981833073451
0.032941555551918580412
0.032835905014290878034
0.03235792793832053058
0.031981734558683969017
0.031207312787937829118
0.030570548728524754403
0.029509533766815542139
0.028627324938332612049
0.027293880690088435673
0.026186455382803309932
0.024598537987997949715
0.023291229388364276639
0.021469799284762268786
0.019993250133876831976
0.01796099822640105376
0.016351941417764963366
0.014130909828402875208
0.01243467049236217908
0.010040564942528593514
0.0083200737785968433644
0.0057413876018992899455
0.004132181157875461462
0.00082186346063200372081
0.0016437269212640074416
0.0038193081479244168071
0.005981424232156160482
0.0081176665732165298354
0.010218469073834213821
0.012274605829829409269
0.014277075350321693252
0.016217117757592378384
0.018086248292087475807
0.01987629306126550189
0.021579424324239769134
0.023188194543252955602
0.024695568873680584802
0.026094955890028572436
0.027380236390765112979
0.028545790146615770111
0.029586520471169437988
0.030497876504369822665
0.03127587311046083132
0.031917108302858515316
0.032418778119472863351
0.032778688883274870126
0.032995266794405237267
0.033067564811827739827
0.032995266794405237267
0.032778688883274870126
0.032418778119472863351
0.031917108302858515316
0.03127587311046083132
0.030497876504369822665
0.029586520471169437988
0.028545790146615770111
0.027380236390765112979
0.026094955890028572436
0.024695568873680584802
0.023188194543252955602
0.021579424324239769134
0.01987629306126550189
0.018086248292087475807
0.016217117757592378384
0.014277075350321693252
0.012274605829829409269
0.010218469073834213821
0.0081176665732165298354
0.005981424232156160482
0.0038193081479244168071
0.0016437269212640074416
0.00064063570789394540803
0.0033723945061156826539
0.0082744984641881456175
0.015326606336717751427
0.024498015371145778705
0.035748653493819675901
0.049029335280737321566
0.06428199210155184153
0.081439930050048939361
0.10042812291612902854
0.12116354077728068321
0.14355551329546784917
0.16750612630483363543
0.1929106500218131957
0.21965799703266790276
0.24763120806821104011
0.27670796344757214864
0.30676111795766643021
0.33765925683113204889
0.36926727039251271485
0.40144694486044409602
0.43405756672274255147
0.46695653804182216242
0.5
0.53304346195817783758
0.56594243327725744853
0.59855305513955590398
0.63073272960748728515
0.66234074316886795111
0.69323888204233356979
0.72329203655242785136
0.75236879193178895989
0.78034200296733209724
0.8070893499781868043
0.83249387369516636457
0.85644448670453215083
0.87883645922271931679
0.89957187708387097146
0.91856006994995106064
0.93571800789844815847
0.95097066471926267843
0.9642513465061803241
0.97550198462885422129
0.98467339366328224857
0.99172550153581185438
0.99662760549388431735
0.99935936429210605459