0.0076883104990293170887
-0.0028820765229643958006
0.0021497713568885064429
-0.0017388496538029808356
0.0014447041391572613871
-0.0012087512459368854666
0.0010073075528533547063
-0.00082919827995727005617
0.00066882097552991718794
-0.00052345035117272505814
0.00039204673069160201411
-0.00027471562175491811858
0.00017253812770657703976
-0.000087779060264586875297
0.000025062343754512099488
0.016636222750978340498
0.017591511872027031177
-0.0046635138656713992091
0.0031535420516706017748
-0.0024370936454186124893
0.0019654599521175564232
-0.0016035418051517093577
0.0013026047364613938568
-0.0010414855621420356193
0.00081022819445585974913
-0.00060428899504152270516
0.00042219406852206440136
-0.00026462968603052396764
0.00013445727294186561454
-0.000038363540071862301278
0.01475966579358355995
0.038245317746405577756
0.026789805116792983753
-0.006161257821898264527
0.0038854077848574899565
-0.0028725872715850090338
0.0022380918470861214893
-0.0017688266043438791339
0.0013895780566306664521
-0.0010683344102573672585
0.00079033394339187381651
-0.00054907019092940758442
0.00034283715236674489911
-0.00017376894841906293135
0.000049516101104364297163
0.015759762106154140607
0.033593131847985418574
0.058310085109126866182
0.034892669481538578612
-0.0073794094617397638483
0.0044109680181259070656
-0.0031309080275134241793
0.0023528092447386043708
-0.0017928315891597557959
0.0013514426363325421123
-0.00098660966733978016547
0.00067926600045123943416
-0.00042156371607571639782
0.00021285364745838293321
-0.00006053131016826321249
0.015109407741184134012
0.036214415253647507657
0.051075494890179093915
0.075979806400440883305
0.041567301454248483388
-0.0082827733654088050318
0.0047328695554341243697
-0.0032303967439495117105
0.002335581966151765643
-0.0017052285606943203351
0.0012194819541541358762
-0.0008281857090883907614
0.00050936412949392394334
-0.00025573844484729546736
0.00007251317478484742835
0.015576303098908424433
0.034440109555179285635
0.055233147831263446596
0.066478299376112361518
0.090532340078546262592
0.046540250003890552757
-0.0088394434055960328586
0.004846792981406964263
-0.003178224235711630949
0.0021997331868474014089
-0.0015230203882628408467
0.0010132184771003282554
-0.0006149616868832095058
0.00030625402529272587355
-0.000086472436875724120296
0.015220506796290960362
0.035751657792347683834
0.052370970499461507863
0.071987524544685473162
0.079168848880499761837
0.10137333529676784031
0.049607871331777894114
-0.0090287755941210467821
0.0047519548261731541442
-0.0029816911414961563965
0.0019570249045527315324
-0.0012610232690339256368
0.00075041569679005452728
-0.00036932255182717491413
0.0001036549884139808886
0.015502500930295682928
0.034730560804930729582
0.054515278735106159489
0.068164319952359526823
0.085786000689348747941
0.088626498335584350521
0.10805970011326525177
0.05064456048139031822
-0.0088439574497094635466
0.0044540016721967549921
-0.0026513977808517811647
0.0016210190107176304005
-0.0009356685015201919833
0.00045246293912333277243
-0.00012587993223704875087
0.015272966009644653289
0.035552346295881237269
0.052829194536795912979
0.071046362232111082861
0.081177578003944235244
0.09606219114927726191
0.094463787837382634084
0.11031789655690168322
0.049607871331777894114
-0.0082928352889867348015
0.0039657540279972049394
-0.0022021855816083159377
0.0012086397341244596429
-0.00056863404829362147967
0.00015611420176767381565
0.015463093434934358298
0.034876769718761336481
0.054194571920469177012
0.068772120485976828968
0.084657623296759807623
0.090880766820933704105
0.10239396689926741918
0.096442327981373672177
0.10805518606915182109
0.046540250003890552757
-0.007397737170049295815
0.0033070395869647957055
-0.00165353759767747909
0.00074291418887477671928
-0.00019968210084979025561
0.015304107823273786749
0.035438762188901357822
0.053070246104092043563
0.070613524672165547985
0.0819151209543428309
0.094785728568475425848
0.096880160697404022585
0.10451951770673014815
0.094482873108121663858
0.10136327337318991055
0.041567301454248483388
-0.0061944674373637260807
0.0025041153434068735914
-0.0010313915095934453024
0.00026721325687450016486
0.01543715230822689739
0.034970170096595679421
0.054001173949661683904
0.06910607296262591779
0.084121212575836746942
0.091729057371448563401
0.10100857425271554402
0.09893631171804203207
0.10234665069106921241
0.088669531989655198448
0.090514012370236730625
0.034892669481538578612
-0.0047304748755408986765
0.001589891896068643781
-0.00038314110809550642988
0.01532710489695426988
0.035356792692473125286
0.053236773081219222607
0.070334409154006564808
0.08234426896510509296
0.094148834418038472772
0.097826164606925121776
0.10305794756712451557
0.096977650816469666739
0.095953087279366114547
0.07924919512363947682
0.075946596784975421751
0.026789805116792983753
-0.0030622940023515154009
0.00061695520447507422776
0.015414984538130496479
0.03504856647111219674
0.053844239919616491474
0.069363144894555092823
0.083738891903538489482
0.092270271813325245764
0.10025722822569782385
0.099986516226319242584
0.10081928446870749759
0.09111504005566354909
0.085571696553915579266
0.066631796911406555449
0.058243124099257366715
0.017591511872027031177
-0.0012596017529197063212
0.015351558654304122078
0.03527080280431864923
0.053407072105879390466
0.070060054584832075342
0.082742556177805364762
0.093603950358953830572
0.09854692168802587104
0.1021183192427379065
0.098208435110702433522
0.09428925125371799098
0.08168989876933970539
0.071524188616880138059
0.051429838876697461063
0.038065100267018458155
0.0076883104990293170887
0.015376620998058634177
0.035183023744054062355
0.053579610233585967506
0.069785338963077157224
0.083134602908496966777
0.093080500007781105513
0.099215742663555788228
0.10128912096278063644
0.099215742663555788228
0.093080500007781105513
0.083134602908496966777
0.069785338963077157224
0.053579610233585967506
0.035183023744054062355
0.015376620998058634177
0.0060037409897572857552
0.031363303799647047846
0.0758967082947863919
0.13779113431991497629
0.21451391369573057623
0.30292432646121831505
0.39940295300128273885
0.5
0.60059704699871726115
0.69707567353878168495
0.78548608630426942377
0.86220886568008502371
0.9241032917052136081
0.96863669620035295215
0.99399625901024271424