0.004403501784788029578
-0.0016629960556802607639
0.0012574521846013084372
-0.0010379957748608020146
0.00088679791077102356197
-0.00076967178674861763561
0.00067242873024127334577
-0.00058803864516781862734
0.00051264290865460130266
-0.00044399360763794877307
0.00038074486710369920012
-0.0003220962660244189907
0.00026760017643017722816
-0.00021705341024078528519
0.00017043701869731719348
-0.00012788821228101701729
0.000089700603176444813249
-0.000056362772618973917933
0.000028679706900421732015
-8.1889526511157600096e-6
0.0095284565957661557115
0.010150357450096735333
-0.0027276102914137770898
0.0018822074297478353271
-0.0014955686249830410117
0.0012510101784205471679
-0.0010698357032629388739
0.00092303951788583355694
-0.00079745511108077764285
0.00068631105320475114723
-0.00058585489960831160051
0.00049393155537224883018
-0.00040931166136079841926
0.00033134839036639700201
-0.00025979558235006352931
0.00019471659839787884647
-0.00013645744389015727352
0.000085689501641131348051
-0.000043584630637111639224
0.000012442038730567176218
0.0084535960722076433962
0.0220677686460557531
0.015668012083527265892
-0.0036766527132241663745
0.0023834172453119358233
-0.0018272129100415789326
0.0014917507762726173284
-0.0012517146388744094278
0.0010620447186661662419
-0.00090277440764463153953
0.00076386140706651725691
-0.00063985109619308289269
0.00052766825217774887384
-0.00042559403767532817608
0.0003327562092927387879
-0.00024887109244711249461
0.00017413264465820566345
-0.00010922354814963146359
0.000055513045735558606665
-0.000015840782385162603243
0.0090265518449125467908
0.019383047957638038674
0.034102983490729309156
0.020819185394176187181
-0.0045249103309739437588
0.002803581032520425541
-0.0020842431591885302077
0.001661941629810795414
-0.001366793696005758628
0.0011381600675473151552
-0.00094937018745558074314
0.00078710974948328731949
-0.00064420152944466042653
0.00051663510127742944997
-0.00040220328189429695543
0.00029983636360193348194
-0.00020928748786189654441
0.00013104798910165452022
-0.00006652958826136737262
0.000018972729177700254967
0.0086537606933848745129
0.020896438957496497805
0.029870572727711931302
0.04533521514570143207
0.025482529954310108759
-0.0052607342082806525123
0.0031464474467301720498
-0.0022770018547556854552
0.0017750972502069452846
-0.0014300383186878530581
0.0011668444878605745736
-0.00095263457971295195899
0.00077104727642237268646
-0.00061330257965136153925
0.00047453770213223715884
-0.00035214101255767367859
0.00024496581983565743932
-0.00015301915825051196019
0.000077560708404901080071
-0.000022099688376410866476
0.0089217043439825095756
0.019870975883542104545
0.032304894502376960872
0.039663041733277573286
0.05550187949982843354
0.029548632990379604328
-0.0058697270488619217586
0.0034089684386973740522
-0.0024073258910302647857
0.0018356998784733425304
-0.0014474682596529328734
0.0011550170030146184626
-0.00091999174522842978956
0.00072335679290091680849
-0.00055495305301510262354
0.00040923792356049946933
-0.00028338179619442022561
0.00017644228447944795966
-0.000089243317133071546379
0.000025399473345245447154
0.0087170628989569163292
0.020630560054001038132
0.030626083827067770117
0.042956396253531319376
0.048529635189975008218
0.064365523360076333257
0.032922159612294156725
-0.0063388591877820047369
0.0035872439381661903742
-0.0024751362423396582046
0.0018457846029361315794
-0.0014224262206588962654
0.0011068733867762620864
-0.00085621651330728545996
0.00064923457775064749787
-0.00047471069762948704274
0.00032670766685115028631
-0.00020254480883095174262
0.00010215929460098834941
-0.000029031967849177877668
0.0088798959024046497414
0.020036972814866884196
0.031888097835533930559
0.040664374496087832613
0.05259842674035584962
0.056261710306390712876
0.071718904670764769048
0.035524027329595512832
-0.0066577572073930749725
0.0036782469832684791282
-0.0024804033986482929364
0.0018069763267522601774
-0.0013575825463236307424
0.0010258032393666562647
-0.00076524258304705057266
0.00055309706681970563383
-0.00037754027572056103166
0.00023273015963274280743
-0.00011695350959950853259
0.000033171291182352955119
0.0087464718602740120548
0.020517763700228403852
0.030889827308527097562
0.042401391815834750523
0.049752133361533372144
0.061004667338721718071
0.062677530912758637139
0.077389962925073447404
0.037293246618150936697
-0.0068192802506602686209
0.0036804716272016887027
-0.0024238720002177244526
0.0017212520291606112224
-0.0012557057193956477866
0.0009151569416623592727
-0.00065093660151411463051
0.00043940888193092982838
-0.00026882064759500030136
0.00013443672239762632069
-0.000038032394895374043555
0.0088582005133661171148
0.020118295311526180591
0.031706416748020878158
0.041017878741672268771
0.051919303738528575539
0.057676873987930329473
0.067978133262053657609
0.067626431117794643023
0.081245935751406804263
0.038188346782681462675
-0.006819820060317048961
0.0035942047149992421447
-0.0023073509472256991101
0.0015912502223148461619
-0.0011199937146560284307
0.00077861840375381899309
-0.00051756924835785449175
0.00031339900164219584232
-0.00015571861957668508788
0.000043903725693628844646
0.0087630998438824303113
0.020456433519770155753
0.031022625165412335942
0.042155940036710228854
0.050186441504866398525
0.060217259695415237087
0.064253069002273467287
0.073355405606416724775
0.070992288521302631249
0.08319651362567997431
0.038188346782681462675
-0.006659442515104930869
0.0034216235413963826417
-0.0021338140374653441597
0.0014203919928288791829
-0.00095424382990835802097
0.00062049204668010559096
-0.00037039258096634637307
0.0001824195886672900741
-0.000051196943790057958873
0.0088450359644714331995
0.020166278177795844345
0.031604844814649532086
0.041198961906421444534
0.051615996510134332149
0.058182109039096849383
0.067100024943983961236
0.069326802630030414442
0.077010365236519597847
0.072696221938161236646
0.08319597381602319397
0.037293246618150936697
-0.0063419082658824217398
0.00316678831182967631
-0.0019074013579625094148
0.0012129265470868453739
-0.00076302102748237616104
0.00044619685852743422303
-0.00021704880003493318693
0.000060531709302047101132
0.0087738322783937062008
0.020417668409792979198
0.031103294007421788977
0.042015911064072935394
0.050411962841800511885
0.059862508563806259229
0.064818515985221657184
0.072405637205514656407
0.072779516909549613217
0.078857096964011218285
0.072698446582094446221
0.081244250443694948366
0.035524027329595512832
-0.0058745854461764555988
0.0028355556743684957807
-0.0016333668317356321015
0.00097399629226454174897
-0.00055207366847939877386
0.0002637420853265864695
-0.000072892332828590585467
0.0088360355374252370336
0.020198555605592482316
0.031538568975885483527
0.041311663121501224076
0.051439770606249704561
0.058448031403008561158
0.066700535737895598909
0.069941181272414763578
0.076008919456960769659
0.07453090896242679377
0.078851829807702583554
0.07099924929813568302
0.077386913846973030402
0.032922159612294156725
-0.0052682573793171246013
0.0024354247186452092999
-0.0013180254651789450132
0.00070994033998676166743
-0.00032984515380756746602
0.000089940670619142826722
0.0087816040962308137088
0.020389958217326542212
0.031159581882575083825
0.041921752584546794588
0.050555821985059718049
0.05965221903377431128
0.065120962431687396641
0.071968046404419455454
0.073431476233287254931
0.077824161825015858222
0.074540993686889582819
0.07699381912733213818
0.067639086220493651612
0.071714046273450235208
0.029548632990379604328
-0.0045368195912082160214
0.0019753290550748010766
-0.00096887033532242908747
0.0004297390166513661204
-0.00011470077440645041972
0.0088291032579524700224
0.020223154191788569585
0.031489043325305043745
0.041393404968516716923
0.051317200921177891197
0.058622728278626971497
0.066457621804239674988
0.070277007382768652978
0.075539127816014825353
0.075209849077502350775
0.077806731884050778407
0.072811395986094928109
0.07332505651394671112
0.062697871777858141399
0.064358000189039861168
0.025482529954310108759
-0.003696844357349057708
0.001465451439342600483
-0.00059572405730302713952
0.00015324287619118464299
0.008788030840398358901
0.020367244488454838038
0.031204976177952877265
0.041847658276214270907
0.050665223545018284036
0.059499469262653505612
0.065327684123310883999
0.071692256188635686091
0.073799383486818586074
0.077326063752818506092
0.075238533497815610194
0.075953286932307632022
0.069386113029380230251
0.067928562383776843657
0.056293684948238783115
0.055489970239594161277
0.020819185394176187181
-0.0027669593236747773712
0.00091766694255543199106
-0.00021954827533648763489
0.0088228443519612217592
0.020245201854457912059
0.031445247715204163248
0.041464238143694168699
0.051213931001067330013
0.058764509771466469868
0.066269913262263641625
0.070520386407013276791
0.075226344332494956287
0.075612832158296408092
0.077279467973007556889
0.073524448517635707152
0.072299769298065435092
0.064352568448315696121
0.060924478890800787589
0.048581642663308281695
0.045315023501576540737
0.015668012083527265892
-0.0017670537458622824343
0.00035340749736841575977
0.0087945615308454919797
0.020344299530830582305
0.031250334665413400437
0.041774828232242531636
0.050770343310222338672
0.059357061563109272185
0.065512970834221916447
0.071457366320551824084
0.074092561680929624564
0.07696254846497123695
0.075690382512158174202
0.075383948347382651037
0.070125015141305192108
0.066914154927851252323
0.057846255802338661488
0.05246062853360325853
0.039756163358604539035
0.034063634458468308875
0.010150357450096735333
-0.00072145302619009655553
0.0088151925222271749159
0.020272035193293048934
0.031392386939673505703
0.041548670185175929549
0.051092948120901234536
0.058926828962061891463
0.066061372634829098734
0.070780454482760848436
0.074908589502326292385
0.075995948698259226149
0.076820687173000874122
0.074073850327647272091
0.071636093304358844292
0.065171890494347040103
0.059866937767507826292
0.050078261997849193956
0.042676366563213176377
0.030078571982453223348
0.021963710955873731429
0.004403501784788029578
0.0088070035695760591559
0.020300714900193470666
0.031336024167054531785
0.041638370788352374362
0.050965059908620217518
0.059097265980759208656
0.065844319224588313449
0.071048054659191025665
0.074586493236301873394
0.076376693565362925349
0.076376693565362925349
0.074586493236301873394
0.071048054659191025665
0.065844319224588313449
0.059097265980759208656
0.050965059908620217518
0.041638370788352374362
0.031336024167054531785
0.020300714900193470666
0.0088070035695760591559
0.0034357004074525376069
0.018014036361043104366
0.043882785874337047066
0.080441514088890588303
0.12683404676992460369
0.18197315963674248727
0.244566499024586451
0.31314695564229021966
0.38610707442917746096
0.46173673943325133312
0.53826326056674866688
0.61389292557082253904
0.68685304435770978034
0.755433500975413549
0.81802684036325751273
0.87316595323007539631
0.9195584859111094117
0.95611721412566295293
0.98198596363895689563
0.99656429959254746239