0.0048654470574316192591
-0.0018355448067476673247
0.0013852912568705149245
-0.0011403127185121497878
0.00097050599945810799248
-0.00083818158607119895088
0.0007277428621066575343
-0.00063150173630183836904
0.00054527491889932601938
-0.00046666081831969812468
0.00039425802614855643852
-0.00032727333415362611561
0.00026531194200952074581
-0.0002082628660941263509
0.00015624157194694368211
-0.00010957664668560101636
0.000068848500624266111207
-0.000035032306407272669355
0.000010002762005464407472
0.010528029018068560776
0.011203556691424900083
-0.0030049355332595085083
0.0020677725299829387568
-0.0016367854387261715949
0.0013624216627537218151
-0.0011579097399160751186
0.00099134381972237268827
-0.00084830760504896852399
0.00072144867062036334427
-0.00060675310586947651179
0.00050197896396636537928
-0.000405919469462209025
0.00031803195792185012091
-0.00023825109085611254827
0.00016691528969636070594
-0.00010479577275920138414
0.000053296809468001953138
-0.000015213725142727834264
0.0093404179959880593368
0.02435750449363609775
0.017261135684410306645
-0.0040392149677653528094
0.0026085760066538644395
-0.0019900743795599709144
0.0016147209941606055
-0.0013445286234758463649
0.0011299807997698340059
-0.00094922469055519231634
0.00079135320442350150695
-0.00065052655732537188802
0.00052354433386682786394
-0.00040872806392152910019
0.00030537739724861198436
-0.00021352056949159158558
0.00013386761644711851725
-0.000068019011181853431478
0.000019406529262930039573
0.0099734618206063696715
0.021394263834721577607
0.037570535491210562573
0.022872505405612499866
-0.0049525824706758074293
0.0030537134409878895375
-0.0022563443190658407457
0.0017855064527509490967
-0.0014545955462638774334
0.0011971259048087516466
-0.00098396616494790993556
0.00080068134295299157756
-0.00063960348155013257258
0.00049657863317390767009
-0.00036948989766753760233
0.00025756797965771501185
-0.00016113702701333893321
0.000081759513337787315955
-0.000023309181207969411342
0.0095615981559816991175
0.023064579361664671597
0.032907918470674325865
0.049806366919102745806
0.027891661386833498679
-0.0057305092207066958304
0.0034067225466326981682
-0.0024468200406341853688
0.00188970848373681693
-0.0015047539781763857907
0.0012100284366311374097
-0.00096974067785722543441
0.00076622040772079629744
-0.00059014069792373587385
0.00043653037910908491032
-0.00030299950815082699374
0.00018898697412656297923
-0.000095700989847106374809
0.000027254923467434598773
0.0098575893419805415485
0.021932907601986991165
0.03558945231487215238
0.043575102380955195864
0.060748868520167709896
0.032188490634834056919
-0.006356009325355130604
0.0036639929953910085132
-0.0025636106949312660005
0.0019325262714737949948
-0.0015020011120225163134
0.0011767445391275818919
-0.00091521422202922004907
0.0006969790966712590674
-0.00051136304289041706092
0.00035285896441787054733
-0.00021918115544507308844
0.00011069450601720254194
-0.000031479946062253946446
0.0096315777626011068912
0.022770987091924429455
0.033740487125924612916
0.047192579455563457982
0.053118114189181371919
0.070115571210414300219
0.035651675543401652944
-0.0068142617037158408344
0.0038213568692591997209
-0.0026069849145326907764
0.0019166751095628633835
-0.0014505652865726868981
0.0011024982929911532046
-0.00082631079649513898343
0.00059944335950811404101
-0.0004103407165644856361
0.00025347952504162379384
-0.00012756039425795416962
0.000036207588784437968986
0.0098113449329404162158
0.022116300672518138859
0.035129948066797370576
0.044675689241063594563
0.05757026115670018712
0.061288902201221839716
0.077664446629855199972
0.038191510516464916695
-0.0070940825401231251021
0.0038760044900754825513
-0.0025775351056356576969
0.0018446196603208031943
-0.0013540989149700100435
0.00099178142118706432684
-0.00070821180555745416415
0.00047951987489392756383
-0.00029401369624971111442
0.0001472565422170287019
-0.000041693325534927928876
0.0096641387383250737933
0.022646256151760313512
0.034031489615888834626
0.04658216213684546871
0.0544570978852441549
0.066453331756553362384
0.067875313936133332562
0.083200299743685961491
0.039742210848488586912
-0.0071885831097413619461
0.003827194566286785683
-0.0024769623277559920695
0.0017193980322020192996
-0.0012165188522642486077
0.00084921554947260101447
-0.00056629389624323767823
0.00034370647088362545001
-0.00017104717312336782913
0.000048267107245399858355
0.0097872853169056291261
0.022206366589728904283
0.034929206941083270655
0.045064960834222921541
0.056825705358418743297
0.062832035349842606838
0.073611722706630712988
0.072706488869215737193
0.086579914827839774354
0.040263612462195923995
-0.0070954931308626005292
0.0036765321637140961965
-0.0023083716198274071001
0.0015449459198255069997
-0.0010423825847517459386
0.00068004997700207819164
-0.00040693557226265736499
0.00020074679312089588314
-0.00005639120204239060791
0.0096826270076178386598
0.022578160555973167996
0.03417856489793698784
0.04631130470746823741
0.054934107224194396344
0.065593500121932362445
0.069583953054601286588
0.078859983360685825459
0.075657227130690388142
0.087715808034133209936
0.039742210848488586912
-0.0068172787107561281016
0.0034280371506699733256
-0.0020763504868852485459
0.0013262248884228424582
-0.00083715132562046897798
0.00049078175293177866427
-0.00023914276891051334584
0.000066755376538164724837
0.009772587440398166447
0.022259856840632771465
0.034816285065070324405
0.045265490936331072168
0.056491534579224451522
0.063385199848481049511
0.072657450001773315931
0.074538401372609030195
0.082061956802612831522
0.076651220434316365438
0.086578504237100298927
0.038191510516464916695
-0.0063610955430518940844
0.0030880790684462741214
-0.0017869383830331897624
0.0010693215701614051694
-0.00060767669797675728537
0.00029081271033166130772
-0.000080450818077177697651
0.0096946865260788005492
0.022534673777107754336
0.034268791843778989497
0.046155351527789485368
0.055183879414158883317
0.065203292066163252821
0.070200852793812152683
0.077833586319502520288
0.077567746587414310441
0.083134209838924538766
0.075663064827717974104
0.083197282736645674224
0.035651675543401652944
-0.0057385899407461863813
0.0026652085844856254388
-0.0014475686443384582496
0.00078178424289600037421
-0.00036387370907462928866
0.000099316352262131626963
0.0097623740609254924646
0.022296418876832597624
0.034741452524265686379
0.045392151846807129185
0.056294685816557414419
0.06368000217299685477
0.072218565308832525937
0.075206276493802251498
0.080986422808999690138
0.078594698652918052995
0.082048032391908439825
0.072719028037538824876
0.077659360412158436492
0.032188490634834056919
-0.004965545746500712538
0.0021699084302698038687
-0.0010671809460515390894
0.00047420578086280900175
-0.00012669522711730303037
0.0097036391913958039194
0.022502814372696906541
0.034333284394694050311
0.046048010319375826726
0.055346792394557912448
0.064967121967591849712
0.07053713067908250959
0.077352761710787058824
0.078274393260346036415
0.08203197890256823378
0.077594713213240356895
0.078829841073564018758
0.06789662854017060772
0.070107490490374809668
0.027891661386833498679
-0.0040613561078777460739
0.0016143528981462874258
-0.00065746597881487143096
0.00016929595888153940064
0.0097542032960712079295
0.02232535386951201285
0.034683408395833952224
0.04548744283156728472
0.05615281267133453496
0.063880402636494206168
0.07194295456835343846
0.075582339689976841812
0.080468387861925083761
0.079330099019583096343
0.080939017243241051258
0.074597514580178884293
0.073559695405869146634
0.0613232678286802243
0.060735905244342804787
0.022872505405612499866
-0.003048264122389949283
0.0010128495481282225598
-0.00024256770574313115338
0.0097114875856003084786
0.022475132394031653598
0.034388403752373494773
0.045958531380716591318
0.055477945376418385374
0.064785709333589642938
0.070779806752936478024
0.077033547590255205277
0.078693068492553672318
0.081476449614947040306
0.078354440897207339819
0.077727549656405679754
0.069688630092642700388
0.066367055649228084752
0.053174746767013132919
0.049784225778990352542
0.017261135684410306645
-0.0019503911107862975832
0.00039047611887517918134
0.0097461078400059663524
0.022353816573381798213
0.034627067141579814674
0.045578095521528639026
0.056021573864523109906
0.064058949311746263717
0.071709270556265514913
0.07588104206896346801
0.080091174802846650337
0.079805776253771484645
0.080332729302026142349
0.075391677213207460701
0.072461260826719381007
0.063014559606914392023
0.057420108212393168953
0.043677238281242060975
0.037527206902080121799
0.011203556691424900083
-0.00079713490320532225789
0.0097208913528577741107
0.022442145689257072836
0.034453422868196347179
0.045854587457910600749
0.055627081201720053676
0.064585244135762240189
0.071038039144793785142
0.076710294367083459505
0.079090163670828617386
0.080993885742711546114
0.078939146778077847806
0.077014522769231671758
0.070575608224696648354
0.065215162855739312789
0.054812816774208889366
0.04688532352973714952
0.033136980111950098366
0.024242658189597467491
0.0048654470574316192591
0.0097308941148632385182
0.022407113382849800166
0.03452227136882061329
0.045745010811224999732
0.055783322773666997358
0.064376981269668113838
0.071303351086803305888
0.076383021032929833389
0.079484421696977173825
0.08052722492439184799
0.079484421696977173825
0.076383021032929833389
0.071303351086803305888
0.064376981269668113838
0.055783322773666997358
0.045745010811224999732
0.03452227136882061329
0.022407113382849800166
0.0097308941148632385182
0.0037965780782077984055
0.019895923932584984574
0.048422048192591049179
0.088642671731428587511
0.13951691133238531069
0.19972734766915948827
0.26771462931201952714
0.341717950018185084
0.41982067717988731207
0.5
0.58017932282011268793
0.658282049981814916
0.73228537068798047286
0.80027265233084051173
0.86048308866761468931
0.91135732826857141249
0.95157795180740895082
0.98010407606741501543
0.99620342192179220159