0.00062437045894039644399
-0.00023779427386982686721
0.00018258058721794717309
-0.00015413509820067292986
0.0001356803534288515209
-0.00012230422496548545055
0.00011193587186328011337
-0.00010352290449125184496
0.000096464412479368491672
-0.000090388547636370058151
0.000085051200805235873288
-0.000080284692561347045615
0.000075969643507902649192
-0.000072018565072146839318
0.000068365796655677877273
-0.000064961075020330767054
0.000061765280141752225172
-0.000058747536652547909036
0.000055883188002630332651
-0.000053152348801086680609
0.000050538849938207741857
-0.000048029456518855648631
0.000045613279062320041485
-0.000043281324069919598262
0.000041026146723088982455
-0.000038841579532956568259
0.000036722518245455081466
-0.000034664751460267452488
0.0000326648240307468945
-0.0000307199268778288133
0.000028827807702331665751
-0.000026986698435521360952
0.000025195256275453604001
-0.000023452515918563809639
0.000021757851184240002323
-0.000020110944696873834434
0.000018511764674566419805
-0.000016960548208071269869
0.000015457790726034925677
-0.000014004241662089144245
0.000012600906700257162908
-0.000011249057424402129762
9.9502498063492574459e-6
-8.706353852942679443e-6
7.5195980992391891086e-6
-6.3926348612297671927e-6
5.3286359861980085465e-6
-4.3314358042620486036e-6
3.4057515636484912722e-6
-2.557540423088552983e-6
1.7946201407463603363e-6
-1.1278675436946633805e-6
5.739523937872951054e-7
-1.6388540457201636229e-7
0.0013510362452940538262
0.0014514027538099962197
-0.00039603288250484125314
0.00027947515308540018103
-0.00022879522124059759802
0.00019875495390937917527
-0.00017804441340213578092
0.00016244255354243500128
-0.00014998962716291469243
0.00013963906862408351677
-0.00013077478065813732332
0.00012300721857153475603
-0.00011607633260328319336
0.00010980099311868825971
-0.00010405069377499314268
0.000098728784588402314297
-0.000093762056820916812771
0.000089094013006869550924
-0.000084680370266785268734
0.000080485968354505360548
-0.000076482590113597850295
0.000072647391391314534647
-0.000068961748198335660362
0.000065410395831588836429
-0.000061980776326377742715
0.000058662537205261472117
-0.000055447141883368143293
0.000052327563704354180294
-0.000049298043488711996791
0.00004635389595669938247
-0.000043491354250891580296
0.000040707444550231675208
-0.000037999884781912859999
0.000035367002929890756749
-0.000032807671567201327746
0.000030321256114593845342
-0.000027907575031246560356
0.000025566870736960649199
-0.000023299790601849944673
0.000021107377869606554976
-0.000018991072960528015971
0.000016952726304729290807
-0.000014994624794124085564
0.000013119535291977572879
-0.000011330770710595130467
9.6322875313483826115e-6
-8.0288294112556382661e-6
6.5261420207386188058e-6
-5.131304720602968166e-6
3.8532680672651443881e-6
-2.7037886878276995555e-6
1.6992347208397962503e-6
-8.6470456141951265308e-7
2.4690522226046810662e-7
0.0011986284675215630352
0.0031554837702522723305
0.002274842363877349237
-0.00054586937109108107469
0.00036455452541599203046
-0.00029021452322126716091
0.0002481536514200691556
-0.0002201540894155251486
0.00019959795428233772509
-0.00018349590617236353092
0.00017029336522374546879
-0.00015909756073194104664
0.00014935659573427975622
-0.00014070939865601495764
0.00013290893079452880415
-0.00012577997442371296299
0.00011919454457203301496
-0.00011305686209733033741
0.00010729379134257821984
-0.0001018485417545979765
0.000096676394198756956115
-0.00009174172512194810648
0.000087015886904065766801
-0.000082475667561349935868
0.000078102151443322645936
-0.000073879863167091424886
0.000069796115325033341845
-0.00006584050528060559343
0.00006200452275190490532
-0.000058281240934061005601
0.00005466507150417741863
-0.000051151569160571475494
0.000047737275122664616185
-0.000044419591749360155742
0.000041196682448873688539
-0.000038067392574632737826
0.000035031188186713586016
-0.000032088110521506670457
0.000029238744844855391179
-0.000026484203146171793486
0.000023826120945841869475
-0.000021266669436815904788
0.000018808585407197160051
-0.000016455223121471937865
0.000014210634964875412555
-0.000012079691895605624995
0.000010068262002260202114
-8.1834786441643653118e-6
6.4341553219890529111e-6
-4.8314588286667727658e-6
3.3900808225018681355e-6
-2.1305011145818570149e-6
1.0841515844609145273e-6
-3.095630655832918894e-7
0.0012798773241945019738
0.0027715686747600275824
0.0049514428166963429941
0.0030908320322119110416
-0.00069198000948628040342
0.00044513662656301286297
-0.00034652608979271909406
0.0002920763163284911109
-0.00025659795751694837627
0.00023101777584771519735
-0.00021127582335650443223
0.00019528228047649828398
-0.00018184980803475953342
0.00017025235527655161317
-0.00016001998990338962081
0.00015083451816080291174
-0.00014247247812045737455
0.00013477216064111468622
-0.00012761359786029605445
0.00012090592158643212975
-0.00011457909779547370312
0.00010857835916803412643
-0.00010286035632925800135
0.000097390435785735870124
-0.000092140675464903624624
0.000087088441356099283814
-0.000082215309972693109803
0.00007750625243193667255
-0.000072949008841898709864
0.00006853360332968913917
-0.000064251964574115490805
0.000060097626640733165174
-0.000056065491831830830028
0.000052151642161475415878
-0.000048353189599160178977
0.00004466815782898800462
-0.000041095390240890728819
0.000037634480415518708858
-0.00003428572264158969454
0.000031050081141696656187
-0.000027929177800169333627
0.000024925299419317714055
-0.000022041427057788920164
0.000019281292101477538454
-0.000016649466847329937789
0.000014151502387858472932
-0.000011794135110934473163
9.585598592007253907e-6
-7.5361077410754025922e-6
5.6586457995477951197e-6
-3.9703353996879343286e-6
2.4950885042033501549e-6
-1.269653706942165436e-6
3.6252626775697287217e-7
0.0012270000844466393044
0.002988027516559967243
0.0043368557903349455515
0.0067305547087391270252
0.0038965757589810329257
-0.00083501194573001567752
0.00052282867974882357501
-0.00039981347262269383382
0.00033283077746268831993
-0.00028976898953158168603
0.00025910226305524558632
-0.00023569328454049000188
0.00021690931556168678576
-0.0002012618772864321816
0.00018784558820551799962
-0.00017607770230930451234
0.00016556588865654104904
-0.00015603619950686939401
0.00014729151580650154205
-0.00013918641010493262691
0.00013161132023649781069
-0.0001244822384735837188
0.00011773379237713568231
-0.00011131448019230104272
0.00010518331447213313967
-0.000099307409667761435467
0.000093660216920622476035
-0.000088220211707648135074
0.000082969904271541677841
-0.000077895084078955777392
0.000072984236675393224223
-0.000068228089474216387225
0.000063619255414429880492
-0.000059151952033967437782
0.000054821779596722767244
-0.000050625546305084261537
0.000046561131872845560547
-0.000042627383201382272006
0.000038824037863466611092
-0.000035151672760281549942
0.000031611676855929065249
-0.000028206248491112066151
0.000024938419656705055052
-0.0000218121120932129728
0.000018832233708153447694
-0.000016004829532055340282
0.000013337311126371109686
-0.000010838805879632318498
8.5207016747292920641e-6
-6.3975344906075772661e-6
4.4885368020554993673e-6
-2.8206322429246291876e-6
1.4352714357231557201e-6
-4.0980922391715479585e-7
0.001265025184467109173
0.0028412891941145232936
0.004690469228859325149
0.0058882687786790295717
0.008486992917927182599
0.004689381905367344478
-0.00097487549719177129436
0.00059804910157614217777
-0.00045076648658400549748
0.0003712640568067878576
-0.00032060371903171901676
0.00028483494719057723969
-0.0002577514821974332545
0.0002361795387914952122
-0.00021832908418044075937
0.00020311426436592826845
-0.00018983824473575976466
0.000178033369599604514
-0.00016737417477768849583
0.00015762726632981449722
-0.00014862104351865531557
0.0001402266663703802594
-0.0001323456777215502399
0.00012490171281705893218
-0.00011783480223239348289
0.00011109736746773124882
-0.00010465134947184767273
0.00009846611267724495963
-0.000092516890751606094593
0.000086783617803588223107
-0.000081250038566307296452
0.000075903023744130473064
-0.00007073203856639603513
0.000065728727495597323893
-0.000060886588386874315625
0.000056200716718510429701
-0.000051667605804641600537
0.000047284992826316815807
-0.000043051743535108245035
0.000038967770930387186628
-0.000035033985356074359616
0.000031252275554591592188
-0.00002762552253542453145
0.000024157651045898114684
-0.000020853727580577852735
0.000017720120309462499554
-0.000014764747112267593659
0.000011997457361780708359
-9.4306308283494549196e-6
7.0801568874690305324e-6
-4.9671457079781919261e-6
3.1212405808694810825e-6
-1.5881815455459201976e-6
4.5346075660809396186e-7
0.0012359561362377821368
0.0029500768543813185561
0.0044464196065725309518
0.0063775904939329277514
0.0074204817106461591037
0.010215033661404514433
0.0054666128557132714864
-0.0011112723189676784583
0.00067084995917894264091
-0.00049961692922274543526
0.0004077180602880286236
-0.00034951443403624099455
0.0003086729612303026095
-0.00027793511810928986944
0.00025359322131952191509
-0.00023355880313239921098
0.0002165668278481969994
-0.00020180680357241501901
0.00018873577577738553262
-0.00017697660580320443961
0.00016625939304443167779
-0.00015638611281071878741
0.00014720840433832576609
-0.00013861313767041399039
0.00013051275638460466782
-0.00012283864860602288775
0.00011553649331604944711
-0.00010856292780369093256
0.00010188311875387641088
-0.000095468964025909545231
0.000089297742812227298487
-0.000083351090049897452034
0.000077614209117847693958
-0.000072075262385597335008
0.00006672489658971775336
-0.000061555872111087328942
0.000056562773799722192361
-0.000051741787213445077629
0.000047090528787647642371
-0.000042607922087278914643
0.000038294115324731516372
-0.000034150438112751014753
0.00003017939832175932873
-0.000026384723382112393735
0.000022771455104139944839
-0.000019346114275702487817
0.000016116963208982399665
-0.000013094415730880621478
0.000010291685353930176268
-7.7258495089398013525e-6
5.4197134419601562715e-6
-3.4054220401165904862e-6
1.7327110499064729193e-6
-4.9471594794782548888e-7
0.0012591231713323909701
0.0028649350474768194268
0.0046301282162505717034
0.0060366585299050966643
0.0080433895871460581415
0.0089282944294185444548
0.011909005113556426738
0.0062256853668021932625
-0.0012438326844074355953
0.00074114418122512676245
-0.00054641321049233161453
0.0004423242115644699304
-0.00037668783097671712693
0.00033084087371899193212
-0.00029649478590190497338
0.0002694185557680624831
-0.00024723067530890130816
0.00022848980226011185086
-0.000212273354435587462
0.0001979639350261372019
-0.00018513318960138408026
0.00017347494254937812576
-0.00016276484629528516392
0.00015283504560701490256
-0.00014355772222187210025
0.0001348340903376556167
-0.00012658684751131642184
0.00011875487878831051591
-0.00011128946736497848905
0.00010415153531952012924
-0.000097309603008273913535
0.000090738259207355489751
-0.000084417000504915263999
0.000078329342017105561323
-0.000072462130657258254429
0.000066805012080579928476
-0.000061350016267225822593
0.000056091236545623148837
-0.000051024584039823338351
0.000046147604962421725343
-0.000041459352523879408297
0.000036960309009117240754
-0.00003265235726552356079
0.000028538805007948953015
-0.000024624470764551481151
0.000020915848281752662215
-0.000017421379251380842749
0.000014151887395899033144
-0.000011121271613691599522
8.3476501241340202325e-6
-5.8553698822457184051e-6
3.6789056278831065802e-6
-1.8717722516955093019e-6
5.3440588468698818074e-7
0.0012400923163995838685
0.002934065263602725287
0.0044844852963322443798
0.0062955486681091866111
0.0076069243584566805057
0.0096822952200343412056
0.010406626588734092507
0.013563321474203054549
0.0069640773276489675718
-0.0013721626622121755121
0.00080878574351523304567
-0.00059112109458774346119
0.0004751153932348903626
-0.00040220189795910687784
0.00035144853460419544158
-0.00031356333188163537278
0.00028380507833438665191
-0.0002595062715522354809
0.00023905327267969221429
-0.0002214137892431605624
0.00020589743805087563459
-0.0001920255586827503299
0.00017945627707164222081
-0.00016793929091491746065
0.0001572874859147232318
-0.00014735850524519051422
0.00013804242781166694362
-0.00012925331854332682504
0.00012092330327033025989
-0.00011299833133279091244
0.00010543509199371971483
-0.000098198735755038682732
0.000091261167678092952663
-0.000084599754276678547948
0.000078196334402666414263
-0.000072036457252647573071
0.000066108792963705212867
-0.000060404676844147301876
0.000054917759410414359385
-0.000049643742598934184777
0.000044580188843612310696
-0.000039726394939774957995
0.000035083327421187339643
-0.000030653621253994500716
0.000026441649914411404139
-0.000022453683827958990031
0.000018698168394106896972
-0.000015186177871370142063
0.000011932149462243077125
-8.9551031453414842385e-6
6.2807913850495195252e-6
-3.9458773321786826445e-6
2.0074918744775643248e-6
-5.731372835706107267e-7
0.0012560899831815542927
0.0028764135723470101362
0.0046040415473249971159
0.006088682434694627078
0.007940183354507360679
0.0091520516268634818967
0.011288883083598028876
0.011850520515645106266
0.015172513197892649622
0.0076793356244676690135
-0.0014958638786636453509
0.00087360315147286354668
-0.00063366675737175530279
0.00050607499826307658166
-0.0004260783079446827006
0.00037054495536581155339
-0.00032920996491500163812
0.00029683717609677520134
-0.00027048145938323942354
0.00024836177608744557498
-0.00022933913030836610937
0.00021265206813627348393
-0.00019777287938033395224
0.00018432483451708894077
-0.00017203225294986799283
0.00016068916172889528577
-0.00015013894748443745938
0.00014026075510529365149
-0.00013096016261243197622
0.0001221626440117518954
-0.00011380889590144912677
0.00010585143821015371728
-0.00009825210382045693022
0.000090980159975741252825
-0.000084010886641906068126
0.000077324490988627554744
-0.000070905273332940709939
0.000064740984637445156648
-0.000058822332971888209646
0.000053142608800357830055
-0.000047697408262093388742
0.00004248444098728306834
-0.000037503415388698213454
0.000032756000700642600554
-0.000028245872383084323696
0.000023978857505312956331
-0.00001996321228826922235
0.000016210090990028600232
-0.000012734316815668619141
9.5556736862562890993e-6
-6.7011923905259556367e-6
4.2096030199143949212e-6
-2.1415279415252047603e-6
6.1138295626905398607e-7
0.0012423957244828578958
0.0029254850355280861623
0.0045033964414709832636
0.0062596914893372031531
0.0076725156654227438284
0.0095584051260764504992
0.010666907825387959705
0.012857842538834315951
0.013255148340483946336
0.016731251642850480616
0.008369084116093161429
-0.0016145432387465119306
0.00093541532969085543682
-0.00067395742213127325219
0.00053516083194544250008
-0.00044830838556361223391
0.00038814543507624352309
-0.00034346788286249473096
0.00030856174493224191263
-0.00028021376458139990175
0.00025648114155449334957
-0.00023612169811407648287
0.00021830519841911504664
-0.00020245641815141775244
0.00018816482990624099554
-0.00017513011933037595471
0.00016312798912929785275
-0.000151987959596224419
0.00014157853145401842729
-0.00013179701498587659412
0.00012256240148275792572
-0.00011381026852544917528
0.00010548907577394826579
-0.00009755743098725048349
0.000089982045862415010211
-0.000082736191104145105871
0.000075798519114682898289
-0.000069152162257578721691
0.000062784041779694886419
-0.000056684341554422848801
0.00005084611467404472397
-0.000045265001499556345052
0.000039939046498218686025
-0.000034868609289197850117
0.000030056374103329965133
-0.00002550747319826619175
0.000021229756835918884326
-0.000017234271520552678616
0.000013536063220224429656
-0.000010155537458532171109
7.120878990221144267e-6
-4.4727760104355182964e-6
2.275246536818499921e-6
-6.4953226368059583034e-7
0.0012542914898793411749
0.0028830366676417361731
0.004589760091542516145
0.0061148295361102928829
0.0078948449671713925109
0.0092308626708401354192
0.011144791810692415374
0.012146447493829735204
0.014383984427445560505
0.014615822347080050301
0.018234370325362906019
0.0090310314600958881457
-0.0017278184312479684214
0.00099403999917044942867
-0.00071189219793114751324
0.00056231777824416185743
-0.00046886703111280722096
0.0004042462816411283119
-0.00035634943590196922684
0.00031900352774493337916
-0.00028873768671637084378
0.00026345363898909543337
-0.00024180998971164468028
0.0002229103267785131
-0.00020613368246416093306
0.00019103696858435463189
-0.00017729612193521454708
0.00016466916712469994011
-0.00015297223914423656342
0.000142063559289116002
-0.00013183245199678736709
0.00012219164834901706816
-0.00011307178691094370066
0.0001044174170702396281
-0.000096184051024478585905
0.000088335961700812031019
-0.000080844520987170352767
0.000073686936458092071433
-0.00006684528765100151981
0.000060305792454596069323
-0.000054058255078694979976
0.000048095662512231392362
-0.000042413908534083353419
0.00003701163495410957511
-0.000031890190517682162033
0.000027053720956673750984
-0.000022509422508136066548
0.000018268022603219830898
-0.000014344610145180706121
0.000010760060125023775331
-7.5435844827798873569e-6
4.737727587147959168e-6
-2.4098288013613310339e-6
6.879216472241049178e-7
0.0012438321622395814384
0.002920240453313351019
0.0045145234465383622333
0.006239831139963964046
0.0077056832943897422027
0.0095038489604368128016
0.010758600926332688578
0.012694064005633445787
0.01358574053618410419
0.01586225713660567527
0.015928007118896199671
0.019676884095070205432
0.0096629786955256292092
-0.0018353214594802996263
0.0010492985171687443159
-0.00074736822800317795844
0.0005874849938700797417
-0.0004877206834814139588
0.00041883330269364573164
-0.00036785494913209321485
0.00032817411394782533832
-0.00029607375571974785807
0.00026930700141335682912
-0.00024643759782074421554
0.00022650584047252629795
-0.00020884699333292005184
0.0001929867995520903755
-0.00017857845272265214359
0.00016536304182232384716
-0.00015314387583979022409
0.00014176932628036955169
-0.0001311210684919901464
0.00012110584318591933538
-0.0001116495716734486246
0.00010269308085622330883
-0.000094188952137752387082
0.000086099170349761165627
-0.000078393352868588707051
0.000071047407570606777776
-0.000064042514402265791168
0.000057364357259644870085
-0.000051002555756986847767
0.000044950263777694169025
-0.000039203915997484605577
0.000033763117092486808359
-0.000028630683666664788595
0.000023812869944243599226
-0.000019319842245109089213
0.000015166529918472932305
-0.000011374110156442195217
7.9726879552547185538e-6
-5.0065639279372199846e-6
2.5463404627668821424e-6
-7.2685445844696398781e-7
0.001253122387681207878
0.0028872770892789957847
0.0045808741569039625377
0.0061303895513550600644
0.0078695663486747258917
0.0092708465569508259164
0.011081271055918434892
0.012250674445949485059
0.014201078017043454113
0.014979991968926277891
0.017287764031911384634
0.017187332505990567626
0.021054006881449134687
0.010262826534161243555
-0.001936701155406744215
0.0011010189118193062591
-0.0007802844199895450949
0.00061060024366404010939
-0.0005048321280968550995
0.00043188695856625321943
-0.0003779781103082480971
0.00033607747092650708316
-0.00030223413378759240383
0.00027406003926310852169
-0.00025002879213141508418
0.00022912052933361940167
-0.0002106289035720729665
0.00019405001855592978344
-0.00017901543670727021027
0.000165250138544267743
-0.00015254523541499371143
0.00014073973629681845971
-0.00012970805343148214475
0.00011935125012641538755
-0.00010959079105410961247
0.00010036400453116695912
-0.000091620740698212121351
0.000083320881737515248332
-0.00007543247104620358144
0.00006793030129053624525
-0.000060794850637140227113
0.000054011490912115648531
-0.000047569916598369384781
0.000041463763346982957875
-0.000035690402175525793751
0.000030250913951892405013
-0.000025150272536113226259
0.000020397801954025981715
-0.000016008039934692949728
0.000012002277669562300343
-8.4113667020252584428e-6
5.2812613673291745275e-6
-2.6857801309383268664e-6
7.6661472093639789968e-7
0.0012447989813887254732
0.0029167518820312341978
0.0045217635412902416037
0.0062273390101954549768
0.0077255568372086018409
0.0094733125176490390102
0.010805203785575793874
0.012621834714401951608
0.013702131091208695679
0.015660834378889428453
0.016324558594029238428
0.018655780605603428059
0.018389606822704661185
0.022361168319119197992
0.01082858232739925386
-0.0020316251212359298308
0.0011490379288059038333
-0.00081054384826345202166
0.00063160265187748318534
-0.00052016353873409167994
0.00044338562793105933001
-0.00038670939710995017373
0.00034271347897656454757
-0.00030722621283357749603
0.00027772626337274819097
-0.00025260213798189465406
0.00023077717636354785559
-0.00021150574159234347353
0.00019425595055848446427
-0.00017863894203355319176
0.00016436449129322780747
-0.00015121220265338291764
0.00013901226219162294124
-0.00012763225036287181692
0.00011696790652497213654
-0.00010693653674215023766
0.000097472230548416180383
-0.000088522342229506527044
0.000080044874176688411925
-0.000072006517074184514556
0.000064381179131278050432
-0.000057148889260522191468
0.000050294996373202516152
-0.000043809614979235928729
0.000037687290598062250246
-0.00003192688127033084144
0.000026531678869963338457
-0.000021509834583627345606
0.000016875224694103190013
-0.000012649038611339986872
8.8627100477135745016e-6
-5.5637372897838272055e-6
2.8291151546347374465e-6
-8.0747733445647292307e-7
0.0012523118341365372025
0.0028901896770307112147
0.0045748758157302406465
0.0061406190644388656691
0.0078535563389825584077
0.0092949066521571963869
0.01104563408769283777
0.01230369851917957038
0.014120407586679893306
0.015108147634417807683
0.017068491305366796946
0.017614964346247065242
0.019961770925430995302
0.019530829919966965978
0.023594029390680413365
0.011358366682069178494
-0.0021197813181262525603
0.0011932025014407397205
-0.00083805538510535255421
0.0006504345293076083444
-0.00053367848150808175534
0.00045330775565966518171
-0.00039403833428054357791
0.00034808026581427365435
-0.00031105499852025288578
0.00028031629495144702847
-0.00025417291272202856489
0.0002314949645154168517
-0.00021149999575898728966
0.00019362990152116775417
-0.0001774766913419449797
0.00016273590785578219293
-0.0001491763961308297328
0.00013662010764640681247
-0.0001249282652870615405
0.00011399167717230618646
-0.00010372382621271850596
0.000094055860227067191966
-0.000084932911870503174311
0.000076311368893989887852
-0.000068156838659948878375
0.000060442632725608837167
-0.000053148653554947553928
0.000046260606080983858948
-0.000039769488848992690759
0.000033671348522239761203
-0.000027967313883727121576
0.000022663970732629552477
-0.000017774216379786229129
0.000013318887216712624661
-9.3298105928777396235e-6
5.8559066898833891811e-6
-2.9773101352773630299e-6
8.497161748665095979e-7
0.0012454866520168214572
0.0029142891943500299365
0.0045268037829136764485
0.0062188238030804577426
0.0077387112496426649895
0.0094538855407852735491
0.010833323173369175358
0.012581254774528774698
0.013761372333551861149
0.015572006630732641573
0.016464049519328500115
0.018419379624173644028
0.018846914865752704713
0.02120140328234845264
0.020607205908806810177
0.024748497141568470976
0.011850419701611247765
-0.0022008794163349705952
0.0012333708625255425298
-0.00086273486022809636309
0.00066704263557197987249
-0.00054534328199622836588
0.00046163331090189625015
-0.00039995502430496520542
0.00035217579132185244199
-0.0003137247320421585607
0.00028183950947098624957
-0.00025475475898810837874
0.00023129112876453919997
-0.00021063195662538752571
0.00019219478393854055065
-0.00017555386534157124508
0.00016039154761077388842
-0.00014646671781840994262
0.0001335937274405738771
-0.00012162795778918251169
0.00011045571788713769982
-0.000099987041953110512187
0.000090150473650416013653
-0.000080889242303889914777
0.000072158436365694064804
-0.000063922908868535685956
0.000056155736092674875316
-0.000048837111032000867328
0.000041953598455407366414
-0.000035497716628305847896
0.000029467850030699455616
-0.000023868548648968212157
0.000018711353297048722981
-0.000014016451082210825341
9.8158428572889534297e-6
-6.1597306280364925489e-6
3.1313512540727575276e-6
-8.9361098890989899535e-7
0.0012517222970498782236
0.0028922950489528417844
0.0045705889223582316576
0.0061478061034325468473
0.0078425704883788286443
0.0093109056287802426103
0.011022894092098308824
0.01233574907495189511
0.014075046149203082812
0.015173391844931611978
0.016971809347581572801
0.017765328043608424456
0.019709017917025281224
0.020016311446856298149
0.022370565010607664889
0.021615155386856104233
0.025820738478650291683
0.012303106831132221517
-0.0022746519687298827063
0.0012694134191919100002
-0.00088450591696840553292
0.00068137908063701397476
-0.00055512798554483964662
0.00046834480321453256608
-0.00040445121069033961486
0.00035499894769727843776
-0.00031524001698640899825
0.00028230518095136528563
-0.00025436083830029405126
0.00023018211216688597921
-0.00020892086985961366547
0.00018997226225872886304
-0.00017289423752828694355
0.00015735704350506549335
-0.00014311046144437648073
0.00012996192255634952679
-0.00011776152459601381738
0.00010639155079862796737
-0.000095759003637202033174
0.000085790206296341784715
-0.00007642685555958764027
0.000067623118307557582267
-0.000059343499364243735218
0.000051561300007641867439
-0.000044257552091674363927
0.000037420364835961594868
-0.000031044670567393169164
0.000025132414978786921979
-0.000019693329423169926659
0.000014746598583323261033
-0.000010324136031346207439
6.4772607470532799928e-6
-3.2922685146498700887e-6
9.3945368143990866122e-7
0.0012459967559059416599
0.0029124717329021124158
0.0045304886667773352331
0.0062126852633805268044
0.0077480130226740968855
0.0094404929574397718791
0.010852081270850573012
0.012555307421443724178
0.013797223047775085078
0.015522031868313732587
0.01653506995647903539
0.018315167295325422292
0.019007656063438365583
0.020933127343651930408
0.021119264376359935293
0.023465376466479183316
0.022551327063292143366
0.026807193042419987684
0.01271492428654703608
-0.0023408554421809898281
0.0013012134605280543829
-0.00090330066334307575555
0.00069340198588478791454
-0.00056300704755601483978
0.00047342800533168767319
-0.00040752103036646104052
0.00035655033634571213542
-0.00031560661497865995424
0.00028172329082110327899
-0.000253004648175285081
0.00022818438702487593053
-0.00020638575811819180246
0.00018698357302838041177
-0.00016952099112258719113
0.00015365731533377838091
-0.00013913412280094664407
0.00012575264949724053525
-0.00011335831144324429304
0.0001018298842248728207
-0.000091071803954390411699
0.000081008612050245983937
-0.000071580908965691590603
0.000062742398711876731926
-0.000054457748012575053104
0.000046701081729685547241
-0.000039455009515715623928
0.000032710142566806990103
-0.000026465129814665626075
0.000020727345134670053584
-0.00001551454590463269685
0.000010858245784743599885
-6.8106828919735259628e-6
3.4611574266519635841e-6
-9.8755442715436238415e-7
0.001251277258294533924
0.0028938775761011367085
0.0045673918855196900838
0.0061531035707354431832
0.0078346013420852891039
0.0093222714555243607242
0.011007165280307317241
0.012357178308062138794
0.0140459996071474676
0.015212906959540939558
0.016917397995682409767
0.017841884082382504494
0.019597620307967289544
0.020186902671567784256
0.02208764590816145288
0.022152105629027905383
0.024482204149351041722
0.023412608704062106363
0.027704585131722012336
0.013084504049574686166
-0.0023992711264366210556
0.0013286677394692678409
-0.00091906017712895386638
0.00070307597788643185053
-0.00056895983766449583029
0.00047687247441734315353
-0.00040916155262896505804
0.00035683282259724618683
-0.00031483201331900865629
0.00028010510545935164554
-0.00025070060682156357043
0.00022531504447754942258
-0.00020304601392052139277
0.0001832501202099173156
-0.00016545731688200194497
0.00014931717114693251866
-0.00013456400709815398947
0.00012099363748715566449
-0.00010844744597953512158
0.000096801269705776281925
-0.000085957501642287747541
0.000075839408871124330005
-0.000066387016846066058296
0.000057554134868809369131
-0.000049306247465548754814
0.000041619102830005034035
-0.000034477915614605602399
0.000027877187863711674356
-0.000021821267720899119158
0.000016325969760216825544
-0.000011422029196250510028
7.1623622974801691474e-6
-3.6392013543897159955e-6
1.0382479517748599521e-6
0.0012463879343000904964
0.0029110830559402839394
0.0045332855170430374589
0.006208071850762313743
0.0077549106655054479988
0.0094307331391301164611
0.010865452868483367062
0.012537316135524778151
0.013821232987995852863
0.015489997940916984761
0.016578107586067402156
0.018256505790189422377
0.019089492570854029672
0.020814910704373394557
0.021299147028215319559
0.02316874204092875815
0.023111400874169323803
0.02541767294437956942
0.024196137335990851355
0.02850993465493428
0.013410618411888402818
-0.0024497059317059843913
0.0013516869542453602982
-0.00093173490160868302842
0.00071037256063882332785
-0.00057297101069491704063
0.00047867193010312100769
-0.00040937316688320481216
0.00035585193325618184145
-0.00031292583137963967586
0.00027746359017929681668
-0.00024746447356300835451
0.00022159222060345855238
-0.00019892183125408933956
0.00017879391287773404225
-0.00016072685844176453051
0.00014436176300100453617
-0.00012942669943743560999
0.00011571287998292535269
-0.00010305835929686817972
0.000091336666144854605245
-0.000080448745860122955684
0.000070317188184799028018
-0.000060882080229682929118
0.000052098058580364547085
-0.000043932293991797279836
0.000036363262558782313287
-0.000029380267474222451465
0.000022983809986527865971
-0.000017187131518680658336
0.000012019726546111109212
-7.5348925749765139267e-6
3.8276956266941770213e-6
-1.0919002895794640327e-6
0.0012509310851830054173
0.0028951047183585942677
0.0045649268514385997699
0.006157153915479281975
0.0078285771645187388546
0.0093307381349645429176
0.010995662962592639814
0.012372493586822312676
0.01402582211538680481
0.015239404184155686302
0.016882493078059272844
0.017888295309945549593
0.019534905385227693181
0.02027374988233397977
0.02196299713025268024
0.022340691405559753935
0.024172827418280519807
0.023993960745639564486
0.026268677462460087357
0.024899308659673903869
0.029220567079903176006
0.013692184053264496577
-0.0024919930813442850538
0.0013701961451477018154
-0.0009412849552303756297
0.00071527039558177043135
-0.00057503077854762239346
0.00047882452721135116962
-0.00040815985992039138668
0.00035361613977814605101
-0.00030990011000280974254
0.00027381370484498848515
-0.00024331365077246479017
0.00021703540516222221019
-0.00019403452225429552487
0.00017363789185386060613
-0.00015535405210175444714
0.00013881694464408444039
-0.00012374944720083501227
0.00010993905134521647001
-0.00009722125026019065637
0.000085467970490083817804
-0.000074579399522352084398
0.000064478168351133842014
-0.000055105224857639862851
0.00004641697966149161086
-0.000038383480875535088741
0.000030987520449557918526
-0.000024224735841461404017
0.00001810501870906318473
-0.000012656053802769496012
7.9311507472187782768e-6
-4.0280744987342802495e-6
1.1489163206271125825e-6
0.0012466961849098890139
0.0029099917053727196756
0.0045354728056838588752
0.0062044898844075250273
0.0077602142770131780703
0.0094233220811177661393
0.010875448858484757246
0.012524123705725302664
0.013838427231744453841
0.015467713132355567114
0.01660699507568909841
0.018218851545629580643
0.019139120933128447021
0.020748349602686667682
0.021390720776020802061
0.023038067836296138705
0.023308073453479026251
0.025096568964752560994
0.024796851330045147239
0.027032392451525873869
0.025519785629202932914
0.029834122355247238022
0.013928265640147496921
-0.0025259927032183283531
0.001384135016620437658
-0.0009476803702441583127
0.00071775550858400668084
-0.00057513510553245111404
0.00047733304832544533787
-0.00040552940994489374258
0.00035013705586671431406
-0.00030576951387921253639
0.0002691726120039824879
-0.00023826739891336585935
0.00021166566520663917454
-0.00018840675185935279504
0.00016780617902519111419
-0.00014936439599063628257
0.00013270956783287068996
-0.00011756049372147076694
0.00010370189206576254341
-0.000090967542126748251334
0.00007922857367252660774
-0.000068385234398397613441
0.000058361086825147857869
-0.000049098976638143366401
0.00004055837727046360501
-0.000032713918026599236833
0.000025555103219917052641
-0.000019087510706322599523
0.000013336310081972482316
-8.354360802098967537e-6
4.2419421518261840804e-6
-1.2097484154024302974e-6
0.0012506550295883408288
0.0028960810213006695033
0.0045629740104859093298
0.006160342645270870127
0.0078238742039032528969
0.0093372771584197698074
0.010986897628404362256
0.012383974672744490096
0.014010994694219714786
0.015258410280362126731
0.016858182775342962367
0.017919471978214501546
0.019494629153610266121
0.020326431158860229196
0.021892807503565149086
0.02243669361420003404
0.024036553272112881748
0.02419807767044577554
0.025936899993943448126
0.025517403831763206146
0.027706282252840809219
0.02605550616306444148
0.030348562777166578231
0.014118078932656491258
-0.0025515923216817029526
0.0013934581911271588499
-0.00095090127025553155117
0.0007178214366921911677
-0.00057328584227954731648
0.00047420503322951377675
-0.00040149351589880890496
0.00034542956926598871953
-0.00030055146769794780527
0.00026355981921026076602
-0.00023234698720942424906
0.0002055058070034121114
-0.00018206271500511087753
0.00016132427541993076386
-0.00014278467682450597059
0.00012606774860515086357
-0.00011088939912749830333
0.000097032605219219184948
-0.000084330384262878233671
0.000072654009966395445712
-0.000061904789797975809562
0.000052008360145489489339
-0.000042910864458805604087
0.000034576672305914534729
-0.000026987557052250317903
0.000020143576811945225197
-0.000014066505165859244122
8.8081686662371180754e-6
-4.471109109657928695e-6
1.2749065656316981306e-6
0.0012469447236495723381
0.0029091135583276217913
0.0045372262630490368178
0.0062016340162647845587
0.007764411952475874042
0.0094175109284362000725
0.01088319674833887896
0.012514041347502416597
0.013851346386431275456
0.015451308092143584592
0.016627743435950654065
0.018192600795110361547
0.019172481328683880903
0.020705584581651994032
0.02144628301245898196
0.022964477447242386514
0.023408192823712426713
0.024955137914392517483
0.025007746053414649181
0.026691030450365381372
0.026153223377540672073
0.028288109276684284664
0.026504689955745666337
0.030762179778168222463
0.014260993389698649642
-0.0025687072511398686133
0.0013981353990137767332
-0.00095093799335921057134
0.00071546932330890640195
-0.00056949080855405079284
0.00046945285692603070601
-0.00039606787495496534575
0.00033951192162705242058
-0.00029426624086977147074
0.00025699727126560833221
-0.00022557579670550551173
0.00019858049430487117237
-0.00017502827610771110229
0.00015421923017501952449
-0.00013564317981432778305
0.00011892113405304436318
-0.00010376738626490488837
0.000089964313019032599021
-0.000077345264423413367109
0.000065782790756796778498
-0.000055180526054046772749
0.00004546770843026244281
-0.000036595758219946353102
0.00002853668856648011402
-0.000021283517078487495033
0.000014853513403022774054
-9.2967321611630198644e-6
4.7176357496928335808e-6
-1.3449704602752574118e-6
0.0012504301511172970259
0.0028968749002406405298
0.0045613912468549886597
0.0061629147103500700294
0.0078201050178872981659
0.0093424752486643401959
0.010979999627980628508
0.012392900171855109458
0.013999635418452683227
0.015272718331505577512
0.016840259633427973776
0.017941890402113399593
0.019466526417680994474
0.020361865332034363566
0.021847692744447758745
0.022494957327765414123
0.023959799516940183728
0.024301990519109708656
0.025790771268723249869
0.025734387897079024272
0.027356456218963572114
0.026702196927581088367
0.028775941473341840164
0.026865844364117363286
0.031073599616879880686
0.014356534263528028715
-0.0025772808916653996576
0.0013981516071688137326
-0.00094779116537836623605
0.00071070796774130932011
-0.00056376383211362419574
0.00046309376440441531002
-0.00038927221727754858013
0.0003324057464310817745
-0.0002869369917274169726
0.00024950940434470313623
-0.00021797938902392370313
0.00019091633808044428322
-0.00016733108847791687707
0.00014651980168734832387
-0.00012796990834557823699
0.00011130120409462632462
-0.000096227757958446010987
0.000082532637544825121837
-0.000070050823107817838685
0.000058657557543583758341
-0.000048260478172194496495
0.000038794569534446563364
-0.000030219482325451841831
0.000022519259298589070873
-0.000015705262085394267083
9.8248304583064432656e-6
-4.9838850215217788896e-6
1.420604081522443772e-6
0.0012471491486465820983
0.0029083924270906703062
0.0045386620309127656215
0.0061993054790433617162
0.0077678151949124528766
0.0094128333091986649762
0.010889378416608942626
0.012506082540406294919
0.013861415381339518783
0.015438714057700142727
0.016643389320019265375
0.018173221220005125061
0.019196494908677678817
0.020675721816414081531
0.021483676526262986061
0.022917157700778785217
0.023468971352861145483
0.024875467214435175502
0.025115117274946349608
0.026540677996772043584
0.026375588712735723333
0.027930967472356403385
0.027162500264075090235
0.029168158777387077363
0.027137769346806787661
0.031281787951212953353
0.014404384176786756168
-0.0025772849268704022058
0.001393507088367836981
-0.00094147172630702346111
0.00070355383322148586338
-0.00055612474858451101323
0.00045514986793817116861
-0.00038113030461824538869
0.00032413607239239585111
-0.00027858977964875690509
0.00024112317177877073869
-0.00020958555242209279346
0.00018254197192658113219
-0.00015900071168896245837
0.00013825663457377531135
-0.00011979684538821116981
0.00010324165271900525824
-0.000088306449125680090483
0.000074776498611486780045
-0.000062490009579275735449
0.000051326769824718628197
-0.000041200754541241115362
0.000032055879752544753329
-0.000023864729944246713018
0.000016630964904378962725
-0.000010397998889309215099
5.2725870907457129556e-6
-1.5025735576520913325e-6
0.0012502434914384449793
0.0028975329205292467265
0.0045600827266440076891
0.0061650330995194431205
0.0078170162479063125645
0.0093467079309821442027
0.010974426465967784088
0.012400043963779667897
0.013990644664877210879
0.015283894750323851247
0.016826474681312002949
0.017958821267472771033
0.019445754236439469588
0.0203873964337487118
0.021816165366487470179
0.022534191392211775855
0.023910424955644588323
0.024365090490485672296
0.025708438352742829065
0.025844872026756976482
0.027202367128395051025
0.026929218238590821985
0.028412656028879504855
0.027532604032091496652
0.029463458505704322745
0.027319561438688220449
0.031386053280443914542
0.014404384176786756168
-0.0025687194241568959235
0.0013842174325905116226
-0.00093200091207409484701
0.00069403101621990360685
-0.00054659936582741023156
0.00044564811104108230262
-0.00037166989762267125166
0.00031473129814772255147
-0.0002692535521707324672
0.00023186805036135004645
-0.00020042433664042822979
0.00017348812853552166043
-0.00015006874809159442
0.00012946248237357960158
-0.00011115829981334876991
0.000094778912167057482715
-0.000080042808764804700066
0.000066739273958416360962
-0.000054711806801908393614
0.000043847294817600346822
-0.000034069498463976020151
0.000025336323049612974901
-0.000017641414619539632951
0.000011022696841932852528
-5.5869194706778667671e-6
1.5917692342107896958e-6
0.0012473203137992704442
0.0029077893926415142183
0.0045398598972963920308
0.0061973693265092163503
0.0077706322586634767806
0.0094089832930601407978
0.010894431141892096409
0.012499631211776581022
0.013869497097754351385
0.015428722072043155866
0.016655635594641497736
0.018158290678150222302
0.019214656186956632094
0.020653622976668065348
0.021510644853111159397
0.022884064452616273864
0.023509923065142051246
0.024824193051288366738
0.025180339168749369024
0.026455945090876789305
0.026488831077345723862
0.027773640323806541733
0.027393437515890578532
0.028799921697426606711
0.027811278811655989964
0.029660859692434423666
0.027410616746404698604
0.031386049245238911994
0.014356534263528028715
-0.002551612837482581402
0.0013703135011956192296
-0.00091941019304684632238
0.00068217117894790478637
-0.00053521939518676647764
0.00043462020207034806111
-0.00036092269562917770914
0.00030422314315473437824
-0.00025896011371768819882
0.00022177603637294286444
-0.00019052808964925102365
0.00016378773628812354506
-0.00014056902662973605585
0.00012017251807837669804
-0.00010209140124165091749
0.000085952917429760515135
-0.000071480763154748083485
0.000058470561749277067491
-0.000046773916554085535499
0.000036288562070348760138
-0.000026953499925232314426
0.000018749354073752053843
-0.000011706519100290185695
5.9306073793519096133e-6
-1.6892332365041379092e-6
0.0012500858883410681454
0.0028980878718702996058
0.0045589814599158614939
0.0061668105510207993092
0.0078144350350405533465
0.009350227122168208842
0.010969821469646489326
0.012405903025174124082
0.013983335181351981916
0.015292888458178541249
0.016815513496609736225
0.017972098607172743692
0.019429724777316163307
0.020406731934269442748
0.021792807834612835504
0.022562514133963337463
0.023875867679330206632
0.024407633167959571862
0.025655424369799577672
0.025912010827883764001
0.027115503064646577107
0.027044856184901940733
0.028252599155249959187
0.02776670500838695181
0.029091477587951350077
0.027997599203747151028
0.029759706346932722908
0.027410632954559735603
0.031281775778195926043
0.014260993389698649642
-0.002526021912855239948
0.0013518413245493275048
-0.00090374117015529151098
0.00066801344623613356277
-0.00052202235121600903886
0.0004221025196794229793
-0.00034892425212807444842
0.00029264657951006881626
-0.00024774408310402952683
0.00021088164233952576114
-0.00017993151332950692141
0.00015347606236737751564
-0.00013053787491858525578
0.00011042479623566879315
-0.000092636843208246565449
0.000076808268866659687247
-0.000062670613898030071881
0.000050028963087664012646
-0.000038747117701511116487
0.000028739565486191809507
-0.000019969951840962475436
0.000012458464705661656171
-6.3080507076293519096e-6
1.796194231220549876e-6
0.0012474660113151611898
0.0029072766167296503681
0.0045408765590884613559
0.0061957305695896813274
0.0077730079411501206263
0.0094057513677869392739
0.010898649039120628438
0.012494281598063192129
0.013876146295152445654
0.015420576038733313837
0.016665514222219927412
0.018146393304454654525
0.019228924785832039233
0.020636542467449985414
0.021531096906193356857
0.022859518040962862958
0.023539515127802564765
0.024788276377269553912
0.025224342766090660048
0.026401355086358796582
0.02655767700456654487
0.027684919574226940958
0.027511101711029005122
0.02863765138121179142
0.028047781746167785507
0.029286354369335604746
0.028090946916881321168
0.029759669623829043887
0.02731961033592889858
0.031073579101079002236
0.014118078932656491258
-0.0024920314968715843891
0.0013288619434645516733
-0.00088504542906400358293
0.00065160426738616618635
-0.00050705142084937596629
0.00040813599181866749476
-0.00033571386889038621909
0.00028003974993832294693
-0.00023564284876664136553
0.00019922190946225791486
-0.00016867176255900770211
0.00014259094197727474564
-0.00012001454315663950884
0.00010026096857321129643
-0.000082840038921779642467
0.000067396060859896429493
-0.000053671916977819282779
0.000041486652314919148648
-0.000030722685941187045402
0.000021321419152951956274
-0.000013289282731210855767
6.7244863193229360838e-6
-1.9141117075479408599e-6
0.0012499506662961953183
0.0028985635654681662553
0.0045580390885567974416
0.0061683277543418496009
0.007812239028668388451
0.0093532087075147719034
0.01096593962945314221
0.01241081235633392292
0.01397725363193607851
0.015300310162110190169
0.016806553466584720471
0.017982834346519249684
0.01941692493317800667
0.020421951176256724567
0.021774725148519978488
0.022584023796305486297
0.023850203799213131812
0.02443840748323925192
0.025618255324953424955
0.025957342433942733158
0.027059504222690171495
0.027115195494525010665
0.028162300794174206378
0.027886020809446268201
0.028927516189342193026
0.028235735478730612092
0.02938390345910596345
0.028091012844989505655
0.029660748897300215742
0.027137851762776861626
0.030762150568531310869
0.013928265640147496921
-0.0024497542487182448688
0.0013014511945738727225
-0.00086338435237650153664
0.00063299724304892492074
-0.00049035530248811795927
0.00039276594974346927822
-0.00032133447215778171714
0.00026644387877770565947
-0.0002226965343641805711
0.00018683645792281139694
-0.00015678862543780435164
0.00013117315649722444805
-0.00010904188342022908674
0.000089727423553481302665
-0.000072752972120916138953
0.000057776852941785726277
-0.000044558270383077183311
0.000032937240948887781145
-0.000022825819983702944113
0.000014211922070839598841
-7.186197752727236237e-6
2.0447329709038740344e-6
0.0012475920015601657754
0.0029068335821187267197
0.0045417535770074796957
0.0061943201182265915792
0.0077750464992530026668
0.00940298854657615036
0.010902238190976985054
0.012489754214479921614
0.013881737675636443533
0.01541377647379297789
0.016673690063835189016
0.018136642319714128376
0.019240489420561174601
0.020622874318582677767
0.021547225603453291251
0.022840482811339192
0.023562022458578411089
0.024761567714366197482
0.025256210681240211554
0.026363042621403667858
0.026604201418614583426
0.027627681757301457943
0.027582717575450005357
0.028546057975315792258
0.028168370639619153233
0.029121228386976448816
0.028329943826362161167
0.02938379913212113473
0.027997798131474286998
0.029463271734627674914
0.0268659617201652807
0.030348524361639278896
0.013692184053264496577
-0.0023993302561263703698
0.0012696994394754684642
-0.00083882888936601519685
0.00061225291662487854812
-0.00047198801505802427754
0.00037604195857860305292
-0.00030583247545417251952
0.0002519031859885073408
-0.00020894799417643476285
0.00017376761024622669806
-0.00014432484587294998553
0.00011926706477965172474
-0.000097667460088869666481
0.000078877146782073849238
-0.000062437251166096841029
0.00004802567577014603845
-0.000035425646556673003148
0.000024510148944540108216
-0.000015242123683901295912
7.7007892613981717617e-6
-2.1901673022125293027e-6
0.001249832818170372352
0.0028989778119932982624
0.0045572196203296749879
0.006169644337877710974
0.0078103386494807465098
0.00935578000074816109
0.010962605978900765424
0.012415007471045604212
0.013972086949289732423
0.01530657319035497348
0.016799050312416005787
0.017991745732006977263
0.019406406136911381374
0.020434316402177632506
0.021760223014095375901
0.022601020484155431635
0.023830266102659931139
0.024461851899263438498
0.02559057543153583669
0.025990214186271638291
0.027020158655030894976
0.027162775885925534601
0.028103995753858002196
0.027958694275133685699
0.02883491261077693896
0.028357216593799875588
0.029218141520456717148
0.028330096423470391328
0.02928603953775097447
0.027811614218758475956
0.029167892766921665544
0.026504844326049633543
0.029834074038234977544
0.013410618411888402818
-0.0023409265557849076674
0.0012337112371032208045
-0.00081145928211512638532
0.00058943852905317172656
-0.00045200867679040116227
0.00035801762658318816216
-0.00028925763605090744576
0.00023646482019722874607
-0.00019444286999764608506
0.00016006064611892070194
-0.00013132669198164673441
0.00010692166730208228048
-0.000085945401920391626446
0.000067772842943175910765
-0.000051969328395427505138
0.000038240852456617852641
-0.000026407786338491659762
0.000016399210711661015092
-8.277548320291499961e-6
2.3529835807023915926e-6
0.001247702669929018028
0.0029064447089743821554
0.0045425223654572183049
0.0061930860936200725933
0.0077768255482018490259
0.0094005850784555880752
0.010905348523562831298
0.012485848649218992127
0.013886535552467930109
0.015407977496400886782
0.016680614097317513489
0.01812844993703784235
0.019250117982180134088
0.020611610569964774858
0.021560363385092731439
0.022825180810117892109
0.023579845765735339865
0.024740777669362597024
0.025280531401947139641
0.026334465416031374278
0.02663798670356688832
0.027587414120449514546
0.027631216235817444419
0.028486858472134546086
0.028241881673937947638
0.029027900540375066086
0.028451935530976266149
0.029217929906202477394
0.028236196052638714276
0.029090946617061795114
0.027533081887426550665
0.028775591457423947708
0.026055700367059725312
0.029220507950213426692
0.013084504049574686166
-0.0022747365586279401766
0.0011936049582023366711
-0.00078136474612854619318
0.00056462773511045160445
-0.00043048125336294515885
0.00033875039675470285448
-0.00027166291691603112603
0.00022017883780927179774
-0.00017922976349608690895
0.00014576428939439846928
-0.00011784495184953245666
0.000094192425542247730963
-0.000073939568880774268087
0.000056492355210328231837
-0.000041449824123223252392
0.000028560493688378900082
-0.000017707157764991609791
8.9279315188557309621e-6
-2.5363404137410360721e-6
0.0012497284723079472504
0.0028993443501933404758
0.004556495410646672
0.0061708058186390784833
0.0078086660638666985483
0.0093580364656000189024
0.010959690841241208599
0.012418660591037579535
0.013967609664813650767
0.01531197016720565248
0.016792625980198897911
0.01799932052147989956
0.019397538300016950009
0.020444644456272241127
0.021748236458752898133
0.022614903479913484167
0.023814197714665739822
0.024480461012767202499
0.025568982695895018804
0.026015350783815593952
0.026990757814899392827
0.027197384533500612741
0.028062917038413185644
0.028007973478288106585
0.028774991427572584365
0.028431345236234954151
0.02912437496855217229
0.028452218017227800201
0.02912058955742251847
0.028048558774065611611
0.028799164912868997355
0.027163129294410205927
0.028287668769872068909
0.025520023363248751253
0.028509863541330362161
0.01271492428654703608
-0.0022009793801555446494
0.0011495123399303521633
-0.00074864310234082632844
0.00053790027843857242826
-0.00040747427532944329748
0.00031830132761289283574
-0.0002531043751336460003
0.00020309827570728746814
-0.00016336061937839456028
0.000130931607522850065
-0.00010393668783933765284
0.000081144440575969960719
-0.000061729146705082923097
0.000045138495287968965944
-0.000031021198956704721148
0.000019196060977363240916
-9.6662252821199763858e-6
2.7441619748512281207e-6
0.0012478014641993529793
0.0029060977761346423095
0.004543207467007645194
0.0061919882004551682907
0.0077784049193787425905
0.0093984571401578588827
0.010908093296447756051
0.012482415404171779694
0.013890734290461973549
0.015402928801027012391
0.016686606932178680991
0.018121406419556020027
0.019258334272743700836
0.020602079923882074751
0.021571374448502165936
0.022812492367775559021
0.023594447852423867562
0.024723975186860456852
0.025299886650537722633
0.026312118560593748814
0.026663879780271740143
0.027557262344057280097
0.027666559018036264979
0.028445078735172596181
0.028291804667230413305
0.028967429365356351481
0.028526463172622147051
0.029124008370559921334
0.028358069579358778992
0.028926437990087638899
0.027767813062098449949
0.028411659265839833488
0.026702989025891979178
0.027705742740745211169
0.024899594679957462333
0.027704500541823954866
0.012303106831132221517
-0.0021198990754277961538
0.0011015779772822527545
-0.00071340035580915716791
0.00050934162146618896156
-0.00038306052597402280539
0.00029673487658335183527
-0.00023364111539524994319
0.00018527940400372604881
-0.00014689149390514766858
0.00011562165865249141509
-0.000089668380671765851443
0.000067858181954446345698
-0.000049418970416762792821
0.000033857960991275235911
-0.000020904194603533183619
0.000010510458667150655019
-2.9813791690853356385e-6
0.001249634528869702787
0.0028996741563659196819
0.0045558444583827349666
0.0061718482215665331298
0.0078071679690442766768
0.009360052457437640233
0.010957094260075511185
0.012421902883573687069
0.013963652371926240991
0.015316717650479930661
0.016787005343218323725
0.018005907184099101416
0.019389880299919794104
0.020453494631956793046
0.021738053897102397636
0.022626582890487940974
0.023800826445175606041
0.024495757944377305335
0.025551476530883254672
0.026035414371708798456
0.026967703541595215579
0.027223976558918219265
0.028032085145636565087
0.028043963081374441965
0.02873261873602268681
0.02848177739829151823
0.029063523112561620715
0.028526928844102526087
0.02902679325909821599
0.028169810988075446842
0.028636112889617947721
0.027394897969393097592
0.027929711388525221519
0.026154194188204825764
0.027031742959377468696
0.02419647771056852963
0.02680709307859941363
0.011850419701611247765
-0.0020317637774301139887
0.0010499587459916975438
-0.00067575021402596552887
0.0004790425252985537058
-0.0003573167039818677368
0.00027411871285782274345
-0.00021333538179730354648
0.00016678232174607399402
-0.00012988404092438817295
0.000099902538057367614379
-0.00007512173005058459306
0.000054440268319400862007
-0.000037159738656635659337
0.000022880944841022025488
-0.000011483686730037497072
3.2542658639714307301e-6
0.0012478912017059263784
0.0029057828177552698024
0.0045438288210648150848
0.0061909938750166998229
0.0077798326307453532268
0.0093965380271144751851
0.01091056174069391342
0.012479338047488113647
0.013894483306775695382
0.015398440737784330718
0.016691907626105338999
0.018115211573746723845
0.019265514758325649581
0.020593809906982435989
0.021580853285904517833
0.022801666276008860162
0.023606783542995428337
0.02470993748847716154
0.025315856895921765973
0.026293936364436433873
0.026684616716130398824
0.027533544502659822886
0.027693795372439211649
0.028413634556654927495
0.02832835687787613153
0.028924568522815044719
0.028577273389058095484
0.029062941266295540901
0.028432752232104610401
0.02883304177791755217
0.027888077599498708861
0.02825056961457553742
0.026931060350869327971
0.027354915305284887391
0.025518573569841763988
0.026267903958199424714
0.023413011160823703314
0.02582062072134874809
0.011358366682069178494
-0.0019368647358819056438
0.00099482314835552113287
-0.00063581353437973688344
0.00044709857394471104987
-0.00033032307318047408778
0.00025052361451753034372
-0.00019225293138195816288
0.00014767221442481614542
-0.00011240837626629479739
0.000083857158577492569113
-0.000060404821020492556197
0.000041044999984956414091
-0.000025191087975542172503
0.000012615830589281224702
-3.5709162557443145658e-6
0.0012495483952152493609
0.002899976392465357702
0.0045552484650444823012
0.0061728013543761085087
0.0078058005565734058384
0.009361888586040585766
0.010954735546010170318
0.012424839054734423187
0.013960081536568265985
0.015320983958337275777
0.016781977847165558787
0.018011767923818573775
0.01938310628031178061
0.02046127188919120906
0.021729171171872692236
0.022636688489961668576
0.023789361745452002056
0.024508741431716026854
0.025536785109836222398
0.026052040192624400196
0.026948869074139677453
0.027245355844337370212
0.028007743482948376759
0.028071793374019754708
0.028700625721430852476
0.028518812576497572965
0.02902027409516585581
0.028577991177209964481
0.028965670665037952084
0.028244260516024551093
0.028543384078146560012
0.027513817801318429294
0.027771077503638943327
0.026377851195845746306
0.026689171637883464013
0.024798245921216588975
0.025416757510527895056
0.022551801474416591696
0.024748358485374286818
0.01082858232739925386
-0.0018355152507967108816
0.00093635056834659723369
-0.00059371768541165176763
0.00041360963815708443005
-0.00030216312995409042615
0.00022602356408923946443
-0.00017046398079756508292
0.00012802192585074909864
-0.000094548706914350054158
0.00006759468075346401057
-0.000045674945771632893611
0.000027921186464456870342
-0.000013946374411241758354
3.9419364920674147668e-6
0.0012479743031598564901
0.0029054912877509307663
0.0045444034663873692995
0.0061900754311258473417
0.0077811492402925035511
0.0093947718506693819057
0.010912827909472516991
0.012476521006140499751
0.013897903741346042738
0.015394361651110863821
0.0166967044688393399
0.018109632836790145676
0.01927194590013914277
0.020586447918959627338
0.021589234353507971476
0.022792165835184560569
0.023617518521484980281
0.024697834402962655156
0.025329484568562905201
0.026278598890203481945
0.026701885573650390248
0.027514076159960475298
0.027715791543998175382
0.028388703100727976227
0.028356736640853031541
0.02889208396376332764
0.028614718335017582553
0.029019397257145585303
0.028483947997722438028
0.028772015571528714368
0.027962097826049873994
0.028158765414082586246
0.02704829063560248607
0.027199214934085053733
0.025737121140583119113
0.025934680701190927259
0.023995613418600402925
0.024481123823212040624
0.021615714452319050728
0.023593865810205251936
0.010262826534161243555
-0.0017280494903978762684
0.00087473041420120866509
-0.00054959579972506177581
0.00037867928000906013551
-0.00027292336174551896962
0.00020069628765490146644
-0.00014804534449189191882
0.00010791725378386303959
-0.000076414830712660040218
0.000051274513068762018855
-0.0000311894291492640637
0.0000155284183409966547
-4.3814698004149900245e-6
0.001249467772339239852
0.0029002591671572255573
0.004554691291682635694
0.0061736913764685673647
0.0078045256281185080467
0.0093635972808162160237
0.010952545553671652062
0.012427557863660142926
0.013956785338964599932
0.015324908131842851219
0.016777372148183807464
0.018017112656414082122
0.019376959946808245266
0.020468288711062842241
0.021721207169200773512
0.02264568595656775021
0.023779232756091084236
0.024520114491914681869
0.025524037525231824547
0.026066315018293149024
0.026932886395450254261
0.027263262263343073818
0.027987652348786983988
0.028094388539032612964
0.028675130655237089508
0.028547705485233733582
0.02898734680629616448
0.028615781554021421961
0.028921915520388977481
0.028295480938924772986
0.028482595463133726731
0.027587224278881637013
0.027680441862248741011
0.026493062709828980298
0.026536863048281465548
0.025011015270400426428
0.025093934345745856993
0.023113354409352415788
0.023464101592141534946
0.020607866137629763405
0.022360974527802786737
0.0096629786955256292092
-0.0016148211748784291408
0.00081016111329012318703
-0.0005035858876703372431
0.00034241411911383095313
-0.00024269327202905926217
0.00017462478509385439505
-0.00012508514970212384562
0.000087468223572323648827
-0.000058167075540141962781
0.000035161281216336240677
-0.00001743494569335857959
4.9087556412114495462e-6
0.0012480529962335687831
0.0029052153364213537704
0.0045449470001675505148
0.0061892076489066019706
0.0077823914578370420762
0.0093931084208798696621
0.010914957688823323142
0.012473880156112522592
0.013901100934341261393
0.015390561439453020189
0.016701156597232213283
0.018104476828725859645
0.019277861728539027026
0.020579711323401182091
0.021596858862343911652
0.022783578651789358507
0.023627152466764403458
0.024687058183251613387
0.025341512611393260129
0.026265192150173850919
0.026716819406706566008
0.027497439893439936854
0.027734339631945976774
0.028367990317309769883
0.028379923220108183282
0.028866040766200293993
0.028644099186448812396
0.028986064475508726883
0.028522031558471702798
0.028728120461861460217
0.028013247538534469416
0.028098341270006638522
0.02712091446753989772
0.02710997451049317648
0.025850004571404438954
0.025786198008996041387
0.024201967380623314722
0.02416970643433530275
0.02215441558589419513
0.022369056852729655234
0.019531613069152037682
0.02105377582229922684
0.0090310314600958881457
-0.0014962020931765831608
0.00074284890185528772631
-0.00045582977214762536105
0.0003049232397746513209
-0.00021156609926587240076
0.00014790113989455353677
-0.00010169344920932665946
0.000066834528313529200329
-0.000040075363787817670975
0.000019768839978256266309
-5.5505719985482868977e-6
0.0012493904501444734838
0.0029005302610831739395
0.0045541575037651339923
0.006174543185433600939
0.0078033070554205980226
0.0093652277475144645263
0.010950459982947095651
0.012430140976768467641
0.013953662128496201335
0.015328614874832008062
0.016773036841475520708
0.018022123873693557605
0.019371222392550814763
0.020474806953648442387
0.02171384899635293057
0.022653949322358662101
0.023769991565480074251
0.024530415143149760136
0.025512584764198217266
0.026079026053286957323
0.02691879425476405612
0.027278879030755044887
0.027970341548820443017
0.02811359546383022459
0.028653783794383175878
0.028571489995602039002
0.028960756313169736755
0.028645640364444214483
0.028888198646386433384
0.028333821949491058288
0.028438614283464400268
0.027638226081875878795
0.027620489804643069636
0.026564755682222312286
0.026449221863730772235
0.025121286828161830247
0.024949681545126937765
0.023312693968146252006
0.023165041749701969221
0.021122003822853065221
0.021199610490453760363
0.018390542061360402982
0.019676606158938288222
0.008369084116093161429
-0.0013725803939151425887
0.00067300631481398880738
-0.00040647180522992942631
0.00026631788603858326765
-0.00017964131534176154317
0.00012063585253932202313
-0.000078027424913381069916
0.000046288286283715210431
-0.000022679527908093722839
6.3451933979349922108e-6
0.001248129534924523834
0.0029049470355615176442
0.0045454751247347840791
0.0061883652568143480389
0.0077835958442758095624
0.0093914981275503575751
0.010917015620436514373
0.012471333945892655747
0.013904175797792622187
0.015386917121318422351
0.016705412231485680257
0.018099566335580474505
0.01928347295006397535
0.0205733504765845805
0.021604022045998149891
0.022775555697110245197
0.023636098418585050373
0.024677118935597383744
0.025352524082105444605
0.026253018985791278401
0.026730256663801064383
0.027482620210349450083
0.027750679842084840124
0.028349966761214431642
0.028399824135385547389
0.028844028689668489406
0.028668507598468218685
0.028958907301057949796
0.028552379365327162144
0.028694019032347167277
0.028051833030795893575
0.028054304159675327794
0.027171716038392719669
0.027050575954085171745
0.025920646323061926758
0.025700330032477311583
0.024309376486167667833
0.024030049368137497167
0.022346188408772545434
0.022083242962743190422
0.020019578070059410529
0.019959624148423013721
0.017188459768718912745
0.018234032110849968209
0.0076793356244676690135
-0.0012443585425947144781
0.00060085021795928025928
-0.00035565737217148590303
0.0002267121838712070593
-0.00014703183654529482755
0.000092981629729195005222
-0.000054356819570298641899
0.000026391935272982303204
-7.3490653007614046848e-6
0.0012493140551643634987
0.0029007980157455148751
0.0045536306050868771567
0.0061753832730387725637
0.0078021066211074073357
0.0093668316612724458789
0.010948411889297913115
0.012432672565210279628
0.013950608339125894134
0.015332229599020926623
0.016768821853440317359
0.018026979592770588952
0.019365683785991033376
0.0204810728794788748
0.021706808397397441906
0.022661815604727942628
0.023761244080066642831
0.024540104869300737822
0.025501885030346719733
0.026090811764746705919
0.026905836578053484184
0.0272931069388509002
0.027954730016050032524
0.028130722773319262801
0.028634985110730090196
0.02859214522378572717
0.028938021672116839161
0.028670725925761845393
0.028860427032301247944
0.028364699293482576052
0.028404097156227899976
0.027677075003223351621
0.027576393665211743483
0.026615339385725930001
0.026390421888392532895
0.025190795300414379946
0.024865719933816678515
0.023417034324888108877
0.02303029669601999236
0.021305716120194312279
0.020927854966281593989
0.018850841997816368056
0.018653184014779519753
0.015929382488671089812
0.016730833911147513539
0.0069640773276489675718
-0.0011119507405986680242
0.00052659912269245046533
-0.00030353140929965224959
0.00018622715950538534577
-0.00011388460368536452783
0.000065199431422454094172
-0.000031259755982732847557
8.6486014812090195018e-6
0.0012482065119961058998
0.0029046772798716879487
0.0045460058221268153674
0.0061875194343060678016
0.0077848038678379318313
0.0093898850823483805555
0.01091907382403064394
0.012468792112855767368
0.013907238807016182481
0.015383295719699889508
0.016709629427178373905
0.018094715277457299852
0.019288997082042141178
0.020567112420846366519
0.021611017049836085996
0.022767757948178180326
0.02364474816667687238
0.024667563678531668857
0.025363043561013492231
0.026241470229806630587
0.026742907481759700075
0.027468785107033908417
0.027765793021087638352
0.028333467468321256429
0.028417835244077779155
0.028824357994421035919
0.02869001347478520182
0.028935355201084828758
0.028578234436718401813
0.028665544501619171384
0.028083322819705967613
0.028019296126590279006
0.027210893163979615027
0.027006370013378189716
0.025971044164123235131
0.025642121927529659622
0.024377723860004331184
0.023948070078531396837
0.022447314808370294504
0.021953659440700412694
0.020194812194603495179
0.019702645222027975545
0.017619738708627306361
0.017284581442678654473
0.014617527067710211265
0.015171987339705370739
0.0062256853668021932625
-0.00097577940212988376492
0.00045046938131614450118
-0.00025023806918399228998
0.0001450055345187254189
-0.000080443488495873229423
0.000037870460143173012624
-0.00001038225345159808208
0.0012492356338287407135
0.0029010727965700859665
0.0045530901497948150645
0.006176244350981861927
0.0078008773674710056528
0.0093684721253807587797
0.010946320127157423594
0.012435253770395404125
0.013947500769573637631
0.015335899793831198082
0.016764552955568435252
0.018031883521870016963
0.019360107829164009433
0.020487358952997755594
0.021699772576885786636
0.022669642835350709345
0.023752581190435940607
0.024549650888464720842
0.025491404445205159489
0.026102283202559654579
0.026893312086162402971
0.027306753897411145459
0.027939882370344891294
0.028146860122500755217
0.028617455743423208829
0.028611185408302181019
0.028917331281377203269
0.028693231860257462889
0.028835907175662080317
0.028391474023012694616
0.028374771002983396506
0.027709322875956668076
0.027540754219339711941
0.026654977430732373958
0.026345984704952576772
0.025241112797316686627
0.024808020465836858053
0.02348427257537429853
0.022950292167270756198
0.021403571433478985806
0.02080358818643177698
0.019017284429820955809
0.018411577354228017286
0.016330450171898294234
0.015858288178158083462
0.013257304696118992503
0.013562643052572064983
0.0054666128557132714864
-0.00083626985066982547713
0.00037266980731590674777
-0.0001959264295091056682
0.00010326512118216752223
-0.000047271346761326116724
0.000012784781643010751201
0.001248287457124184794
0.0029043936891655383596
0.0045465634871738289929
0.0061866312101318002752
0.007786071361074596821
0.0093881944415630384109
0.010921228254064762264
0.012466135480716654119
0.013910434534988472644
0.01537952497651591588
0.016714010581140424743
0.018089688442727200823
0.019294705115496666826
0.02056068705367856147
0.021618196883868120534
0.022759785107673465232
0.023653554410396178713
0.024657881268069084635
0.02537364785637556173
0.026229894687536246648
0.026755508096281208312
0.027455100145095389188
0.027780628256550863369
0.028317407903879289812
0.028435203161593711061
0.028805585417807663524
0.028710302240896267377
0.028913419703045360009
0.028601971159588326181
0.028639821581629692767
0.028111256152495923583
0.027988876958016544082
0.027244141440158612894
0.026969857867295460952
0.026011380832819557836
0.025597222747871760656
0.02442818029266483852
0.023890677647958255294
0.022513619099772428719
0.02187549373897894848
0.020289473529530991899
0.019583708873248691673
0.017777227973001199052
0.017058771951218041875
0.014987407192128550169
0.014378921141881940641
0.011853321632028244347
0.011908101208618314267
0.004689381905367344478
-0.00069384139996511674756
0.0002933952857447925115
-0.00014078450110462667502
0.000061516313505469145779
-0.000016284266586316285064
0.0012491507271047100428
0.0029013702361842692837
0.0045525053599976231032
0.0061771755276217665839
0.0077995490524526734288
0.0093702431090599596639
0.010944064517306175291
0.012438033422478015415
0.013944159484829990484
0.015339839015227184579
0.016759980344279535831
0.018037124500535071236
0.019354163639542370485
0.020494041391466558046
0.021692316327558789271
0.022677909326274890376
0.023743466786423877801
0.024559652530391597474
0.025480474119399156421
0.026114186319552649566
0.026880388775810773074
0.027320748851114563273
0.027924759369769210229
0.028163173628637589291
0.028599881863476255061
0.028630098622784515752
0.028896988565281160471
0.02871510813665288986
0.028812375936723818865
0.028416803464925166144
0.028347472345505283558
0.027738797487917858159
0.027508850345002576872
0.026689625503540307825
0.02630819450925430496
0.025282557057287570618
0.024762249861771312428
0.02353527351456595448
0.0228928110664476615
0.021469319066592989721
0.020726914945608919292
0.019109048075489571633
0.018297756204732266293
0.016479065969131077272
0.015648440238466919713
0.013595323877835246824
0.012851184206227080359
0.010410397031677719398
0.010213775756464704634
0.0038965757589810329257
-0.00054889064431530494198
0.00021282893741975292249
-0.000085222008939974803551
0.000021740833434153583565
0.0012483783916130359151
0.0029040751613269346048
0.0045471896392504951239
0.0061856343998235100176
0.0077874928721625180564
0.0093862999184757643586
0.010923640112834535719
0.012463164868715320998
0.013914003152910076671
0.015375320715782667965
0.01671888694008484532
0.018084104347249565212
0.019301032091631940704
0.020553582246122656444
0.021626114573656811065
0.022751019086779946682
0.02366320492280697682
0.024647309052505333763
0.025385180415265084155
0.026217361288748532512
0.02676908518161533022
0.027440433598360823983
0.027796433653654260677
0.028300409829887098006
0.028453453176067610145
0.02878601753589795614
0.028731262101141575664
0.028890983663546205446
0.028625980085699958146
0.028614127454862202909
0.028138767429527246645
0.027959391636624251843
0.027275789747360959027
0.026935815921572279339
0.026048102177562940203
0.025557462170954368214
0.024471441501623328348
0.023843311881342952904
0.022565898845977554076
0.021817184644701897342
0.020355400713045935498
0.019507807199086017952
0.017866780639715278007
0.01694944405554282729
0.01512765347308762283
0.01418475261281488352
0.012159294417275895414
0.011279751801219262067
0.008933627184171676093
0.0084851315274483462549
0.0030908320322119110416
-0.00040175808894164452004
0.000131236832859964857
-0.000031136406313709085784
0.0012490504809463761799
0.0029017213560355315249
0.004551815228869280331
0.0061782739836013202151
0.0077979829767907326243
0.0093723296554126999031
0.010941409190070707338
0.012441302471602126323
0.013940234347193540768
0.015344460613970462614
0.016754623455307794796
0.018043254334784579131
0.019347224060488074323
0.020501826947376645241
0.021683648857944679514
0.022687494619293501596
0.0237329275137440022
0.024571182474077729448
0.025467915965668704898
0.026127811416700498644
0.026865656415526165792
0.027336630831406328537
0.027907682849455565317
0.028181492793808805097
0.02858026802033136029
0.028651064004304152524
0.02887460885885411793
0.028738972238248478994
0.028786948390223148855
0.028443884627953976638
0.028318633532874332451
0.027769515393390928075
0.02747610983165094126
0.02672456042957804868
0.026270856640903970309
0.02532255478175149394
0.024719270524361773372
0.023581644858650462514
0.02284251333856206995
0.021524255724003978917
0.020666362466978502069
0.019176600795316978662
0.018221160480923717338
0.016567874866962577389
0.015542167155107701558
0.013728556701015597418
0.012671524823019911674
0.010685072060006473817
0.0096689783339559561169
0.007428596992546073821
0.0067275334355149031579
0.002274842363877349237
-0.00025267826263227989104
0.000050112450359229852778
0.0012484940126585324199
0.0029036702121814119521
0.0045479854930338586778
0.0061843678531116497828
0.0077892982498948007071
0.0093838951154552919242
0.010926699569405804354
0.012459399563015642163
0.013918522367766586761
0.015370002019645933157
0.016725048696894345285
0.018077057544985900377
0.019309004664746529128
0.020544644141283015127
0.021636057276928901166
0.022740033154740206932
0.02367527253248553488
0.024634121237295689595
0.025399527316979478315
0.026201815770716573661
0.026785869820846914879
0.027422367991310906013
0.027815823835744762166
0.028279649219563874096
0.028475632883440599901
0.028762366570544769426
0.028756440789869158156
0.028864215495456880479
0.028654405989850795958
0.028583967555723677027
0.028170747469481393679
0.027925493028493329502
0.027311720715137678618
0.026897719413890403486
0.026088522130794866972
0.025514528943360857429
0.024517119649257573483
0.023794601460043412342
0.022618004579549954673
0.021761215348573500864
0.020415852075203798851
0.019442033723654541612
0.017939055701620241535
0.016868943012844460181
0.01521903218031125451
0.014078144282460849836
0.012288928180061951524
0.011111270124828678754
0.0091800088568253097807
0.0080219467392026634495
0.0059021889113384219022
0.0049457176102595397272
0.0014514027538099962197
-0.00010229532741326093827
0.0012489048032853649043
0.0029022315552262051443
0.0045508125952983931374
0.0061798694442830757229
0.0077957090583851544045
0.0093753580591710404647
0.010937557147230805021
0.012446042097618188516
0.013934547290159164911
0.015351151650836098838
0.016746874586039265537
0.018052112670385427034
0.019337206448475660548
0.020513052161622229948
0.021671168896460596865
0.022701275573412322062
0.023717799951430566799
0.024587701897589876615
0.025449959517790945994
0.02614725024796513233
0.026844689339695369446
0.027359172850253539549
0.027883517978730515203
0.02820733005761065085
0.028552706706275128097
0.028680403703025310535
0.028843433105033779789
0.028772045835328057255
0.028751910106589013998
0.028480960632674210301
0.028279439189382902114
0.0278109180012326738
0.027432397563047848802
0.026770697973838597894
0.026222160447950459013
0.025373965385091441827
0.024664961198916990943
0.023639074123080743304
0.022781694439158687754
0.021588798858142829844
0.02059767163339463395
0.019249987747543355769
0.018142347612753123337
0.016653117031381086985
0.015449059796571708085
0.013831690242818566652
0.01255489363809563837
0.010821289839563262859
0.0095010680357001744066
0.0076574711645332143306
0.0063357991626244950131
0.0043671041405367513009
0.0031405997814898193066
0.00062437045894039644399
0.001248740917880792888
0.0029028055076199924394
0.004549684727754698474
0.0061816640644238220832
0.0077931515179620658515
0.009378763810734688956
0.010933225711426542973
0.012451370733604386525
0.013928154655297935144
0.015358671248935338027
0.016738168232186322858
0.018062062920191776291
0.019325957391051258418
0.020525653068322487111
0.021657164654798507721
0.022716733364138356987
0.023700839403222495529
0.024606213662264443034
0.02542984857309407216
0.026169008099149372333
0.026821236823776805636
0.027384368106528993153
0.027856531280294993842
0.028236157865312982516
0.028521986779397299284
0.02871306852705605743
0.028808768353573512336
0.028808768353573512336
0.02871306852705605743
0.028521986779397299284
0.028236157865312982516
0.027856531280294993842
0.027384368106528993153
0.026821236823776805636
0.026169008099149372333
0.02542984857309407216
0.024606213662264443034
0.023700839403222495529
0.022716733364138356987
0.021657164654798507721
0.020525653068322487111
0.019325957391051258418
0.018062062920191776291
0.016738168232186322858
0.015358671248935338027
0.013928154655297935144
0.012451370733604386525
0.010933225711426542973
0.009378763810734688956
0.0077931515179620658515
0.0061816640644238220832
0.004549684727754698474
0.0029028055076199924394
0.001248740917880792888
0.00048666656632950807446
0.0025624414908305575406
0.0062896813013282207239
0.0116568355710483814
0.018646177107038208372
0.027234512417502073118
0.037393320066674256872
0.049088856857649209621
0.062282272967215530291
0.076929742014613525287
0.092982607043216082265
0.11038754232687298923
0.12908673059540784186
0.14901805514041354031
0.17011530618400843765
0.19230840083443631464
0.21552361590239528513
0.23968383280703346334
0.26470879375930885816
0.29051536837239773598
0.31701782981390440901
0.34412813958276588556
0.37175623996500134996
0.39981035319689321511
0.42819728634187192303
0.45682274086837589236
0.48559162590032911117
0.51440837409967088883
0.54317725913162410764
0.57180271365812807697
0.60018964680310678489
0.62824376003499865004
0.65587186041723411444
0.68298217018609559099
0.70948463162760226402
0.73529120624069114184
0.76031616719296653666
0.78447638409760471487
0.80769159916556368536
0.82988469381599156235
0.85098194485958645969
0.87091326940459215814
0.88961245767312701077
0.90701739295678391773
0.92307025798538647471
0.93771772703278446971
0.95091114314235079038
0.96260667993332574313
0.97276548758249792688
0.98135382289296179163
0.9883431644289516186
0.99371031869867177928
0.99743755850916944246
0.99951333343367049193