0.0011882361729087753427
-0.00045197800286577961202
0.00034624844658060961131
-0.0002913456013616249378
0.00025535607564823862536
-0.00022894508544127690846
0.00020818292176720531847
-0.00019107662407494877082
0.00017649146686913636399
-0.00016372799466081960141
0.00015232940240379707965
-0.00014198403048570894398
0.00013247193070927093592
-0.00012363371035744368604
0.00011535143611393959658
-0.00010753643865772055732
0.00010012125158308876419
-0.000093054125389815215602
0.000086295199848578558011
-0.00007981377607493804711
0.000073586337155300337739
-0.000067595090677683124075
0.000061826883590507288159
-0.000056272388927281677245
0.000050925496160184477303
-0.000045782858795071319697
0.000040843568290332961174
-0.000036108935077822164615
0.000031582367282185484954
-0.000027269347358776858864
0.000023177518283602516408
-0.000019316907217971514414
0.000015700341599546854922
-0.00001234416315507291019
9.2694506821642495425e-6
-6.5042099142232298625e-6
4.0876669369563900516e-6
-2.0801344617434276808e-6
5.9395732584874804131e-7
0.0025711499659605397226
0.0027586972347911485607
-0.00075104375010792757083
0.00052826486615448138354
-0.00043060483629958863715
0.00037205911609552255746
-0.00033113871835240875803
0.0002998324823784476891
-0.00027442762666868943691
0.00025294671687499604891
-0.00023423010954596369484
0.00021754843658497807753
-0.00020241821416912274147
0.00018850579398065379697
-0.00017557364605247846387
0.00016344854578077959716
-0.00015200182585910327349
0.00014113662735597874951
-0.00013077939295254396767
0.00012087402986186215116
-0.00011137780895070359663
0.00010225842660937727305
-0.000093491866669126814054
0.000085060827377066544103
-0.000076953558400899113815
0.000069163004623254089052
-0.000061686188405511190155
0.000054523786929280205319
-0.000047679880709165061134
0.000041161866943994588894
-0.000034980550623455837809
0.000029150452254546469096
-0.000023690412792056339148
0.000018624653266845755735
-0.000013984606008880140344
9.8122080275218638249e-6
-6.1663704040911251607e-6
3.1378569084463345058e-6
-8.959631309975155905e-7
0.0022811039019226644541
0.0059976621585140218005
0.0043140572734312297602
-0.0010318090590186618183
0.00068611756907371496068
-0.00054327502022835712907
0.0004615427253411056059
-0.00040636733745356181343
0.00036520769261115314844
-0.00033240711738638870223
0.00030503062408667970854
-0.00028139840053673575515
0.00026047700717154219161
-0.0002415948010403934206
0.00022429633243908033153
-0.00020826233532222056449
0.00019326314272579576964
-0.00017913023452541985368
0.00016573814854940285389
-0.00015299258315151508815
0.00014082234311550353085
-0.00012917375300224509998
0.00011800670342168143833
-0.00010729180901969899569
0.000097008344793956392814
-0.000087142743858660662447
0.000077687514761274544751
-0.000068640487046776856271
0.000060004330450627248113
-0.000051786323066040696137
0.000043998373208172257595
-0.000036657335780050836317
0.000029785718743502240258
-0.000023412973598319879787
0.000017577765270360929336
-0.00001233208726562490466
7.7493746017746976572e-6
-3.9431903436307817669e-6
1.1258806755320709702e-6
0.0024357272016628042201
0.0052679531024323937733
0.0093900145126198046444
0.0058423462080445411487
-0.0013023678831345066681
0.0008333004617128598925
-0.00064452422326001893215
0.00053914497960265986478
-0.00046952648939742211396
0.00041852275769340411864
-0.00037847112079753567579
0.00034543512065851660542
-0.00031718495145234379248
0.00029236302321373915313
-0.00027009598531419400162
0.00024979738605289346215
-0.00023105992615702877528
0.00021359315071943495186
-0.00019718566321366274949
0.00018168127760966764589
-0.00016696344963115324079
0.0001529448169342040448
-0.00013955999993875956394
0.0001267605483525780643
-0.00011451134119899082346
0.00010278800074234404925
-0.000091575037066422709143
0.000080864540879259789596
-0.000070655310916346207604
0.000060952353835315749956
-0.000051766739583591583692
0.000043115844599782522146
-0.000035024084299507294354
0.00002752435503211999061
-0.000020660644739926194899
0.000014492826027842273395
-9.1061585312426194223e-6
4.6332261370351345416e-6
-1.3228482566867087344e-6
0.0023350987264095296664
0.0056793730144744997472
0.0082245072612860853636
0.012722210122634817505
0.007333738995975844648
-0.0015631755703177274092
0.00097246768742894351871
-0.00073805007658901159785
0.00060905609348878090711
-0.00052500236393233667642
0.00046419413845703144375
-0.00041697238756499123439
0.00037839591942788851707
-0.00034567869783095333071
0.00031713281832003053665
-0.00029167796914640468806
0.00026859246214227711561
-0.00024737763256311202311
0.00022767964206820360192
-0.00020924220398823622393
0.00019187684841773992657
-0.00017544358248551638435
0.00015983795014677534215
-0.00014498216669630439014
0.00013081892904386486182
-0.00011730703609975132266
0.00010441827222214643488
-0.00009213520436727945116
0.000080449672146200126519
-0.000069361839832938797506
0.000058879750478937140344
-0.000049019391277723806184
0.000039805366327596694369
-0.000031272413545508480338
0.000023468277925612337546
-0.000016459085811248139329
0.000010340085208496994953
-5.2605218085222940862e-6
1.5018664571489698111e-6
0.0024074608086786744212
0.0054004763211314596715
0.00889509015394425561
0.011130124358640770518
0.01597334559692352112
0.0087787778745328326903
-0.0018133228873757502623
0.0011040372603930314647
-0.00082492315776929283109
0.00067271514004626582603
-0.00057444460778161434844
0.0005039855695829320666
-0.00044972720851827245784
0.00040574167148255620763
-0.00036869400029148083364
0.0003365686391738580778
-0.00030807892901573829383
0.00028236767385056155609
-0.00025884422623598809089
0.00023709065373115899757
-0.00021680509234954475043
0.00019776617689275141347
-0.00017980995228445934848
0.00016281446213953138685
-0.00014668922234535884052
0.0001313679019347089639
-0.00011680317578150261713
0.00010296309808367353093
-0.000089828585576629121054
0.000077391758102585309902
-0.000065654999749564320089
0.000054630703708116584748
-0.000044341775849111572778
0.000034823138464844269765
-0.000026124788893714139463
0.000018317676281259745541
-0.00001150557748334192345
5.8527257666746147199e-6
-1.6708226811042194211e-6
0.002352144777704415275
0.0056072334535487419433
0.0084322983347877527128
0.012055012581423615423
0.013966101092491337082
0.019123080838435186669
0.010168319211983460985
-0.0020515486442487372874
0.0012277589272927290367
-0.0009053662187167066903
0.00073062247378005397977
-0.00061852848948366374005
0.00053868433344097349737
-0.00047759340174388760223
0.00042837223485697776142
-0.00038715266933846750887
0.00035159983629298592768
-0.0003202252838076153889
0.00029203883357294438257
-0.00026635925990221013504
0.00024270531214274402771
-0.0002207299741900949311
0.00020017922309409041204
-0.00018086529169180632746
0.00016264885193906730056
-0.00014542687590411903307
0.00012912422852684011268
-0.00011368779474756152102
0.000099082393420123292087
-0.000085288014337955392841
0.000072298108002754097606
-0.000060118808704012051602
0.000048769120497739207924
-0.000038282295493135246082
0.000028708989283279642011
-0.000020123564360205061422
0.000012637024262411772264
-6.4272840867825596851e-6
1.834690023658979827e-6
0.0023962263519511304816
0.0054454284346378254363
0.0087806425397229241106
0.011410637428742515371
0.015138407750282611815
0.01671429352295922666
0.022151635149569099196
0.011493575277229157971
-0.0022765079953986720367
0.0013431498297809374987
-0.00097927792760514650854
0.00078289955251075865009
-0.00065752027115210914754
0.00056865518584941048534
-0.00050100380414051678842
0.00044676736059936585197
-0.00040156609207731139149
0.00036275813198325617218
-0.00032866058649830700239
0.0002981548458936056551
-0.00027047201371976895408
0.00024506943695896766735
-0.00022155625643383989716
0.00019964673137617565544
-0.00017913000783303369587
0.00015985000410293957271
-0.00014169174119057881252
0.0001245719189263675782
-0.00010843239027333246679
0.000093235701900401709055
-0.00007896220094460576477
0.000065608445615749979282
-0.000053186865079108496607
0.00004172686056471291431
-0.000031277945521848751393
0.000021916391125329975024
-0.000013759151720165494814
6.9967151289163991891e-6
-1.997032894593772874e-6
0.0023600192775122449824
0.0055767897980014153574
0.0085045066429097862088
0.01189990507183096141
0.014317046473144020796
0.018125712242718886049
0.01935718747599711527
0.025039941593835236849
0.012746166323032351304
-0.0024868688561890100052
0.0014496503370168139356
-0.0010464262487967415579
0.00082950246297944207349
-0.000691499057492833196
0.00059406294413614239752
-0.00052018489806783681511
0.00046119854074618077527
-0.00041223869040497416158
0.00037037184113420392855
-0.00033373013828171435526
0.00030107264173957803595
-0.00027154685612206871792
0.00024455154197374605558
-0.00021965402251146513905
0.00019653836841745262011
-0.00017497186876217178564
0.00015478276008256854182
-0.00013584513909406549076
0.00011806862521281539776
-0.00010139129226096990901
0.000085774972904320773028
-0.000071202428841098858682
0.000057676184506241814584
-0.000045219138409674667668
0.000033877537074063546973
-0.000023727857227354486557
0.0000148916542548850525
-7.5709625804915425985e-6
2.1606783502475970967e-6
0.0023904502961973489603
0.0054672583325197988249
0.0087311469912239372107
0.011509011677010924085
0.014944111313299939412
0.01713324596621609342
0.02099807961958968692
0.02187798240880906781
0.027769789968169940348
0.013918172585229074977
-0.0026813556986592620152
0.0015466908016185620834
-0.0011065320960391118036
0.00087031612814034742554
-0.00072045666597946271446
0.00061497454169167725269
-0.00053525866848456599859
0.00047182907856072581599
-0.000419365169774501653
0.00037465964668301978522
-0.00033567090078072720512
0.00030104301582536897377
-0.00026984491648527935317
0.00024142033613389538159
-0.00021529741266947889488
0.00019113207564459940307
-0.00016867145380149869581
0.00014772962220493622748
-0.00012817124347964718043
0.00010990045953215847639
-0.000092853445159678261111
0.00007699369667644679336
-0.000062309599154196659365
0.000048814242641537906891
-0.000036548018534796871711
0.000025585596896468222382
-0.000016051616138487142101
8.1586233984301553777e-6
-2.3280660406309895025e-6
0.0023644072154427640796
0.005560466195309383297
0.0085403993461611749207
0.011832081577172649996
0.014440559121347268803
0.01789370157993219925
0.019841430357869597514
0.023737401622012305289
0.024260679689496759916
0.030323954395970178307
0.015002184022149037394
-0.0028587737461217780066
0.0016337245707309412172
-0.0011593101995812205371
0.00090520069183576799492
-0.00074434742172611980584
0.00063141058578655252744
-0.00054629470380065217477
0.00047876585536043398746
-0.00042308133531470715735
0.00037578004127617681818
-0.00033465928096242320109
0.00029825657612586345907
-0.00026556809693837114971
0.00023588675314028661543
-0.00020870467220611772037
0.00018365217542997866838
-0.00016045839353158229185
0.00013892524310357909705
-0.00011890998567804557639
0.00010031354983197562692
-0.00008307296046072034256
0.00006715698214977771398
-0.00005256469314044098595
0.000039327400394568919364
-0.000027515512888048914482
0.00001725496219988494323
-8.7676804172878962274e-6
2.5014565329540383452e-6
0.0023870224614915287981
0.0054798647812365348881
0.008704028653030966273
0.011558489691394960583
0.014858704325311887058
0.017280882535874428527
0.020729938319788074861
0.022424451557195463959
0.026326403908668931691
0.02649017280197406587
0.03268630907928548324
0.015991347034670597247
-0.0030180246088950600154
0.0017102463986488468268
-0.0012044911429118274529
0.00093401643306409205036
-0.00076311504488711077228
0.00064337342634199868155
-0.00055333881405082605353
0.00048208801501939119897
-0.00042349248365437244922
0.0003738591663985635187
-0.00033083823533167081162
0.00029286999216615881467
-0.00025888439306005159237
0.00022812831426334490367
-0.00020006156352748250511
0.00017429187698895048879
-0.00015053305656115994079
0.00012857743461768013427
-0.00010827760371370678565
0.000089534466640294904229
-0.00007228995687438501837
0.000056523704062615645829
-0.000042253822627046739257
0.000029543392607697097107
-0.000018517451453839298677
9.4060006268412168243e-6
-2.6830724598533892229e-6
0.002367146903694585935
0.0055504768250920162769
0.0085615415518524887684
0.0117944773283762576
0.014503073117520335158
0.017791453485773295516
0.02001212974802348329
0.023434871164594689574
0.024865949509856087956
0.028748753053458093878
0.028552336253439160303
0.034841934133860350193
0.016879407741557816341
-0.0031581175868493927549
0.00177580379893302942
-0.0012418342535851420996
0.00095663812046080707312
-0.00077670811471574908938
0.00065086335583895406099
-0.00055642964063761526359
0.000481863719380755913
-0.00042069009915784082213
0.00036900729673578159309
-0.00032433343447572880144
0.00028502177062364015158
-0.00024994324649274413513
0.00021830405794938489495
-0.00018953590905859049608
0.00016322751212918205829
-0.00013908061468477148921
0.00011688128127227476414
-0.000096481151381043009429
0.000077785689744872255173
-0.000060747933276193863716
0.000045367489583334302911
-0.000031696199223822776091
0.000019855458985419432639
-0.000010081723244359760729
2.875207828160705621e-6
0.0023847905675477393252
0.0054879489268593331628
0.00868712980502319594
0.011587975920148585002
0.014811023262231708604
0.017355870333251452734
0.020611616652639093446
0.022617071105230676344
0.025991403254848866639
0.027150462121811809145
0.030989161073071956254
0.030434110834535586141
0.036777212206856076825
0.017660751492652190193
-0.0032781784247812313187
0.0018300046114010517727
-0.0012711356500389463575
0.0009729637507928219057
-0.00078508940650540491279
0.00065388838266563673948
-0.00055560870410601369494
0.00047816033055517429996
-0.0004147620591385272672
0.00036132898576760399454
-0.00031526329499717899557
0.00027484214801236428909
-0.00023888530290203124445
0.00020656420217097427084
-0.00017728724058096533891
0.00015062831366498653194
-0.00012628118016508642753
0.00010403000438497299648
-0.000083730689308992621108
0.000065300144866883779119
-0.000048712490264359505984
0.000034003257823958550582
-0.000021286681267590461527
0.000010803605366589372857
-3.0803246929844435309e-6
0.0023689949060343997548
0.0055438179801675153659
0.0085753265444318214863
0.011770778423699552416
0.014540597812015090589
0.017734129962393301718
0.020099010411938020195
0.023301290610795081993
0.025079247866188938747
0.028383382836653924859
0.02926352447613244443
0.033033483771963975549
0.032123583645609420924
0.038479915969867228551
0.018330438353567154345
-0.0033774563329929039586
0.001872522321908731254
-0.0012922335043017399799
0.00098292007950706484048
-0.00078824172085383057471
0.00065247030662226314853
-0.00055092665433430648218
0.00047105076871538796852
-0.00040579904626948578109
0.00035092949855785279681
-0.00030374542061163364999
0.00026245955436417340415
-0.00022584894542239440388
0.00019305683861669126928
-0.00016347380727553390826
0.00013666398393679211388
-0.00011231833029453791976
0.000090225089770274076002
-0.000070252116982639601978
0.000052338730958612804961
-0.000036497485064334346107
0.000022830853652796086533
-0.000011581368905266087919
3.301149459368080399e-6
0.0023832387671657066456
0.0054935171418929863651
0.0086756915694064742317
0.011607410870773140079
0.014780751850935608953
0.017401093947591601802
0.020545102895264192461
0.022715233027883914336
0.025843438394563076541
0.027383092914799153651
0.030595699246908086218
0.031191760179428365115
0.034868811596625505482
0.03361006178486318252
0.039939286306358285559
0.018884234330709014426
-0.0034553296625891479036
0.0019030999031855962557
-0.0013050115690654450623
0.00098646618785561580777
-0.00078617157761339470824
0.00064664854414353949116
-0.00054244720680447092662
0.00046061753726940826741
-0.00039389864959909521535
0.00033791899173569113366
-0.0002899008871031154794
0.00024800506066345055996
-0.00021097500650066197493
0.00017793307608089895108
-0.00014825841786454413127
0.00012151166394886976693
-0.00009738790506852058847
0.000075688109607926992182
-0.000056304182155413733545
0.000039216787719744732333
-0.000024510552081443512711
0.000012426083322455278443
-3.5407783491996555381e-6
0.0023703141636532923517
0.005539100296552346485
0.0085849568324994910037
0.011754569602767530178
0.014565514955025710079
0.017697553013189028343
0.020151574686807605347
0.023226061293172956079
0.02518804032137519842
0.028221973933375951989
0.029514036493247007528
0.032614376148799981977
0.032922965420468496723
0.036483552332186489181
0.034884138888169682711
0.041146100903310510961
0.019318638136170504182
-0.003511310428978713067
0.0019215525802392166835
-0.0013094015304017612314
0.00098359576235231214298
-0.00077891152922454346718
0.00063648250902858467321
-0.00053024960109143547501
0.00044695526757505961431
-0.00037916801398704928276
0.00032241530574307668144
-0.00027385724584908563472
0.00023161570755231705027
-0.00019441060453722743441
0.00016135167533964120572
-0.00013181433874966759274
0.00010536385772537966829
-0.000081709260228864216069
0.000060677662667820650213
-0.000042205761642706307301
0.000026352151410547733929
-0.000013350617793947095791
3.8028011613774941843e-6
0.0023821048058227680036
0.0054975607809724885156
0.0086674799330841918378
0.011621125033900332598
0.014759893657238047373
0.017431283256809821563
0.020502507149013354012
0.022774761555897184226
0.02575999546455784538
0.02750182166746525092
0.03042185335011300076
0.03145860164400321529
0.034426659073882860472
0.034446185597591945088
0.037867505164351606675
0.035937753898204941624
0.04209273292907694931
0.019630903321842794181
-0.0035450477817803534387
0.0019277697411362447267
-0.0013053844994510483672
0.00097433846904406716013
-0.00076652152611017036975
0.00062205301697100489683
-0.00051443007532798632931
0.00043017229686945654923
-0.00036172557116210167286
0.00030454592811936249962
-0.0002557508452569290483
0.00021343738396252322081
-0.00017631289482115972173
0.00014348417776078419665
-0.00011433263158707585461
0.000088439401364952412665
-0.000065542447098504429467
0.000045517852979357115485
-0.000028387026289090459366
0.000014370201620192247207
-4.0914536910231253597e-6
0.0023712985837644941152
0.0055355982001848599646
0.0085920379608663015048
0.011742819651440820858
0.014583228616008711846
0.017672209847992812514
0.020186805650110723081
0.023177749201527749254
0.025254136579929336329
0.028130849455352486522
0.029641962610086345364
0.032429165039655587958
0.03320449099028199589
0.036021095799321129439
0.035751784152511173811
0.03901192570193303581
0.03676424157141276802
0.042773199493688058104
0.019819055642092117753
-0.0035563304716517329857
0.0019217161181324435461
-0.0012929918240973558002
0.00095876064673832448329
-0.00074908959154762992403
0.00060346299788731699732
-0.00049510266420216868435
0.00041039161210169481939
-0.00034170221805668001869
0.00028444954355458198255
-0.00023572896778104476466
0.00019362789207661265944
-0.00015685361130273136717
0.00012452183054928809637
-0.000096033019038606351364
0.000071001098694003297415
-0.000049218201636353729184
0.000030653108026439566528
-0.000015503142991174752408
4.4118120065260012243e-6
0.0023812423924140600157
0.0055006226942937914101
0.008661311504013702206
0.011631304931602024274
0.014744660116587672326
0.017452869295265541475
0.020472864097859417591
0.022814789552162022559
0.025706284967792053474
0.02757406761290150456
0.030323610283810719432
0.03159494266714721035
0.034231215010783773565
0.034740665287934696466
0.037387608671859039731
0.036831503207170025109
0.039909581600239585055
0.037358374331895125305
0.043183199624723279577
0.019881905534860713104
-0.0035450883405390440715
0.0019034323117904630572
-0.0012723053278985766906
0.00093696545424800374337
-0.00072673196472473104073
0.00058083769736968391917
-0.00047239952766814088304
0.00038775140219398414352
-0.00031924223951264464438
0.00026227755755664539407
-0.00021395232172735086689
0.00017236100229629338284
-0.00013622567389249562133
0.00010468645380012390519
-0.00007718212463598302979
0.000053387484487058023078
-0.000033196957151242685605
0.000016771775288505711219
-4.7700465965093303579e-6
0.0023720605338110246842
0.0055328976125734718737
0.0085974614388360199539
0.011733910617725436027
0.014596476893257685999
0.017653588768104271732
0.020212116593417633873
0.023144004165761047309
0.025298704753988089948
0.028072074138239194718
0.029719918500743492805
0.032324396287397874512
0.033348423871013937862
0.035816605649506549069
0.036057413709246991693
0.038517558252965658776
0.037678515625602683881
0.040554798467782944163
0.037716395166051791959
0.043320141541373159194
0.019819055642092117753
-0.0035113928500024697412
0.0018730347009282403441
-0.0012434570405150069574
0.00090909255462313487952
-0.00069959281401674905359
0.00055432449283363679127
-0.00044647097031439346515
0.00036240543421172942378
-0.00029450428489433656804
0.00023819606613536627777
-0.00019059864706943331156
0.00014983277385619888839
-0.00011465409892714713346
0.000084249375942977450067
-0.000058127235351738561101
0.000036076585996158015614
-0.000018203730602562843272
5.1737620530565701459e-6
0.0023805637995085738107
0.0055030242679621048741
0.0086565015731515499798
0.011639174563109725182
0.014733020439050193726
0.017469116347700712968
0.020450971055553997824
0.022843666376697531745
0.025668645540885862329
0.027622907786495626733
0.030260118889555003836
0.031678148141221831994
0.034120541054277734354
0.034891330688434923836
0.03717530678246229502
0.037146415644447023956
0.039403797798451178734
0.038287468174641521202
0.040943495783635283872
0.037836041328585181482
0.043183159065964588944
0.019630903321842794181
-0.0034554566567359409461
0.0018307147632130872287
-0.0012066284572172979842
0.0008753173877124352972
-0.00066784359076722779098
0.0005240924253379792032
-0.00041748530581492597235
0.00033452350299289903386
-0.00026766281849314277325
0.00021238899856113171593
-0.00016586872504643204257
0.0001262724922558438174
-0.000092415665286358077329
0.000063567382188749699633
-0.000039365386221732317438
0.000019833688609808605754
-5.6324600052173182289e-6
0.0023726695446561731912
0.0055307450873762442171
0.0086017623954519117865
0.011726898177731788605
0.014606800329283868646
0.017639265009294529597
0.020231274566241542301
0.023118964893207983535
0.025330980970725061401
0.028030755774995377388
0.029772752336745757737
0.032256551315190280128
0.033436400177372556
0.035700670999291429668
0.036213921439559249076
0.038298718262509464327
0.038000793763312423691
0.04004071817291013183
0.038654515521831923362
0.04107321260012318744
0.037716558703945018822
0.04277311707266430143
0.019318638136170504182
-0.0033776322418924821089
0.0017767378189646259797
-0.0011620493468821087955
0.00083585006264713595864
-0.0006316820794587874838
0.00049033155105106725923
-0.00038562876291780203504
0.00030429232468950418714
-0.00023891073871464013703
0.0001850637371593166226
-0.00013999726412336296257
0.00010196303692597921713
-0.000069877186678447880824
0.000043157714362968516686
-0.000021705826970049363616
6.158182164258333722e-6
0.0023800131241667503409
0.0055049683862598418429
0.0086526250989439030331
0.011645475628369337565
0.01472378217410710303
0.017481867639457738388
0.020434026329035442558
0.022865638890509446175
0.025640591063929246738
0.027658412094377251003
0.030215343050798736762
0.031734689008677743933
0.034048716370218748161
0.034983583993568689251
0.037054775356733403906
0.037307851124148620585
0.039179723479145479291
0.038615158099542048871
0.040424282861797630213
0.038777344881865810401
0.040943122853249680567
0.037358706740499992107
0.042092605934930156268
0.018884234330709014426
-0.0032784095992239768682
0.0017114412004411978648
-0.0011099961135098728009
0.00079093388991282937822
-0.0005913312026100114305
0.00045325225565899630266
-0.00035110574849837393439
0.00027191752657440160619
-0.00020846447129727049196
0.00015646180147406357839
-0.00011327385898391965728
0.000077281545315942218455
-0.000047577022544014711256
0.000023877327689310756238
-6.766421348155960254e-6
0.002373171196358182605
0.0055289758384875632093
0.0086052836932096634339
0.011721189901153416643
0.014615139260993076491
0.017627807866048304983
0.020246413334196647894
0.023099468884752853862
0.025355668662127910493
0.027999818977733683862
0.029811311205681383518
0.032208543014763588897
0.033496355928751459277
0.035625248405916014035
0.036309947208576455894
0.038174267707687514633
0.038166225503625620396
0.039812733298019894845
0.038985640977561972357
0.040552052790575256783
0.038655191204677170665
0.040554040147987328342
0.03676475395043227711
0.041145924994410932811
0.018330438353567154345
-0.0031584129845628481657
0.0016352318375062117571
-0.001050789702622781056
0.00074084356816563035767
-0.00054703766619577490527
0.00041308477987576386014
-0.0003141400563367660513
0.00023762801202890177436
-0.00017657421332763633755
0.00012688017993659870739
-0.000086086007610470118586
0.00005278800243063803409
-0.000026423510585218244597
7.477439783150930548e-6
0.0023795526705105351289
0.0055065908642157077485
0.0086494012281300499819
0.011650689158265123747
0.014716190482216048802
0.017492255604198781601
0.020420369113275914591
0.022883120550073342946
0.025618613826229789035
0.027685716856793163422
0.030181655284879040126
0.031776129867170220223
0.033997700786017663926
0.035046660837292016096
0.036976140002131487686
0.037407139675650424858
0.039052038331479535631
0.038783646313130414063
0.0401937199882902492
0.039109922687055789469
0.040423200690689640418
0.038288842892892766457
0.039908411922379954722
0.03593846405001697708
0.039939055131915540009
0.017660751492652190193
-0.0030183967237404441432
0.0015485832348056083524
-0.00098479302877388146697
0.00068588304864634080883
-0.00049907060878416403212
0.00037007944922763959815
-0.00027497822867217147641
0.00020168541581421264634
-0.00014354527028001930787
0.000096716495940497295207
-0.000059015258160736419611
0.000029445542722963958493
-8.3182217301886398158e-6
0.0023735971379893899798
0.0055274761928266568821
0.0086082590878770400878
0.011716388615312905073
0.014622110502368354993
0.017618303682341859244
0.020258852734222049714
0.023083631705839358952
0.025375451364792427843
0.027975425785142921443
0.029841140532168892729
0.032172229978399784989
0.033540511425166247787
0.03557144623179712452
0.036375854936510668539
0.038092802095893757654
0.038268268975605226771
0.039682496742843429185
0.039156247564803479592
0.040320240710359041472
0.038987247928345281444
0.040038514758401337452
0.037680638151880201291
0.039010302915003170952
0.034885072908201279271
0.03847962057215377314
0.016879407741557816341
-0.0028592400645191556996
0.0014520317908589144841
-0.00091240788299994392444
0.00062638313620861465126
-0.00044772061013637363163
0.00032450867594343867984
-0.00023389773670763013511
0.00016440487443135413832
-0.0001097849122871753023
0.000066572995009970751983
-0.000033082355509719155577
9.3254421229647504155e-6
0.0023791554182774040746
0.0055079884689554559045
0.0086466319983162988191
0.0116551490234813852
0.014709731814578736035
0.017501032045003049735
0.020408928380841306988
0.022897616087818021038
0.025600610249778409393
0.027707767735840469819
0.030154901100859234728
0.031808402192352244005
0.033958877046643115187
0.035093374671041035481
0.036919761100194360283
0.037475598669251870038
0.038968114507672679176
0.038887947477287024844
0.040061603767838607954
0.03928172305470203501
0.040191450098235061559
0.038618433217343589681
0.039400391317228119137
0.036834452228353936802
0.037865367850046136143
0.033611256586655533558
0.036776840092010692697
0.015991347034670597247
-0.002681941034987408453
0.001346172368484084084
-0.00083407126260422908399
0.0005626989972628519827
-0.00039329989582115289168
0.00027667321319123685314
-0.00019122633336019776185
0.0001262027246941217141
-0.000075914106168506752598
0.000037529688345762233255
-0.000010550115673978112715
0.002373970889284596647
0.0055261621499995850176
0.0086108595846625745772
0.011712207928977131212
0.014628150591557120377
0.017610120442206106366
0.020269481441817144256
0.023070223514919036285
0.02539201909623272698
0.02795525515613619553
0.02986544280119449569
0.032143152462872776785
0.033575163307685654013
0.035530207657510498105
0.036424989953994022075
0.038034036758356400002
0.038339019696215144905
0.039596465924648011564
0.039262331242908058687
0.040186892405036133366
0.039159345428823801518
0.039808101347486240537
0.038005865686554455837
0.038512816083144148658
0.035755676015298540696
0.036480813184885600922
0.032125090912384691464
0.0348414678154629725
0.015002184022149037394
-0.0024876092255120283536
0.0012316529565679426914
-0.00075025106755398934725
0.00049520806609732445589
-0.00033614583086653386962
0.0002269188706044204928
-0.0001473891610835676985
0.000087715200701284599734
-0.00004307172572708617566
0.000012065130374786605819
0.0023788004118581816749
0.005509235846183866966
0.0086441661630009466625
0.011659106819192614075
0.014704026010486486168
0.017508741506424127474
0.020398948023121118629
0.022910156857781869149
0.025585186091224380868
0.027726444710925991477
0.030132539287777721968
0.031834964447136258266
0.033927486936917131377
0.035130370909659780982
0.036876174119803787585
0.037527048325284133471
0.038907121188826287717
0.038960763627860219389
0.03997378218496496271
0.039389151423038406423
0.040057476453958737158
0.038789977565124862547
0.039172534940825574363
0.0371534941197263516
0.037381333373113771405
0.03445118685716403296
0.034865347579154744485
0.03043600326772263241
0.032685723742957336803
0.013918172585229074977
-0.0022774573221052377413
0.0011091681456492481325
-0.00066144119562276495023
0.0004243097828495719601
-0.00027663332134825011589
0.00017568073907815821227
-0.00010303244436147769027
0.00005013613706249829639
-0.000013977950379798274886
0.0023743116674673030883
0.0055249654321627886639
0.0086132228926075744679
0.011708420273316436784
0.014633600454877625749
0.017602774887475340048
0.020278962239460680155
0.023058352983299414801
0.025406557673160381834
0.027937736462719119863
0.02988629941908525939
0.032118539208435259984
0.03360403272303306414
0.035496474854066552171
0.03646433833871685607
0.037988122683929493991
0.038392724730367262309
0.03953335349980765708
0.039337038642444657469
0.040097541208003140564
0.039267739443050031577
0.039674045334090562524
0.038176077731594827589
0.038288653559485865668
0.036066813762998166293
0.036013002042797213581
0.032929313020136190608
0.033029120318137936051
0.028554717707281260852
0.030323214026647159959
0.012746166323032351304
-0.0020527910393769209069
0.00097945094796980669944
-0.00056815649365322066843
0.0003504315188076684998
-0.00021521265574187911307
0.00012360790395267331158
-0.000059395328419118236038
0.000016453068305305702951
0.0023784693787121444583
0.0055103977544533807221
0.0086418736985826250152
0.011662776024963752322
0.014698755937473538047
0.017515828888500952466
0.020389825289046030466
0.022921542108842565963
0.025571294847009308372
0.027743109468557748245
0.030112800434571407254
0.031858122150414826915
0.033900507224306211494
0.035161652981201440812
0.036840006714967342386
0.037568821930041853197
0.038858832528774848261
0.039016737206726620695
0.039908583297904004459
0.039465656223827820554
0.039966771870682542507
0.03889904851170233219
0.039038842364418319756
0.037321701300818663
0.037161880511274825479
0.0347528477994549699
0.034416335754267741829
0.031199794516830435843
0.030983645971903221296
0.026493195340677212455
0.027768840641463374644
0.011493575277229157971
-0.0018149967256021772262
0.0008432622261064387205
-0.00047092975833092251935
0.0002740549873465669267
-0.00015252799286046459024
0.000071966034944471685079
-0.000019754006133579796198
0.0023746376557938917056
0.005523821753669079681
0.0086154775226000477481
0.011704815980449287359
0.014638769002668409654
0.017595838044558800627
0.020287869303469182762
0.023047269363162327994
0.025420034538061948509
0.027921633184796105347
0.029905285650877951495
0.032096381864088756014
0.033629691254588792569
0.035466929861208499418
0.03649822785519524139
0.03794933395310983518
0.038437097049246917952
0.039482536617875683294
0.039395405972041491477
0.040030170329623636344
0.039346072450611291123
0.039582031927493203751
0.038285676436048022437
0.038155621330756496361
0.036232504472277330929
0.035799096387048267987
0.033220131149674659184
0.032601222558824858233
0.029273745570518020808
0.028741711389174856644
0.02426457371877197357
0.025038699198707053229
0.010168319211983460985
-0.0015655250893695212883
0.00070137689946035221364
-0.00037032016533453312543
0.00019581621207470680761
-0.000089838983966444821987
0.000024327568113135410372
0.0023781431684986549048
0.0055115417438156225066
0.0086396201243458014439
0.011666374739807822552
0.014693602780845403436
0.017522732610600821111
0.020380980199816033542
0.022932519850750199357
0.025557987645814266927
0.027758953412355564644
0.030094196629874703909
0.031879730971257520962
0.033875618658897135299
0.035190135083369671421
0.036807565929479667531
0.037605654199278497466
0.038817086224625467713
0.039064040466792836949
0.039854916376533780256
0.039526720415990267211
0.039896955510420223596
0.038979438969835026806
0.038945355201356746658
0.037431900022244170775
0.037029570707425789524
0.034915761313821824177
0.034208542691633905139
0.031478708499758262427
0.030578812652079689136
0.027163630030411884128
0.026317255803833995438
0.021883113294065284477
0.022149961311342672232
0.0087787778745328326903
-0.0013058676049718318236
0.00055456805744831177939
-0.00026697560708179608957
0.00011691814845083744987
-0.000030988462861123735838
0.0023749704793604017156
0.0055226549913908194154
0.0086177744616539625254
0.011701151501900330437
0.014644009714026076959
0.017588828162611173861
0.020296833057639325275
0.023036169945736039748
0.025433452895585765467
0.027905707010291088751
0.029923918372151874661
0.032074829273708473945
0.033654397210893486247
0.035438810021404131708
0.036530057778090443829
0.037913450828114333243
0.038477438322194233022
0.039437250226171104747
0.039446234435766495579
0.039973053273709662433
0.039410431642116031903
0.039509184276248700386
0.038368683810198731249
0.03806014663056443354
0.036343743888814278154
0.035667181683135333716
0.033380419563687744164
0.032399666456906185728
0.029540173905841043344
0.02836134753439048663
0.0248832765525759217
0.02372520063104732754
0.019364170736537978451
0.01912073131938339279
0.007333738995975844648
-0.0010375177065457352081
0.00040360728557637415681
-0.00016197854489220262589
0.000041373619408021019001
0.0023777951940742373941
0.0055127612434452619868
0.0086372207053937021398
0.011670199590061240024
0.014688138636691615491
0.01753003139403354539
0.020371662508266429264
0.02294403470985853342
0.025544099385648294191
0.027775392816622834204
0.030075023355214420995
0.031901829528461934704
0.033850390520182055391
0.035218714984562036336
0.036775388048333299514
0.037641708113065450788
0.038776836272279767928
0.039108861826751384318
0.039805074733815388746
0.039582129792111758563
0.039835296947397898255
0.039048213492966153411
0.03886833619849803714
0.03751867127536513539
0.036930972692448502692
0.035029139962090641232
0.034076000434567976474
0.031637258948682677888
0.030382839165095610463
0.027417822412764745835
0.025961859135462124721
0.022448005574855656077
0.020981162647226940902
0.016724255287352805488
0.015969845875086195964
0.0058423462080445411487
-0.00076189996575734512404
0.00024944136714990334803
-0.000059254855845253534685
0.0023753464651420186144
0.0055213376599259279031
0.0086203651722606848227
0.011697024503354707202
0.014649900226681328367
0.01758096872266398526
0.020306852705223419729
0.023023807890238366778
0.025448334272856530349
0.02788813149352419065
0.029944363713847447539
0.03205133455638797135
0.033681127968354358137
0.035408645729163041048
0.036563868362340352298
0.037875760470437727848
0.038519269568919326926
0.039390980396687833463
0.039497288941068731974
0.039916803652872941297
0.039472373135634832651
0.039440936878211008216
0.038444013129615212595
0.037976730996740249417
0.036436580374695228359
0.035563097786344773806
0.03349833847594409049
0.032264092469877930248
0.029699337420211395079
0.028168752287844538656
0.025127124953453549459
0.023393517891911877756
0.019875095698625816364
0.01810083076929402251
0.013981360422877974335
0.012716501475107744116
0.0043140572734312297602
-0.00048026768893172467919
0.00009536844389488623126
0.002377368308948548201
0.0055142566126738507868
0.0086342809172665506456
0.011674880208061560434
0.014681462597960569436
0.017538931095798819625
0.020360328836758978309
0.022958000102203769473
0.025527313196688158445
0.027795183303514155365
0.030052047925007239849
0.031928170282411914288
0.033820501671521143872
0.035252339980681126296
0.036737830265535207804
0.037683407834040962308
0.038730768139010135178
0.039159548217076211089
0.039749489093134939102
0.039642937039859564058
0.039768890677136779473
0.039120670016329609613
0.038789278098200111638
0.037605020115637249255
0.036836450353186787154
0.035132997191323726588
0.033961233697284755423
0.031765145632756216416
0.030238598153844038482
0.027583398453583153905
0.025766760272733392044
0.022687318072079868253
0.020667777142319330728
0.017185496632970142823
0.015098082828251277933
0.011156427549934600914
0.0093791582969703870912
0.0027586972347911485607
-0.00019467762014298903721
0.0023758783884917019373
0.005519474604044040549
0.0086240268799255031304
0.011691196626003305527
0.014658208541269525047
0.017569899912220738291
0.020320938082367375115
0.023006467461676287457
0.025469155127781100091
0.027863614517816926813
0.029972785677015889303
0.032018803004419016658
0.03371797191482529972
0.035367285844099451705
0.036609951210974124213
0.03782474105034531053
0.038575449388750501076
0.039329401734363271487
0.039564524947028935167
0.039843624845796364256
0.039551816084335656947
0.039354860769075403578
0.0385371550207579196
0.03787600510007574941
0.036545525271020369094
0.035445136695661824071
0.033626343552406361746
0.032124678099826903437
0.029852038641894277708
0.028000073165118969555
0.025315841179195566243
0.023178227178533264713
0.020128455502199716651
0.017786500834506942289
0.014412121916303450671
0.011976038017450707235
0.0082818661002818499091
0.0059693724724480767334
0.0011882361729087753427
0.0023764723458175506854
0.0055173944695822971213
0.0086281145468624595204
0.011684692416089082297
0.014667477991951689296
0.017557555749065665381
0.02033663842396692197
0.022987150554458315942
0.025492332646064702607
0.027836345170458149954
0.030004368044298074787
0.031982694069341194493
0.033758815483115632682
0.035321502985304380385
0.036660876707134308691
0.037768468661418028852
0.038637276272341008364
0.039261806643685588363
0.039638111284184235505
0.039763811069721426209
0.039638111284184235505
0.039261806643685588363
0.038637276272341008364
0.037768468661418028852
0.036660876707134308691
0.035321502985304380385
0.033758815483115632682
0.031982694069341194493
0.030004368044298074787
0.027836345170458149954
0.025492332646064702607
0.022987150554458315942
0.02033663842396692197
0.017557555749065665381
0.014667477991951689296
0.011684692416089082297
0.0086281145468624595204
0.0055173944695822971213
0.0023764723458175506854
0.00092630846678354699726
0.0048742315726570081801
0.011950645333264473078
0.022112393837673861445
0.035295425756630885151
0.051416440353503556076
0.070373531000046923043
0.092046851284928447823
0.11629937853446825008
0.14297778205273266043
0.17191339328399454463
0.20292327252136100565
0.23581136566978126305
0.27036974384543197567
0.30637991801421927207
0.34361422037590703873
0.38183724376908211633
0.42080733000108110004
0.46027809769562226121
0.5
0.53972190230437773879
0.57919266999891889996
0.61816275623091788367
0.65638577962409296127
0.69362008198578072793
0.72963025615456802433
0.76418863433021873695
0.79707672747863899435
0.82808660671600545537
0.85702221794726733957
0.88370062146553174992
0.90795314871507155218
0.92962646899995307696
0.94858355964649644392
0.96470457424336911485
0.97788760616232613856
0.98804935466673552692
0.99512576842734299182
0.999073691533216453