0.001250720187409836419
-0.00047567934779994502618
0.00036431388582007342093
-0.00030643454543967910015
0.0002684516816537080934
-0.00024054131819099856806
0.00021856854215507462947
-0.00020043687444484887376
0.00018495309827109893789
-0.00017138208843547240129
0.00015924408654525702733
-0.00014821208484493083348
0.00013805559381754662264
-0.00012860785640877956357
0.00011974575442860694963
-0.00011137697740165277325
0.00010343154259067974014
-0.00009585602537237245622
0.000088609535442651681412
-0.000081660851177537046588
0.000074986342932110212008
-0.000068568447194317762673
0.00006239453476495437229
-0.000056456068039049613109
0.000050747976702548191674
-0.000045268204652289385461
0.000040017398015299232317
-0.000034998717729999128299
0.000030217772631103373761
-0.000025682682863237324141
0.000021404302352654305111
-0.00001739665961529881486
0.000013677732609787124901
-0.000010270790384582119953
7.2068086935909400532e-6
-4.5292183343533199183e-6
2.3048299276671685799e-6
-6.5811627871423797026e-7
0.0027063552050194212757
0.0029033611791171685444
-0.00079022950370719313025
0.00055562429166430148572
-0.00045268827296381447456
0.00039090473246636480472
-0.00034765892957571688018
0.00031452118780727293923
-0.00028758566397962140553
0.00026477283584101999369
-0.0002448638223674583381
0.00022709255485484272158
-0.000210951726534927213
0.00019609171645989008959
-0.00018226406374349428702
0.00016928799375999758016
-0.00015702964151323600574
0.00014538864120825850738
-0.00013428918093937608518
0.00012367386806444177099
-0.00011349942341787182021
0.00010373360154851174947
-0.000094352956179463404547
0.000085341204810396592323
-0.000076688031022403421331
0.000068388218298773445653
-0.000060441047112181285958
0.000052849915191490173607
-0.000045622164627617199474
0.000038769123640244883335
-0.000032306401489684325493
0.000026254522558957220279
-0.000020640071771686903322
0.000015497700804214255793
-0.000010873759105635348406
6.8334480781758926038e-6
-3.4772971152219912829e-6
9.9288278007362106905e-7
0.0024010569790418141868
0.0063121748064546275518
0.0045391444274033092247
-0.0010852483780325561517
0.00072130591497613845475
-0.00057079440130552501669
0.00048457028570928406336
-0.00042627709469250271307
0.00038272066365729874784
-0.00034795091561257930424
0.00031888157142009284254
-0.000293747045112511089
0.00027146185594057303337
-0.00025132120223697275281
0.00023284776497902757752
-0.0002157075297119371652
0.00019966077845153514921
-0.00018453216080146477019
0.00017019167018537363968
-0.00015654213608563694388
0.00014351076228362517869
-0.0001310432642687218351
0.00011909972888243295408
-0.00010765164932955198589
0.000096679786929036742443
-0.000086172634510981925647
0.000076125336757442139189
-0.000066538978445476404803
0.000057420194229135632196
-0.000048781092259044246867
0.000040639527940701455687
-0.000033019827555275172667
0.000025954172254419311993
-0.00001948507756053155057
0.000013669925887893690584
-8.5899364706238532127e-6
4.3708606736354680117e-6
-1.2479851422579833931e-6
0.0025638110713661490399
0.0055442007830227978003
0.0098799408136892737292
0.0061449349345580939738
-0.0013691632799038579283
0.00087551329489257162908
-0.00067668402774548213809
0.00056556347498844839881
-0.00049204584521409433438
0.00043809796559880818971
-0.0003956620103381826913
0.00036059962787064641929
-0.00033056761847472362706
0.00030414022376492305482
-0.00028040103795374841037
0.00025873544347300206393
-0.00023871728718186905621
0.00022004335176806604634
-0.00020249362173163656777
0.0001859062117738659189
-0.00017016100600924333582
0.00015516867443348090517
-0.00014086312389928536384
0.00012719621265912663003
-0.0001141340029492418508
0.00010165409288337270451
-0.000089743735154419168046
0.000078398558947372712367
-0.000067621788636394145086
0.000057423915432354553299
-0.00004782284098812247022
0.000038844593874231163158
-0.00003052485503320370967
0.000022911795797759830529
-0.000016071348583080561481
0.000010097709508377588424
-5.1376378097718371247e-6
1.4668505388370086956e-6
0.0024578912989069058902
0.0059771943224011321987
0.0086536241661394435186
0.013381122207327179726
0.0077098751362937636647
-0.001642365830887097543
0.0010209952891659236414
-0.00077422022020345331413
0.00063827351630707168528
-0.0005495646779044223464
0.00048528643702650235902
-0.00043528595022155652489
0.0003943706689617321784
-0.00035961393689998222536
0.00032924365300903173088
-0.00030212653721319188145
0.00027750638079561423883
-0.00025486149169532273861
0.00023382249332716269492
-0.00021412263612026841028
0.00019556655266541099628
-0.00017800994595003353175
0.00016134601130706254528
-0.00014549614994359810606
0.00013040350614442977656
-0.00011602842222010514961
0.00010234524224690620347
-0.000089340106749499504845
0.000077009521116660898166
-0.000065359584564389461217
0.000054405858773544067259
-0.000044173961966935181117
0.000034701136800167510384
-0.000026039350444562140898
0.000018261189957324782625
-0.000011471726800095103115
5.8360767308299719818e-6
-1.6661599114855285892e-6
0.0025340580597782684329
0.0056836741536507772643
0.0093591922532854248594
0.011706581493418905263
0.016792592195971320579
0.0092235203985061845412
-0.0019038171843465582427
0.0011581510461260126274
-0.00086450453389934785555
0.00070419779304935001383
-0.00060055727283999495347
0.00052613272156915010325
-0.00046872649010592454065
0.00042211252584224007752
-0.00038278933961034019118
0.00034864184686719423329
-0.00031832088932235841261
0.000290928612026231766
-0.00026584729279457971817
0.00024264076214617537488
-0.00022099490113884932689
0.000200680290386560768
-0.00018152797972016275489
0.00016341333321513819426
-0.00014624501889636893115
0.00012995738493225671954
-0.00011450514122959458972
0.000099859672930203642548
-0.000086006570586005465718
0.000072944139211936062423
-0.000060682789464861203076
0.000049245357262728550192
-0.00003866859504290013256
0.000029006433580400633249
-0.000020336405186053882374
0.000012772751754914873639
-6.4970402326874294927e-6
1.8547165891046533763e-6
0.0024758340171095127463
0.0059012708155427655401
0.008872258707240671301
0.01267936605322589713
0.014682404701921905691
0.020091874317504762876
0.010675789626168608559
-0.0021521150281558031448
0.0012866807461056536191
-0.00094774969405777356745
0.00076384889048094103201
-0.00064572496458401475714
0.00056145909500864094414
-0.00049688222215668981496
0.00044476947553073992831
-0.00040106219655507792545
0.0003633117685434655427
-0.00032995837948778306434
0.00029996547530133913913
-0.00027262098584457197138
0.00024742291781864035152
-0.00022401035275879736446
0.00020212017644694528875
-0.00018155904721257304527
0.00016218474410009757258
-0.00014389349483524271154
0.00012661124803647144398
-0.00011028764408514187772
0.000094891918129725080998
-0.000080410278606146653649
0.000066844529232892039886
-0.000054211902877490166292
0.000042546319583810782819
-0.000031901689988873242152
0.000022358767854640612886
-0.000014039407996009378385
7.1401146185089177623e-6
-2.0381024857418846386e-6
0.0025222324560684099261
0.0057309848252332469908
0.0092387708003170622073
0.012001626832089286524
0.015914826458149058068
0.017561064509652061659
0.023257152597435838042
0.012057015465189670844
-0.0023857770451340174
0.0014060446593341797449
-0.0010238310649262679216
0.00081734378435522679345
-0.00068534151165955227845
0.00059164591145228996291
-0.00052020722141396495165
0.00046284646923310322599
-0.00041497185992165050481
0.00037381498966090873466
-0.00033761363335497387685
0.00030519767017350661824
-0.00027576398861549182686
0.00024874697722498173204
-0.00022374045290905385915
0.00020044873894622338298
-0.00017865500930791773346
0.00015820026718287305044
-0.00013896911363198405492
0.00012088001176383161291
-0.00010387865296567540993
0.00008793358552960231165
-0.000073033637805371630685
0.000059186963292114106605
-0.000046421848597885880673
0.000034789901285098724329
-0.000024373216332530232613
0.00001529969728552837923
-7.7794668334737012466e-6
2.220349897300845788e-6
0.0024841230752588582347
0.0058692290764059709167
0.0089482376704712726535
0.012516220264159035402
0.015051356255532664473
0.019043969396485345543
0.020323257060174731888
0.026267447610336291291
0.013358004977583079993
-0.0026033433685872023167
0.0015156276354298036011
-0.0010924904349465442565
0.00086462867198431756838
-0.00071948654820724001282
0.00061686569585894304915
-0.00053894082981072235663
0.00047663163911350489585
-0.00042484219443733399247
0.0003805013491908185156
-0.00034165501425741572107
0.00030700631584917370598
-0.00027566567440707607185
0.00024700705101658921266
-0.00022058132497383519497
0.00019606205177440280026
-0.00017321040942224003249
0.0001518519758785122461
-0.0001318610809743720941
0.00011315020387673645018
-0.000095662900346883501029
0.0000793693820611094855
-0.000064264328365009322447
0.000050366934067013647953
-0.000037723764648772521317
0.000026416087178553418925
-0.00001657615964823144196
8.4264655324186569696e-6
-2.4046891716091815395e-6
0.002516152081733419825
0.0057539614860291447316
0.0091866888989195005558
0.012105102191957569769
0.015710556451541358625
0.01800125231211257963
0.022046013504683806433
0.022950504087704105458
0.029102779722355545882
0.014570099786749301506
-0.0028034235606171538179
0.0016148097869631767084
-0.0011534242947459166452
0.00090557824001073725517
-0.00074815071878069271755
0.00063719049457582261789
-0.00055321471950238005458
0.00048630140303749805972
-0.00043088363548750388437
0.00038360727991514982398
-0.00034233880934994979187
0.00030566277735110701205
-0.00027260874824555024801
0.000242494269815420958
-0.00021483029427193755437
0.00018926200265020608617
-0.00016553062431879990245
0.00014344822501167521674
-0.0001228808329764970572
0.00010373717467429947462
-0.00008596142398758779915
0.000069529115792183474369
-0.000054445979767896352021
0.000040750152765268045806
-0.000028519467773788672838
0.000017888590913607399217
-9.0910579629371597654e-6
2.5939409339291530864e-6
0.0024887424576546237419
0.0058520470340142522434
0.0089860078236101895323
0.012444876636032374248
0.015181213952993636307
0.018800191568416448459
0.020831683253341490968
0.024901035287257809963
0.02542525698713509393
0.031744315184430050808
0.015685233348033263513
-0.0029847228602860932932
0.0017030015988474820983
-0.0012063270481347804797
0.00094004458535613255197
-0.00077128811814732243742
0.00065264611257214804792
-0.00056310765001027762869
0.00049197482250265370795
-0.00043324650193960565327
0.00038330763343791965085
-0.00033985927381668632874
0.00030137674646513570275
-0.0002668152649123409799
0.00023544070378375958022
-0.00020672772643420191835
0.00018029611561392900806
-0.00015586978600008060387
0.00013324984756533712844
-0.00011229676581292341101
0.000092918743312899057449
-0.000075064722372547035647
0.000058721327877176817911
-0.000043913982815446231299
0.000030713858889139744802
-0.000019255692696070983441
9.7826018065486458801e-6
-2.7907524119720634563e-6
0.0025125431550475506444
0.0057672319221933821515
0.0091581499892791085732
0.012157151654662700912
0.015620756707747994291
0.018156384328612414929
0.021764470380764971805
0.023523785614122268657
0.027590081961673834795
0.02773100206615654206
0.034174498680968010119
0.016695984494785102984
-0.0031460593165135778032
0.0017796636109460632036
-0.0012509143625848801718
0.00096788351195868256977
-0.00078884460833618364614
0.00066324163025961052535
-0.00056867552713778086631
0.00049374370052006750645
-0.00043205075985983155874
0.00037974484122936645333
-0.00033437700389223813569
0.00029432370812272087204
-0.00025847312542307035239
0.00022604487478183885612
-0.00019648158820932563172
0.00016938124529474532055
-0.00014445375861729727141
0.00012149265293547463782
-0.00010035663082748321625
0.000080958091975121956039
-0.000063257156605223057627
0.000047261006906411868575
-0.00003303006261657514374
0.000020696227780678191449
-0.000010510442787336671875
2.9977607825990785727e-6
0.0024916272024637443728
0.0058415303853429533595
0.0090082598307211879677
0.012405314265268102425
0.015246948891004371181
0.018692744368708266431
0.021010925335231711545
0.024583646097520887127
0.026059613098307992299
0.03009529525117517216
0.029852363486437656437
0.036377174249067889721
0.017595626766724738685
-0.0032863762463172146344
0.0018443186039154123246
-0.0012869368480950677885
0.00098896968053571624184
-0.0008007740902993227994
0.00066898641603268991595
-0.00056996882111387976309
0.00049169013357189912992
-0.00042740349886540509478
0.0003730461619155929267
-0.00032603585093569352219
0.00028466146156766423447
-0.00024775218809969504694
0.00021448748456180877727
-0.00018428287162585775331
0.00015671884275633612997
-0.00013149548702675554959
0.00010840324663104270258
-0.000087304459215985933974
0.000068122869776142127169
-0.000050840169517002001474
0.000035500740887567965824
-0.000022229957416174190428
0.000011284377689411996952
-3.217723253455727485e-6
0.0025101927377988707354
0.0057757440301607302992
0.0091403615769182288055
0.012188177395596029585
0.015570612849009890492
0.018235193653033377673
0.021640215670687040617
0.023725881148159178275
0.027238962090604659278
0.028422262854940504176
0.032400031555072390009
0.031775201326215412163
0.03833769520560384546
0.018378173146185864286
-0.0034047518919923309529
0.0018965597325137705648
-0.0013141885895255746863
0.00100320581135314508
-0.00080704829971773590877
0.00066990035601285365622
-0.00056704306784784872927
0.00048589714437388118958
-0.0004194095869419173299
0.00036333428144365303605
-0.00031497342397105559996
0.00027254051818825555147
-0.00023481459555613352954
0.00020094175569566152772
-0.00017031610268665119087
0.00014250588688469076371
-0.0001172067644060808738
0.000094212313422782756633
-0.000073396517936850841603
0.000054705913461106222593
-0.000038161900879103832261
0.000023878516792217311737
-0.000012115080775565974031
3.4536359205677482049e-6
0.0024935737312234549409
0.0058345176543429400774
0.0090227732257172583341
0.012380373519421189739
0.015286418409833373521
0.018632490327223379552
0.021102174817584746432
0.02444347779985011347
0.026283195844756780108
0.029712759322839003083
0.030595989514440933669
0.034488974482351766453
0.033486703008560935503
0.04004302309163205881
0.019038415887111599016
-0.0035004071269779191963
0.0019360562224489497056
-0.0013325126984958254582
0.001010528472421549917
-0.00080766288143390144632
0.00066602016996407149316
-0.00055996535942692778989
0.00047645528506887470406
-0.00040817834132943877066
0.00035073403028436215783
-0.00030132786150131325707
0.00025811097395930097738
-0.00021982184420083670516
0.00018558086606971502802
-0.00015476741628262601443
0.00012694404617395127832
-0.0001018092158644985763
0.000079168677753177617289
-0.000058920718799719580274
0.000041054489793012370804
-0.00002566633626728414521
0.000013014546089064558943
-3.7088560527782057835e-6
0.0025085577726561874814
0.0057816096888885802702
0.009128315912555649528
0.012208635676383108079
0.015538765319556518781
0.018282739163705611928
0.021570344025138100701
0.023828901249677796686
0.027083840967434515978
0.028665851141520706555
0.031988587384636913536
0.032566309875874043944
0.036348238276114810584
0.034975466857082978579
0.041481815367707556361
0.019571961164552737019
-0.0035727116160785872561
0.0019625574372812810954
-0.0013418049868855352824
0.0010109117616350866725
-0.0008026411856298707068
0.00065740333588674625876
-0.00054881838512705432334
0.0004634667825308267482
-0.00039382777960692909358
0.00033537676560048188357
-0.00028524240496187824478
0.00024152738472311079469
-0.00020294014643111792136
0.00016858409789579806313
-0.00013783197699159397447
0.00011024917047453060473
-0.000085547227984539088829
0.000063558147824728793922
-0.000044226264489396382948
0.000027621701582008767777
-0.000013996589703158526617
3.987239886614430192e-6
0.0024949641672873462277
0.0058295462816121812818
0.0090329182720699951219
0.012363305825470638566
0.015312640791840867106
0.018594024589173691535
0.021157407044432985575
0.024364506896938842627
0.02639727326056815811
0.029543718443753068153
0.030857987387410771074
0.034051311519443815339
0.034320098772320125903
0.037965461342057231676
0.036231576860862034116
0.042644501491275477687
0.019975258310881955397
-0.0036211886304149669059
0.0019758957384541840231
-0.0013420163515076450684
0.0010043695931386135342
-0.00079203657952001595273
0.00064413047176533468784
-0.00053370290532553702313
0.00044704812881822416235
-0.00037648736891332261826
0.00031740335381225903203
-0.00026686873993533304303
0.00022295266963703806002
-0.00018434522315400959473
0.00015014304719588720582
-0.00011972247682193550377
0.000092663570260326844986
-0.000068706718828536841957
0.000047734121553558463565
-0.000029778053104327790337
0.000015077457673820688058
-4.2933082411534571013e-6
0.0025073621023652686098
0.0057858726304912325419
0.0091196616547972643417
0.012223082492415877925
0.015516805830475715604
0.018314499263029264368
0.021525570745105104344
0.023891410316880886227
0.026996319631183655288
0.028790224677009796401
0.031806732584123470052
0.032845012655699886107
0.035887212443150834065
0.035845675887257478533
0.039329889305431591254
0.037246667939558899098
0.043523346991244614844
0.020245623442649275156
-0.0036455186181923066638
0.0019759883696023170795
-0.0013331541987195825798
0.00099095698975985203986
-0.0007759337300092909312
0.00062630666923643460949
-0.00051473918359554833518
0.00042733166996412589605
-0.00035629985947402039071
0.00029696638839438088842
-0.0002463698204817056403
0.00020256189723570514974
-0.00016422762602979091633
0.00013046943339666103201
-0.00010068106741163919173
0.000074475044256203563479
-0.000051647128244173333271
0.000032175649158812769539
-0.000016276595321310091512
4.6324546710503521968e-6
0.0024960027448916185558
0.0058258521885775507104
0.0090403851789352250059
0.012350921555509303824
0.015331299290427964696
0.018567349759774969091
0.021194456055316729358
0.024313754271029482337
0.026466626963889350023
0.029448228536919812382
0.030991847272783819903
0.033857818452855977621
0.034613701564812424335
0.037484077322729833471
0.037132883075594137666
0.040432447108576862274
0.038013981149436808774
0.044112505183446532175
0.020381257320096446675
-0.0036455415831524729891
0.0019628384956691024101
-0.0013152830984749920258
0.00097077061678635841142
-0.00075444912901226041287
0.00060406208214427849969
-0.00049206771140174529983
0.00040446656645429453911
-0.00033342263303065461082
0.00027423216632352273743
-0.00022392285762305368655
0.00018054690990989423806
-0.00014280003666336949733
0.00010980686735933646137
-0.00008099886883394308182
0.000056050593804836866482
-0.000034863764953612141623
0.000017617652423018406369
-5.0112156225076589554e-6
0.0025064515904421804969
0.0057891047058113186825
0.0091131526197602305911
0.012233819275311351081
0.015500749141421470411
0.018337233929653032621
0.021494379289000586615
0.023933484020469447449
0.026939932812789213673
0.028865967407175080274
0.031703889329097181637
0.032987502423115911428
0.035683321244851222669
0.036152284210227450073
0.038831280903235458446
0.038173151712319115626
0.041265799720238902819
0.038528408389629447902
0.044408056223345366339
0.020381257320096446675
-0.0036212582981479818637
0.0019365354723271020193
-0.0012885247794713882361
0.00094394869862906036706
-0.00072773103035810489815
0.00057755196863705303459
-0.00046584946328577165361
0.00037861942328270712324
-0.00030802896342120937114
0.00024938299127680996366
-0.00019972334065014064983
0.00015712319702048775968
-0.00012030896276260000847
0.000088450982159562633125
-0.000061051686393115876531
0.000037903675871393443578
-0.000019129830343213621598
5.4376299280542821839e-6
0.0024968079201486224858
0.0058229989535556471803
0.0090461132056478056799
0.012341516997360361281
0.015345275228331323766
0.018547721864424008274
0.021221109818940556086
0.024278258556409132604
0.026513448057930454837
0.029386569393980308651
0.031073500307672146138
0.033748268849044226358
0.034763921863485351474
0.037271085475967276908
0.037450525104986763424
0.039919856059114764969
0.038959559632004058753
0.041824401084018132891
0.03878652627059057627
0.044408033258385200013
0.020245623442649275156
-0.0035728303694807040506
0.0018972543895465749398
-0.0012530575312083932214
0.00091067040511425003981
-0.00069595890970135669544
0.0005469563338703198602
-0.00043626588805694302514
0.00034997489648880661019
-0.00028030967601749530067
0.00022262061349845545995
-0.00017399149276788722589
0.00013254153398310471479
-0.0000970555578881882749
0.00006678737670031002239
-0.000041372799990645892238
0.000020849727743104546958
-5.9217275455957718626e-6
0.0025057336830608262951
0.0057916449005605164008
0.0091080669079109462398
0.012242135747562629484
0.015488456991416064171
0.018354377226752042237
0.021471301729159152622
0.023963887883183454481
0.026900355178320169582
0.028917246903861564951
0.03163733543600186007
0.033074565635757946935
0.035567740902362799988
0.03630929816355350441
0.038610534679548735056
0.03849979185734013935
0.040742553201283926746
0.039486877292159936777
0.042104530991700538418
0.038786618901738709326
0.044112435515713517218
0.019975258310881955397
-0.0035005791621700036495
0.001845254913361163917
-0.0012091150496855031038
0.00087115476112935146653
-0.00065934252987360937154
0.00051247930865575595292
-0.00040351887025446514172
0.00031873669459800187644
-0.0002504759665595009398
0.00019417220790423154323
-0.00014698379216132245254
0.00010710948074666022302
-0.000073435956354450618183
0.000045370582736623327582
-0.000022823923377844192988
6.4762075323266102928e-6
0.0024974531349330584078
0.0058207189479374956155
0.0090506671532246096817
0.012334096133605584331
0.015356192124762798535
0.018532588024996908171
0.021241330081862686513
0.024251862907370935662
0.026547425857270361924
0.029343139719929720933
0.031128939311343416232
0.033677211394532084212
0.034855876767848995486
0.037150174071978657666
0.037613364991692371285
0.039692740714232528361
0.039293113285877164534
0.041293888070928421018
0.039751602878557806677
0.042104319627078428632
0.038528689448017269216
0.043523228237842498049
0.019571961164552737019
-0.003404983593484358328
0.0017808794352887499936
-0.001156984742665333214
0.000825659113696162024
-0.00061812068857038650918
0.00047434843197789645606
-0.00036783101226835599122
0.0002851296807015450011
-0.00021876477280088358266
0.00016430163330675715447
-0.00011901504696899145117
0.00008123419273307986903
-0.00005002705774903107858
0.00002511266934575681867
-7.1173978365146434633e-6
0.0025051492308724510437
0.0057937078121452725299
0.0091039551910739025946
0.012248815379323175577
0.01547867099138724691
0.018367872119259191465
0.021453388468201715694
0.023987086884205390409
0.026870777371448786001
0.028954618707428887983
0.031590288540267363732
0.03313385801561090499
0.035492581394950790627
0.036405612262087366415
0.038485010115552636804
0.038667467044036599334
0.040510481981190838583
0.039825226715334478818
0.041570177521626794796
0.039751986167771343433
0.04182375958379437577
0.038014460399314961087
0.042644329456083393234
0.019038415887111599016
-0.0032866767992603302373
0.0017045505248885418665
-0.0010970054927815604857
0.00077447718162559335703
-0.00057255974934040007191
0.00043281411040937987874
-0.00032944686947077178244
0.00024940443475247068604
-0.00018544953021101046957
0.00013333186275415380849
-0.000090503650305001791049
0.000055515629089360115328
-0.000027795296108602988523
7.8666435962178970168e-6
0.0024979867388991050897
0.0058188374390099030629
0.0090544103380144011377
0.01232803176999529178
0.015365044359126421107
0.018520437314949219924
0.021257366938914434361
0.024231237694785422561
0.026573504068281469223
0.029310515676185254202
0.031169524940370865499
0.033626783585126339497
0.034918713015261221818
0.037071319716342784173
0.037713497492779544997
0.039563331916047391368
0.039464619477390029603
0.041058289953146399041
0.040092614284180039693
0.041569562939910629258
0.039488041073945405232
0.041264705211289485479
0.037247362596591703473
0.041481583666215528986
0.018378173146185864286
-0.0031464416721543680906
0.0016167676633547938041
-0.0010295648590058629823
0.00071793671855809883565
-0.00052295213543849929104
0.00038814978222016341261
-0.00028863641834982349919
0.00021184714397899140906
-0.00015086257642236316218
0.00010169247352015836267
-0.0000620727221116103561
0.000030978328073606789648
-8.7523629791978974651e-6
0.0025046580980731285654
0.0057954379805449250919
0.0091005188122227926399
0.012254369128228619982
0.015470590442104529331
0.018378917927236226955
0.021438883711553203052
0.024005627683748298985
0.026847505442192915536
0.028983480730742266881
0.03155474956769238478
0.03317748150500839719
0.035439005721549172417
0.036471684830804064338
0.038402867625158891555
0.038770876167189881111
0.040377920120629315888
0.039999556751726651182
0.041332483461306773113
0.040093528224160203434
0.041292020975597873111
0.038961546941228194551
0.040430859177200541826
0.036232513170307785708
0.040042722538688943207
0.017595626766724738685
-0.0029852052594976837534
0.0015181032096288705893
-0.00095509567767656914915
0.00065639685685816768762
-0.00046961516714154544032
0.00034065391710550557315
-0.00024570357169589734871
0.00017280138158315614869
-0.00011544439615191447781
0.000070029024085430481757
-0.000034808027108616270633
9.8131723559284651575e-6
0.0024984426140370737594
0.0058172328010216737607
0.009057592627025940258
0.012322899931732763091
0.015372489265681115461
0.01851029795361759214
0.021270621160362095162
0.024214387561206824903
0.026594517302230685349
0.029284653332115900283
0.031201085450771781706
0.033588450577779531599
0.034965208658667638514
0.037014819417794798925
0.037782508066100477161
0.039478299332997712173
0.03957077178053454434
0.04092329764515838187
0.040268770939672825843
0.041331190167330674216
0.039828005255038939786
0.040739361230100094439
0.038176038817146791468
0.039327746136808078205
0.034976682681425665369
0.038337312849963055173
0.016695984494785102984
-0.0028040319849014830927
0.0014091975073420609507
-0.00087407200650767480779
0.00059024531625707303009
-0.00041289112842775468671
0.00029065646839995415334
-0.00020100643516046696122
0.00013271821445348703545
-0.000079861134472490123749
0.000039490436040954937348
-0.000011102780227877806405
0.0025042311272316449014
0.005796939756427788443
0.0090975445475026894329
0.012259156010227048203
0.015463664255402973561
0.018388319469135192265
0.021426643974709764154
0.02402111218706644263
0.026828306720979083398
0.029006949725933265883
0.03152633648206660763
0.033211672873956276959
0.035397981259883679288
0.036520905588587968992
0.038343647039135539013
0.038842545582640338335
0.040290375895580597122
0.040107939251860630661
0.041195761142132499003
0.040270539817690239642
0.04105435453530882794
0.039297870509191762745
0.039915210447252796475
0.037136787188867065481
0.037962673340506509052
0.033488251934601995271
0.036376691849856299261
0.015685233348033263513
-0.0026041156109314477972
0.0012907529680310660566
-0.00078700435687846827608
0.00051989599899572614975
-0.00035315077140407937627
0.0002385363195938910221
-0.0001550067669161863009
0.000092281031196428917168
-0.000045324675779915154592
0.000012697917165049096089
0.0024988464338857436849
0.0058158134161972742486
0.0090604002638930110502
0.01231838933688997662
0.015379000119822259284
0.018501486776780265434
0.021282050136545033644
0.024199992354366929486
0.026612272780491860512
0.029263080406475100068
0.03122701847105485181
0.03355749961388900587
0.035001991530799271283
0.036971176586643666127
0.037834337504407777075
0.039416531077351024286
0.039644853844412803781
0.040833585694648500104
0.040378907360277743526
0.041193398275680397234
0.040004945482261052252
0.040503731341266290848
0.03850673183452965142
0.038824982493003890751
0.035850768052360991317
0.036344677828195394015
0.031777159202607029259
0.034173890256683680844
0.014570099786749301506
-0.0023867697671893858956
0.0011635268426752362291
-0.00069443425234658931494
0.00044578848489978945208
-0.00029080617895383129526
0.00018476767715861817843
-0.00010840004411288210636
0.000052760872205192357236
-0.000014711706913746987047
0.0025038450639912820195
0.0057982958927019184319
0.0090948650144548498914
0.012263453781937634529
0.015457474037236299851
0.018396673862945355435
0.02141584358070222644
0.024034661548318232202
0.026811672855513043488
0.029027049369621866561
0.031502327777040899121
0.033240117013691693721
0.035364463942871717402
0.036560284240597325772
0.038297413099197033228
0.038896915278088884825
0.040226182296170986865
0.040184240569449376606
0.041104169654450309071
0.040382013291002074834
0.040916089079735884304
0.039473884982650405897
0.039682863158916196394
0.037459966078364254984
0.037475832840578968585
0.034326624861465159801
0.034484459424516750224
0.029854839060636723425
0.031743542942085805328
0.013358004977583079993
-0.0021534166799569496036
0.0010283221921624852301
-0.00059692859947297646014
0.00036839401705486285607
-0.00022635039504284745399
0.00013005118433534579597
-0.000062506718171633827858
0.000017317299560814603284
0.0024992200249223719922
0.0058145018250678107901
0.0090629891575210900702
0.01231424308544871818
0.015384960371302428605
0.018493462645610254963
0.021292392289045103011
0.024187064568184713318
0.026628076369636557675
0.029244078226464278421
0.031249586684302695414
0.033530938103202190022
0.035033053266266604319
0.036935001301679646306
0.03787638303527697465
0.039367662782014527897
0.039701769644538929061
0.040767010873914042138
0.040457316970019386731
0.041100128273547867226
0.040117431895637641577
0.040365488481685561298
0.038681075859872370812
0.038597038995637162985
0.03616470038091943861
0.035876595045109029648
0.032574625205214979174
0.032394297760992794948
0.027734154914164423266
0.029101787000300177387
0.012057015465189670844
-0.0019055733450986209243
0.00088597628736030742359
-0.00049507618556153073819
0.00028824303702690142311
-0.00016048194551044375784
0.000075737533001090098015
-0.000020792081248737088174
0.0025034784773054147226
0.0057995822436158281711
0.0090923282628026278278
0.012267511101261547335
0.015451651962576400572
0.0184044944774285583
0.021405791155214707284
0.024047186401146449647
0.026796420233772306641
0.02904530765536887793
0.031480754340151668904
0.033265357741533734524
0.035335147028284720081
0.036594161548271631
0.038258390821435771078
0.038941802152658528749
0.040174526974522708157
0.04024382396747990996
0.041035135626037465321
0.04046254916489155421
0.040821205264786333376
0.03958720485322044525
0.039544984525660551963
0.037632062298692458105
0.037253228514528418388
0.034629794438440836426
0.034037693954154220725
0.030606617805585585994
0.030087949267556376579
0.025429329209060506368
0.026266145958535144832
0.010675789626168608559
-0.0016448335204923937934
0.00073734557066562163864
-0.00038949618410970918272
0.00020603014756594714846
-0.000094548457308428451285
0.000025606357710160091638
0.0024995856582305681846
0.0058132193984670245183
0.0090655161030517035758
0.01231020627430224183
0.015390743839007126696
0.018485709392055269215
0.021302333895074488568
0.02417471371984420289
0.026643065815954223924
0.029226206144084608477
0.031270607023136323384
0.033506474130799800557
0.03506129614851722065
0.036902591311268097504
0.037913418441008059839
0.039325450308825636793
0.039749836331377350025
0.040712241786437399639
0.040519873878046717975
0.041028361932987473068
0.040200318273272318546
0.040268837511086269206
0.038795280482238279804
0.038459621113833538224
0.036334233766529488495
0.03565998002355540191
0.032865836268001055864
0.03197102396890652198
0.028436001780449252997
0.027580514489065507842
0.02295587988425332906
0.023255396436683775361
0.0092235203985061845412
-0.0013728419233837932492
0.00058328837569728268472
-0.00028090339847880641
0.00012304820458355982451
-0.000032617684958595594936
0.0025031065347311583665
0.0058008862815035071169
0.0090897605816067135526
0.012271608679158863165
0.01544578962303208947
0.018412339660212201572
0.021395753214304152299
0.02405962507160579762
0.026781369539730549448
0.029063190052381942113
0.031459806802816026531
0.033289623747323299764
0.035307281955669582519
0.036625942786227298796
0.038222327924166796139
0.038982576317798411492
0.040128526567713944325
0.040295680332633139315
0.04097663727631316176
0.040528692146865730655
0.04074610837699387305
0.039673010240968296554
0.039446048866318665919
0.037747588121214166302
0.037115960229271710798
0.034796882864487745191
0.033827254939791762492
0.030885180259040024667
0.029689764251403025358
0.026077736438859088302
0.024888251150582795001
0.020330583963171293477
0.020089406627899466626
0.0077098751362937636647
-0.0010912523382109917784
0.00042466468866717493089
-0.00017047196416679510986
0.000043549075912766947769
0.0024999735242808358293
0.005811859996044108926
0.009068191145298240861
0.012305941217699268509
0.015396838476789767499
0.018477565652045572792
0.021312734658462985955
0.024161853771367464157
0.026658586039733805434
0.029207821362134997156
0.031292068137119154314
0.033481712724724625136
0.035089599440566104665
0.036870480295320970423
0.037949635561564071403
0.039284785453004759402
0.039795347947330429888
0.040661407891307793647
0.040576608428419027431
0.040965008261924529917
0.040271203533530484265
0.040189233908945779849
0.038885186885632471974
0.038357232812176946443
0.036452206068606805518
0.035521821151924200997
0.033031369361699559548
0.031766128706404709718
0.028702101607899794821
0.027208055800380254321
0.023548467455390893288
0.022028263280082699256
0.017571527502119797453
0.016788913552491385258
0.0061449349345580939738
-0.00080165195888265527972
0.00026252157521153928856
-0.000062370696546476201994
0.0025026883599619308213
0.0058023514975607016208
0.0090868787912772423027
0.012276199943228294257
0.01543923535014805888
0.01842108662475794977
0.021384599079892492291
0.024073391402438640231
0.026764791047425204234
0.029082779379269467379
0.031437005674512003431
0.033315843652812763828
0.035277426167960459295
0.03665966650544269183
0.038184483423552750019
0.039024822600223041084
0.040081559886032632628
0.040347736123014925133
0.040919056776278530293
0.04059232297000751971
0.040675779046100015082
0.039750855843312375644
0.039359629858817411203
0.037843984009244170455
0.037007667494608701325
0.034919791677508904336
0.033685716034682717057
0.031051585124646434184
0.029488150489111182315
0.026333289291508861239
0.0245403080250718444
0.020867008966627933055
0.019017835198317894099
0.014698444357611388875
0.013375118247148744099
0.0045391444274033092247
-0.00050545244822029046292
0.00010038339577785865112
0.0025004474920395992169
0.0058101996553495590801
0.0090714554067284425568
0.012300743628221823296
0.015404252571783313074
0.018467680868784055986
0.021325324729778259898
0.024146337331869026013
0.026677240831525915104
0.029185821738126220211
0.031317616780875036853
0.033452410036682387253
0.035122865315150703924
0.036833034323394131994
0.037991490569412801441
0.039238275285284937442
0.039846783020215399044
0.040604746308716422132
0.040638840772128451579
0.040896803821132269435
0.040345858244090291804
0.040107546263277146799
0.038974634335345476458
0.03825909583796669232
0.036560254575911838483
0.035402205259984404583
0.033164876434715363246
0.031615330518433985365
0.028875426737657583017
0.027003595619145781392
0.023799509742572068748
0.021699238181912933998
0.018056136064546004278
0.015872438545551341804
0.011734245577451886462
0.0098685183585138115797
0.0029033611791171685444
-0.00020491483019974843779
0.0025020984910983870759
0.0058044175283066699203
0.0090828180731409717694
0.012282663060422597008
0.015430021062972109449
0.018433363064402581958
0.021368975911952515933
0.024092626628026687382
0.026741692638029397311
0.029109981800867499637
0.031405465413796526155
0.033351951591554906735
0.035236521738101766755
0.036705598315669180381
0.038133287842262247646
0.039081527794340519665
0.040019085068958228556
0.0404162605423664401
0.040844175491370430396
0.040673905104750241668
0.040587102910670922768
0.039847085079173231053
0.039255299306507126811
0.037957086019794591083
0.036884954148780508136
0.035053197939631930747
0.033540181074415136801
0.031211222609521269999
0.029311581661934075412
0.026531056856895061049
0.024314467804824190561
0.021133010710182142488
0.018687582115203367651
0.015151298590933819236
0.012596304414555867048
0.0087139749689865450285
0.006282401706034282115
0.001250720187409836419
0.0025014403748196728379
0.0058067223582343370888
0.0090782888548066184494
0.012289869869116187948
0.015419750272587527329
0.018447040797012369082
0.021351579252337217118
0.024114030930379341687
0.026716009955166159987
0.029140199573498603011
0.031370466696066527026
0.033391968989570205968
0.03519125353344947737
0.036756346292371728573
0.038076831774223198033
0.039143922329105474038
0.039950516621763910793
0.040491246885298550312
0.04076251464019289335
0.04076251464019289335
0.040491246885298550312
0.039950516621763910793
0.039143922329105474038
0.038076831774223198033
0.036756346292371728573
0.03519125353344947737
0.033391968989570205968
0.031370466696066527026
0.029140199573498603011
0.026716009955166159987
0.024114030930379341687
0.021351579252337217118
0.018447040797012369082
0.015419750272587527329
0.012289869869116187948
0.0090782888548066184494
0.0058067223582343370888
0.0025014403748196728379
0.00097503473215619009358
0.0051302728668072140278
0.01257683570492324618
0.023266834533235202165
0.037129333975707801587
0.054072130497683891603
0.07398248903381890557
0.096727916197341592224
0.12215704812301465963
0.15010065981040782204
0.18037279208515914641
0.21277198947609645943
0.24708264103603444838
0.28307641528381175781
0.32051377976028249337
0.35914559510491736932
0.3987147730539416484
0.43895798733106629007
0.47960742604771088004
0.52039257395228911996
0.56104201266893370993
0.6012852269460583516
0.64085440489508263068
0.67948622023971750663
0.71692358471618824219
0.75291735896396555162
0.78722801052390354057
0.81962720791484085359
0.84989934018959217796
0.87784295187698534037
0.90327208380265840778
0.92601751096618109443
0.9459278695023161084
0.96287066602429219841
0.97673316546676479784
0.98742316429507675382
0.99486972713319278597
0.99902496526784380991