0.0008575752170267620715
-0.00032644210514007188927
0.0002504109872473012882
-0.00021111134097969150706
0.00018550382111963416676
-0.00016684546776967660863
0.00015229517753788388623
-0.00014041024301729561602
0.00013036776141919082498
-0.00012165923903456742906
0.00011395148629718834658
-0.00010701618699207496913
0.00010069129200039659196
-0.000094858502886423122776
0.000089429466662549483461
-0.000084336955648166545295
0.000079529034098096051627
-0.000074965084935756659925
0.00007061303394901613229
-0.000066447367341807933773
0.000062447688338642865677
-0.000058597648354907014572
0.000054884143738349248513
-0.000051296704302676445544
0.000047827022767132497977
-0.000044468589430462055891
0.000041216406731093940315
-0.000038066765493968769427
0.00003501706972136004668
-0.000032065700451924111867
0.000029211911958103931719
-0.000026455755705168425824
0.000023798029303500708948
-0.0000212402493619593133
0.000018784648914052439595
-0.000016434202220612698599
0.000014192682680515150131
-0.000012064764047712642278
0.000010056182574993926263
-8.1739910082510881895e-6
6.4269611047055176771e-6
-4.826245778631593685e-6
3.3865405041830238734e-6
-2.1283364480187649889e-6
1.083072241140864731e-6
-3.0925849495836472094e-7
0.001855653437275357291
0.0019924745574311556129
-0.00054316313077909462613
0.00038278398982363677205
-0.00031281225758690894332
0.00027113919765120735646
-0.00024224073241848093197
0.00022032549984744806106
-0.00020270650197349133804
0.00018795022687325293947
-0.0001752139674948674557
0.00016396590911861941267
-0.00015385191594143240442
0.00014462612619783922361
-0.00013611212626344404075
0.00012817994927459524891
-0.00012073179059133393567
0.00011369278004327812354
-0.00010700481849935839159
0.00010062234185763852447
-0.000094509337045366548878
0.000088637194534948047119
-0.000082983133876613234962
0.000077529030623741246547
-0.000072260530220546568255
0.000067166370982412732266
-0.000062237862245824202982
0.000057468479814921304592
-0.00005285355183902514054
0.000048390015994888481628
-0.000044076234456724661702
0.000039911857375149735515
-0.000035897728991710113146
0.00003203583351416255248
-0.000028329280868254622875
0.000024782335891443056226
-0.000021400499117362879699
0.00001819065415686206209
-0.000015161307961023292365
0.000012322970373805635769
-9.6887582497310743389e-6
7.2753915018076378922e-6
-5.1049422196796792314e-6
3.2082299022274696899e-6
-1.6325865010884895498e-6
4.6616199378201158926e-7
0.0016463208645879176618
0.00433182372955313702
0.0031199709427471710517
-0.00074765284869075244578
0.00049842599839117522456
-0.00039590930907816668484
0.0003376313246108022824
-0.0002986043589755254963
0.0002697542717955419762
-0.00024698445569813682598
0.00022816630234817389639
-0.00021207889256486048955
0.00019796877833238323497
-0.00018534418365433180062
0.00017386969071708914755
-0.00016330835753953294534
0.0001534880070086872557
-0.00014428062863325230572
0.00013558927418941957628
-0.00012733942928306775547
0.00011947316147553980733
-0.00011194504845296163833
0.00010471928088081960913
-0.000097767560668710624026
0.000091067550475635204057
-0.000084601713466850992605
0.000078356434946837151617
-0.000072321351614060407268
0.000066488836848733111269
-0.000060853605874597632998
0.00005541241543533528867
-0.000050163840459309218675
0.000045108116167717761019
-0.000040247039020499748302
0.000035583924468628886907
-0.000031123624391390473535
0.000026872613265022529558
-0.000022839161015992716856
0.000019033624889626721388
-0.000015468918083847751802
0.000012161261803762158003
-9.1314305163559461044e-6
6.4069434567810127821e-6
-4.0263230529821578246e-6
2.0488384577548557592e-6
-5.8500820193810609669e-7
0.0017579162424908488353
0.0038047886684570021765
0.0067909569109870599677
0.0042333785019590595116
-0.00094609145054175419893
0.00060725694983071502497
-0.00047147868190860914111
0.0003961608060896067253
-0.00034679528882907139996
0.00031095576880847304658
-0.00028308447450152851035
0.00026032267726633282867
-0.00024104794220668823406
0.00022426970097126919675
-0.00020934819092109930806
0.00019585147764687808551
-0.00018347737622071114112
0.00017200828750402862883
-0.0001612837976330023864
0.00015118337261774348031
-0.0001416150472240445756
0.00013250780980584590105
-0.00012380634197170423354
0.0001154673026018569728
-0.00010745665114182814179
0.000099747686809633541888
-0.000092319591725606160268
0.000085156336102561935015
-0.000078245848918970049614
0.00007157938746776110681
-0.000065151059529028438576
0.00005895746617320930973
-0.000052997443617526278174
0.000047271890667746135732
-0.000041783675242623598444
0.000036537620357794123798
-0.000031540577974880912625
0.000026801610139348590653
-0.000022332314109172614136
0.00001814735829631093102
-0.00001426535343281562051
0.000010710304497076005003
-7.5141743879755958795e-6
4.7218734180585186007e-6
-2.4026832198351483656e-6
6.8602729628373854243e-7
0.0016852896196083643849
0.0041019402928882664856
0.0059480461139306092551
0.0092185474200171869915
0.0053274996885341252636
-0.0011391322092063831792
0.00071136045057521175294
-0.00054229928090449980408
0.00044983422813727432087
-0.0003900471204068663109
0.00034717838431778065337
-0.00031420654400159941098
0.0002875356096440980445
-0.00026513448937241730215
0.00024576949499690879862
-0.00022864813345674259986
0.00021323829446437241934
-0.00019916975496253846511
0.0001861773643158922204
-0.00017406668124043822015
0.00016269234354918080481
-0.00015194398069944457996
0.00014173676519508247591
-0.00013200491149299142795
0.0001226971023840810037
-0.00011377320863845619176
0.00010520189689512539225
-0.000096958861017220096593
0.000089025500298700250805
-0.000081387924765373356877
0.000074036205422899243414
-0.000066963812886844946739
0.000060167205854438560241
-0.00005364554424290169676
0.000047400512559058257606
-0.000041436248829273954862
0.000035759384896664940056
-0.000030379217355905854665
0.000025308048676064764429
-0.000020561772696475029002
0.000016160844296148658063
-0.000012131910519954440177
8.5107039808823756674e-6
-5.3476864462444270131e-6
2.7209823200742754303e-6
-7.7688766081810945109e-7
0.001737516440828696991
0.0039005015934335121989
0.0064330266821732407641
0.0080649093749249315093
0.011603634895161766393
0.0063973215992825026587
-0.001326425595438887307
0.00081119383387943617179
-0.00060924227801229219668
0.00049975954521149015565
-0.00042960280711876426855
0.00037973696823456512711
-0.00034169699231082413095
0.00031115656142510603196
-0.0002856777934329253272
0.00026378376801589495184
-0.00024452842619609088094
0.00022727844918156349389
-0.00021159456327640126227
0.00019716315613724862947
-0.00018375497393436667018
0.00017119916373724900477
-0.00015936639754297828307
0.00014815757550771703764
-0.00013749606994062763116
0.00012732228175887335672
-0.00011758974647333918836
0.00010826230307820718844
-0.0000993120082052540858
0.000090717584110512632275
-0.000082463257570216247489
0.000074537892152421736638
-0.000066934347348148576288
0.000059649020147876296284
-0.000052681541448163165089
0.000046034613837080367391
-0.000039713991237344413417
0.000033728617441110126623
-0.000028090964220880425462
0.000022817648954492731682
-0.000017930485099601032611
0.000013458271812352961104
-9.4399882213366739466e-6
5.9310420565904469972e-6
-3.0176072917540217805e-6
8.615484587813361711e-7
0.0016975912355914570763
0.0040498403841901938709
0.0060983169921009945109
0.0087351032194168058128
0.010145481456871057177
0.01393549016350926322
0.0074379573880506889498
-0.0015073465881880437291
0.00090671842131781746414
-0.00067255576267438580585
0.00054635676231207365306
-0.00046599143347961478931
0.00040923024775725824643
-0.00036619784192759736691
0.00033185264860742102857
-0.0003033572282597307448
0.00027899497450115403667
-0.00025766797937720886138
0.00023864249474722749161
-0.00022141048774854759875
0.00020560992379902084393
-0.00019097665047891692254
0.00017731418147080426681
-0.0001644740698714022593
0.00015234278400219881986
-0.00014083270788200157879
0.00012987583411297366117
-0.00011941926003110722607
0.0001094219203944940501
-0.000099852187086640880791
0.000090686090304846262875
-0.00008190599579229753874
0.000073499625916819266168
-0.000065459349085019313645
0.000057781688610503852201
-0.000050467023189878286202
0.000043519470159646437194
-0.000036946963438000450703
0.000030761565773746119359
-0.000024980099189925618503
0.000019625258775471137886
-0.000014727543049945969155
0.000010328727696446911564
-6.4886866675085512408e-6
3.3010682450575903589e-6
-9.4243778865111689918e-7
0.0017294094317406441032
0.0039329644158021896427
0.0063502645336973321545
0.0082681582165590995749
0.010997120939872682999
0.012180116423253834195
0.016203568426482049634
0.0084446569997767241302
-0.0016811850063455488218
0.00099771241533319423936
-0.00073224218474982305837
0.00058976229500004518043
-0.00049943749162325149779
0.00043594281931316346306
-0.00038803509876658467337
0.00034997813620307376398
-0.00031854577363661292227
0.00029178773593995456146
-0.00026845773599457504044
0.00024772364942004502872
-0.00022900991884688602825
0.00021190683586776913148
-0.00019611580341323255168
0.00018141497558283296596
-0.00016763695036953595259
0.00015465386225743903838
-0.00014236716790314864892
0.00013070049487936699221
-0.00011959454190054374028
0.00010900338614067804607
-0.000098891777921022292135
0.000089233144444878548226
-0.000080008115810658517529
0.000071203447754423644719
-0.000062811258322057727783
0.000054828527626799107725
-0.000047256836606707726569
0.000040102347358163832671
-0.000033376060571207173891
0.000027094435620166892518
-0.000021280548417734640689
0.000015966145391423993744
-0.000011195379332904579535
7.0321810101173816552e-6
-3.5772347379551414516e-6
1.0212295128670324057e-6
0.0017032730066728637453
0.004027857326832584288
0.0061505292628301016763
0.0086227267060439097628
0.010400400851195553593
0.013208707863503325649
0.014159431465182170314
0.018397578384758417325
0.0094128263393465178319
-0.0018472120006203192224
0.0010838818682145462305
-0.00078819714818761777113
0.00062998282913228324105
-0.00053002122624723122674
0.00046000650301224099278
-0.00040737773739326827657
0.00036572903912966067597
-0.00033145908717399952732
0.0003023917881755357118
-0.00027713724121242422127
0.00025476794489559203534
-0.0002346427601443395951
0.00021630559362647447689
-0.00019942427703553991039
0.00018375220928597318459
-0.00016910346163233563823
0.0001553361479686833358
-0.00014234103699360713225
0.00013003358593956698056
-0.00011834826656678753735
0.00010723446449724824326
-0.000096653484221712954454
0.000086576350506282805342
-0.000076982199887983527366
0.000067857125444597372485
-0.000059193387605536224069
0.000050988942582396251766
-0.000043247275412972163243
0.000035977564667267252185
-0.000029195262906421868475
0.000022923275655049458775
-0.000017194120571944492535
0.000012053909855696253299
-7.5702574505978044083e-6
3.8505348217327468679e-6
-1.099185544658857882e-6
0.0017252424701020777469
0.0039487250557142837339
0.0063144805566548863129
0.0083394221794996337315
0.010856002120281587605
0.012485385331008359454
0.015359801224736093588
0.016074330405256651924
0.020507545292136624086
0.010338047527419682426
-0.0020047088020256486954
0.0011649074723816931877
-0.00084026901035249593603
0.00066696292691434377435
-0.00055775064051499770687
0.00048147421036044977101
-0.00042431170324071498856
0.00037921611122452512801
-0.00034222673566626182865
0.00031095098717278903618
-0.00028386114247520585139
0.00025993806737258395923
-0.00023847754167124892203
0.00021897880412190010506
-0.00020107732415701272159
0.00018450261807486319104
-0.00016905087725967693441
0.0001545666900604920212
-0.00014093053156830470534
0.00012805001929090943887
-0.0001158536931926312361
0.00010428653038421790787
-0.000093306681673000263923
0.000082883092214988631946
-0.000072993783015280406091
0.000063624648492955820946
-0.00005476868328998144952
0.000046425600238539383691
-0.00003860185155656218721
0.000031311131404595735676
-0.00002457554710040999159
0.000018427861875646078319
-0.000012915708153215551484
8.1100200323299251776e-6
-4.1245650974789170712e-6
1.1773299452969948072e-6
0.0017064377816272258021
0.0040160748545658922024
0.0061764730943480349605
0.0085736037558857328129
0.010490094202451634501
0.013039675572241751506
0.014513598218249093908
0.017440622809379807263
0.0179160323229693988
0.022523865407777161329
0.011216098819329531692
-0.0021529815810129896158
0.0012404671368583128743
-0.00088828767178132947673
0.0007006181187817327089
-0.00058259728425494487225
0.00050035720264808491324
-0.00043887774302609252993
0.00039050260558395904942
-0.00035092943478581275863
0.00031755971773218022812
-0.00028873455836099249134
0.00026334755053955416963
-0.00024063435312710843948
0.00022005160681669091091
-0.0002012039058118976045
0.00018379798089571830658
-0.0001676129763190987293
0.00015248060802936608758
-0.00013827159060972849841
0.00012488615880784464811
-0.00011224733611602567308
0.00010029609428884786154
-0.000088987849391002107244
0.000078289931470446625176
-0.000068179791548050466249
0.000058643798581908995423
-0.000049676548588205611759
0.000041280673170707492799
-0.000033467212979719391572
0.000026256743468330793164
-0.000019681674197764909308
0.000013790675263029960939
-8.6576273353411884726e-6
4.4024374724941074983e-6
-1.2565478213971465045e-6
0.0017227710127823724713
0.0039578214379033612516
0.0062948851241587346384
0.0083752476768978873272
0.010793996214271311461
0.012592923959261364872
0.015163719473682797082
0.016475766616195511999
0.019441710059154658034
0.019676103770369410183
0.024437354721879541754
0.012042973775428050133
-0.0022913704089953870179
0.0013102481862944949334
-0.00093207987625497280775
0.00073085255458601662083
-0.0006045155194290887475
0.00051664535926458486998
-0.00045109219822536291839
0.00039962523125860717239
-0.00035761990011499558229
0.00032228344227268899968
-0.00029183318371184054666
0.00026508033736845028877
-0.00024120379405509505263
0.00021961996748784229774
-0.00019990430206710019388
0.00018174203466870091193
-0.00016489625897925359552
0.0001491866146321721739
-0.00013447471865625222056
0.00012065400355785440416
-0.00010764251551771745659
0.000095377755364995959022
-0.000083812970769071193153
0.000072914516323428203365
-0.000062660038300324769713
0.00005303734356712441608
-0.000044043899965670714065
0.000035687011008148246606
-0.000027984845709576554609
0.000020968759095862523385
-0.000014687909797318691738
9.2187205952033322787e-6
-4.6869961201349758998e-6
1.3376471351377223537e-6
0.0017084121559595045791
0.0040088701786273937158
0.0061917435491841649526
0.0085463867486802269545
0.010535463061499959138
0.012965221637281227094
0.01463839148188469252
0.017218429207128778878
0.018362916395309302635
0.021353957644681096144
0.021346492519614251216
0.026239293641590400764
0.012814899501785755334
-0.0024192553925198411176
0.0013739546357502307881
-0.00097147802663929680914
0.00075756911350822380518
-0.00062345358964264695947
0.00053031889775277033735
-0.00046095911758738712679
0.00040660645208691451823
-0.00036233517177904040795
0.00032517092850541883267
-0.00029321532796897468769
0.00026520256083677280445
-0.00024025844770653308279
0.00021776181104744323797
-0.00019726088165356826335
0.00017842086841677725429
-0.00016098996114633125673
0.00014477665448500720753
-0.00012963425900110846711
0.0001154501138310309338
-0.00010213796334262667301
0.000089632525519203376334
-0.000077885629329360580849
0.000066863524479349905207
-0.00005654512379636485987
0.000046921061956345452725
-0.000037993575296947219912
0.000029777366955930564973
-0.000022301901018067031073
0.000015616182216014171693
-9.7987184572202587889e-6
4.9809663504715294243e-6
-1.4214010382013942626e-6
0.0017211636047705895813
0.0039636483801196035942
0.0062826868102628384855
0.0083965771031328730253
0.010759410004228212329
0.012647502710242875526
0.015077252202277991571
0.016617190160807355432
0.019194433523388092005
0.020166417786213696201
0.023168659917792569329
0.022919561401740781979
0.027921468417023312469
0.013528353846464188623
-0.0025360612875061670468
0.0014313119154139214817
-0.0010063256311795721154
0.00078067555392455680248
-0.00063936033496274227607
0.00054135549974815290258
-0.00046847765453222799913
0.00041146203766961811575
-0.00036510422313882855681
0.00032626183977334762118
-0.00029292942801124803463
0.0002637699342836897231
-0.0002378601157280332013
0.00021454407726367743246
-0.00019334496388803661238
0.00017390958406725707122
-0.00015597251386468271459
0.00013933216887102273692
-0.00012383447847248850429
0.00010936153969694315993
-0.000095823631331153609385
0.000083153568978425650916
-0.000071302755731319732636
0.000060238530249785498106
-0.000049942594855767454523
0.000040410466181726281441
-0.000031652080577128323521
0.000023693996630141924521
-0.000016584297026490186116
0.000010403040408506647693
-5.2870668890905187971e-6
1.5085797116470986753e-6
0.0017097419676428998108
0.0040040745302757347906
0.0062016862249500913341
0.0085292566541004558361
0.010562663031071329375
0.012923526288791993166
0.014701846251442841186
0.017120400352757494785
0.018520297498630507364
0.021082725485415683749
0.021878025783124764345
0.024877551854203521923
0.024388121328758427868
0.029476209623722558792
0.014180081460997808954
-0.0026412611960123980704
0.0014820701636321676525
-0.0010364808738251428219
0.00080008844897692245469
-0.00065218945269246796823
0.00054973482550850022236
-0.00047364676150052482537
0.00041420587075652462518
-0.00036595282444050837788
0.00032559160845154472896
-0.00029101889434721590681
0.00026083254201607065107
-0.0002340645324631745137
0.00021002734498004180605
-0.00018822134553867972455
0.00016827672512181304257
-0.00014991587974262534092
0.0001329283536111548704
-0.0001171537699312182501
0.0001024700037686100683
-0.000088784907022335982981
0.000076030529905423941253
-0.000064159184457021741286
0.000053140971010719891998
-0.000042962609785042775342
0.00003362765360292389708
-0.000025158507959136964842
0.000017601398871659226653
-0.000011037293758863678245
5.6081032100228187129e-6
-1.599976735173871174e-6
0.0017200481621574482695
0.0039676542405727729264
0.0062744454123759924016
0.0084106110477420788961
0.01073748829813856108
0.012680368316677720913
0.015028710979528998112
0.016689176966101139
0.019085322732443731583
0.020339028172737939449
0.022874699205312679724
0.023489917660519536103
0.026472847807205416478
0.025745462918018434538
0.030896427793457252154
0.014767108648886578702
-0.0027343796404226610058
0.0015260066496584935977
-0.0010618190704441229388
0.00081573581113485716459
-0.00066190230038374850147
0.0005554414686003863614
-0.00047646825969453539289
0.00041485309547304119186
-0.00036490673680470332829
0.00032319464817622732744
-0.00028752531960848112858
0.00025643802761476695602
-0.00022892452206415923506
0.00020426895250848361762
-0.00018195138474861223845
0.00016158733080068183593
-0.00014288859167045300998
0.00012563720641210386474
-0.00010966774530757021663
0.000094855095310812955663
-0.000081105991357544794813
0.000068353217674844102923
-0.000056551838582435852818
0.000045677139067248693623
-0.000035724256612747065882
0.000026709890927800791695
-0.000018677257772518628906
0.000011707445928402257204
-5.9470528612258769556e-6
1.696433088756781793e-6
0.0017106889168734104907
0.004000685285857217197
0.0062086155470117128948
0.0085175675966152019272
0.01058068492617077736
0.012896975366832420562
0.014740166380207831863
0.017065283945906558028
0.018600454885067769735
0.02096304634047148959
0.02206507884066052723
0.024562187513335185453
0.024994728262342261105
0.027947277830510088109
0.026985386326419819311
0.032175646177636551147
0.015286756931162620254
-0.0028149951660355404339
0.0015629276229634816907
-0.0010822344200084276996
0.0008275588970148849446
-0.00066846978921718046942
0.00055846693539230924784
-0.00047694888956362116302
0.00041342222043639249674
-0.00036199385038718883473
0.00031910651205909246346
-0.00028249064531248432297
0.00025063376176173821301
-0.00022249216440531247787
0.00019732516379179556916
-0.00017459517571030725687
0.00015390513508834415314
-0.00013495800202598783809
0.00011752986560528096979
-0.00010145172263602168394
0.000086596993154109734557
-0.000072872989723866630823
0.000060215270767848503184
-0.000048584295282414427202
0.000037964204106748472483
-0.000028364037303037615218
0.000019822558928224646276
-0.000012419997449105342909
6.3071504399310905937e-6
-1.7988609453269151118e-6
0.0017192356858364558575
0.0039705540628153962547
0.0062685471616044949903
0.0084204843891746891977
0.010722426463039575864
0.012702249147388645626
0.014997701993172946918
0.016732733881028349683
0.019023913794121324948
0.020426972600625857201
0.02274500211026679232
0.023690568329057685614
0.026137498699612372287
0.026385583177954227586
0.029294121439551072843
0.028102229012246134328
0.033308030577467812116
0.015736655266098627045
-0.0028827425517871936982
0.0015926697529113314306
-0.0010976412800859700797
0.00083551347116618418316
-0.00067187368199419294076
0.00055881098776451168142
-0.00047510169555401879673
0.00040993653836707851086
-0.00035724563109738259456
0.00031336536018694167999
-0.00027595864645480569605
0.00024346834381309245877
-0.00021482031807601301263
0.00018925272305291005494
-0.00016621315277485005554
0.00014529424830878866269
-0.0001261920839577281767
0.00010867859394322347713
-0.000092582985951045410143
0.000077779143155563357442
-0.00006417722624776648104
0.000051718460336755815527
-0.000040372674143042465832
0.000030138763103914826817
-0.000021049218469867719
0.000013182168350093955252
-6.6919784114476672613e-6
1.908268984618957717e-6
0.0017113926354741764609
0.0039981795011180466838
0.0062136904963716524031
0.0085091265923317496356
0.010593449567294311582
0.012878643161153874645
0.014765766457856719804
0.017029994641665237912
0.018649021875519552625
0.020895642740541651121
0.022160402197969806582
0.024423060520112455505
0.025208074619820271856
0.027593451507230707986
0.027656129736730509312
0.030507238705819076849
0.029090891209902597199
0.0342884161539597924
0.016114750866784767397
-0.0029373146719826470918
0.0016151012524431022796
-0.0011079750999998277497
0.00083957069276056784337
-0.0006721074824013757039
0.00055648255186987137948
-0.00047094695884767823224
0.00040442508268210151449
-0.00035069810002742935803
0.00030601296205968784455
-0.00026797595978477736952
0.00023499266273478520695
-0.00020596372633344979715
0.00018011002570747631397
-0.00015686735680379127218
0.00013582056436996567136
-0.00011666104684695286349
0.000099158702558343195596
-0.000083143169463757705972
0.000068491338034414424846
-0.000055119398045099410494
0.000042978558936199643846
-0.000032054377144269552266
0.000022370746252443490212
-0.000014002110081711100663
7.1055696009231996918e-6
-2.0257908390804997834e-6
0.0017186209566112461789
0.0039727386534328035555
0.0062641387069159690796
0.008427777527584547177
0.010711477980995181252
0.012717824169066499879
0.014976213809001352836
0.016761906687151542085
0.018984529230911819729
0.020480311894229891426
0.022671918867230208061
0.023792836959181762562
0.025989566964844046671
0.026610669160484884952
0.028923407951286947149
0.028800565696904246185
0.031581098583564037791
0.029946858947003913649
0.035112331125262015402
0.016419318566945301845
-0.00297846403221478948
0.0016301227408937817285
-0.0011131930916613238896
0.00083971772466023228913
-0.00066917702988427448772
0.00055150031830733670341
-0.00046451281138881316579
0.00039692325994704038151
-0.00034239248839577505981
0.00029709537975704168872
-0.00025859280436351278097
0.00022526066952089832428
-0.00019597986350102313265
0.00016995807179950554736
-0.00014662254450899679477
0.0001255530982065076491
-0.00010643900942276865736
0.000089050722725838047614
-0.000073221181260957836098
0.000058833800923661452688
-0.000045815508232020303133
0.000034134368649761198937
-0.000023802679345512485133
0.000014889156283473752345
-7.5525276233665584928e-6
2.1527183849540893472e-6
0.0017119338029894511772
0.0039962595721635959623
0.006217552943624423737
0.0085027658467214671395
0.010602939491221044485
0.012865250554820215673
0.014784058164436183703
0.017005471958041574291
0.018681614542368691697
0.020852356421916496435
0.022218263596197342054
0.024344630665606393328
0.025316829418690277774
0.027437375804982407511
0.027891948658889314073
0.030121303703271937721
0.029813665493406151779
0.032510804370403225616
0.030666224464624877263
0.035776017261723269943
0.016648968692113721844
-0.0030060039919326900928
0.0016376678792140065461
-0.0011132746873685599834
0.00083595812684902708842
-0.00066310087206581903751
0.00054389311335237178238
-0.00045583561682683200923
0.00038747324861727019373
-0.00033237566264784979821
0.00028666343078762164043
-0.00024786349862545881513
0.0002143299726870545384
-0.00018492964451742145265
0.00015886134198025554041
-0.00013554730819394709999
0.00011456546467618697252
-0.000095606013030794982917
0.000078443226400768775833
-0.000062917271300191779419
0.000048923245531225933561
-0.000036406263042107426656
0.000025363115323777890582
-0.000015854128421073144011
8.0381726803793490815e-6
-2.2905418910281407425e-6
0.0017181411456874801355
0.0039744384323678917532
0.0062607282035858728297
0.008433372055718920456
0.010703175191362126173
0.01272946205830864832
0.01496045357807181557
0.016782814121100129835
0.018957099272300764376
0.020516164832470064702
0.022624933587083714244
0.023854957185756650528
0.025906141596715985622
0.026725426441841831333
0.028759882508055012122
0.029046064366234602601
0.031181675855566465083
0.030690803915367854607
0.033292116207478637966
0.031245703925752955406
0.036276447096839336158
0.016802653400169543966
-0.0030198096802839912176
0.001637703798112891075
-0.0011082218156153317151
0.00082831207371611009911
-0.00065391046102523977765
0.00053370009316535229283
-0.0004449601751112176276
0.00037612422533746331267
-0.00032070038587187307763
0.00027477300286475116111
-0.00023584685464847686362
0.00020226235010627392457
-0.00017287811021025688119
0.00014688873885736101384
-0.00012371539686705649397
0.00010293776788032000439
-0.000084250773532294659641
0.000067436916586872612268
-0.000052349266339015199561
0.000038902711325857349742
-0.000027073383352163864302
0.000016909716849142184452
-8.5687221263203223574e-6
2.4409995524191248198e-6
0.0017123620337234004461
0.0039947444348313484988
0.0062205859925657359338
0.008497807318355877522
0.010610264941678382097
0.012855042365662602861
0.014797782015696311443
0.016987427916981479744
0.018705031433570604472
0.020822151935480193388
0.02225721010070346974
0.024294158912439733762
0.025382932067860334063
0.027349323525677496286
0.028012201588619940656
0.029951053524377856332
0.030067748787778526
0.032099687919905719137
0.03142797709612971864
0.033921470531411231366
0.031682652317211977208
0.036611337782976337656
0.016879671462259114705
-0.0030198186087589823343
0.001630231332011320203
-0.0010980590147837631795
0.00081681642076590113878
-0.00064165020384529068983
0.00052097079573024138766
-0.00043193978980270978555
0.0003629324627481470004
-0.00030742546577705306456
0.00026148527978882385502
-0.0002226065222126466026
0.00018912427048403071188
-0.00015989521419499624199
0.00013411477169868729723
-0.00011120750138901320026
0.000090759304578008547313
-0.000072474818356389546367
0.000056151072608968586598
-0.00004166290359597824344
0.00002895890465681381211
-0.000018070964776279119856
9.1515182227030751238e-6
-2.6061397239563230198e-6
0.001717756573777480466
0.0039757975966396081507
0.0062580128502706212232
0.008437798099261305211
0.010696662280664228771
0.012738492125956036731
0.014948389594457767446
0.016798554694975439713
0.018936860180082048864
0.020541980283140677555
0.022592092852854059626
0.023896823280372069553
0.02585240552578415727
0.026795222413139553391
0.028667588387772670973
0.029171284835025010403
0.031005453652127950293
0.030952339736467012702
0.032871151937414825484
0.032021820713124702551
0.034395996399011206867
0.031975075468327767728
0.036779161533277211744
0.016879671462259114705
-0.0030060309826372497246
0.0016152850670154664798
-0.0010828333975206276767
0.00080152463743981615368
-0.00062637738770846504798
0.00050576507454671450792
-0.00041683622660469892823
0.00034796133337567725226
-0.00029261583274911903969
0.00024686693571117660494
-0.00020821136158363349714
0.00017498753795559364391
-0.00014605688064082853611
0.00012062124512243119218
-0.000098113917428031483732
0.000078132760405066456445
-0.000060399167097597543258
0.000044734435389868430282
-0.000031050314437758498916
0.000019355892928606169595
-9.7953199690372729894e-6
2.7884003301236969221e-6
0.0017127094345011050182
0.0039935178369886315482
0.0062230321686451999189
0.0084938303872702828874
0.010616096665742393177
0.012846992464904020517
0.014808477859514505287
0.01697356477308574292
0.018722714910812715659
0.020799810451706421346
0.02228530889980170237
0.024258825661066357146
0.025427536653465236743
0.027292554547576854109
0.028085389919130866747
0.029854917683645030481
0.030197389636987777195
0.031918270707308471717
0.031695801640404182501
0.033492547594915843467
0.032469625310511333589
0.034713528615954419646
0.032121639126405338335
0.036779152604802220628
0.016802653400169543966
-0.0029785097126118924702
0.0015929332081376482829
-0.0010626144739091031714
0.00078250661682939948263
-0.00060816199324122457564
0.00048815293153855480266
-0.00039971958605939421404
0.00033128125108654591263
-0.00027634259314447495423
0.00023099036509944973748
-0.0001927359484246508607
0.00015993022236930015005
-0.00013144659360772871184
0.00010649987845331842504
-0.000084538801970437670536
0.000065181140256356997104
-0.000048175814293875645952
0.000033384948199198567083
-0.000020786318091530726345
0.000010510682494419472602
-2.9907116339559925328e-6
0.0017174409759445522838
0.0039769109421819318767
0.0062557960139154152474
0.0084413938885943411325
0.010691405640110357954
0.012745719953033779384
0.014938832047401569679
0.016810870773152679484
0.018921258691723830647
0.02056152959016317788
0.022567744946853010484
0.023927086208875844725
0.02581472864808893212
0.026842377720241322707
0.028608026420621076724
0.029247553866985535763
0.030905889524973090306
0.031085837283579983896
0.032685337350396366803
0.032294744020538231907
0.033961038256293262725
0.032769348673490060843
0.034872617611886789394
0.032121675045304222864
0.036611310792271778024
0.016648968692113721844
-0.0029373801278326662534
0.0015632772689446575307
-0.0010374938382059715265
0.00075984836891908872822
-0.00058708640549878031739
0.00046821426310630383504
-0.00038066811205403026538
0.00031296958488123289327
-0.00025868311475029306317
0.00021393404246172133003
-0.00017626136707713158309
0.00014403813632434396728
-0.0001161579584881260308
0.00009185661166519419635
-0.000070607356255210355912
0.000052059885847206042361
-0.000036008842803348116394
0.000022388941869918366389
-0.000011310457301284736445
3.2166310640729657817e-6
0.0017129977156685700537
0.0039925016424856777843
0.006225052729210868351
0.0084905596832636315082
0.010620865008418489328
0.01284045870679702562
0.014817080975177716447
0.016962535180814406096
0.018736601955967197616
0.020782534064262133509
0.022306644540452555734
0.02423257009536509706
0.02545984093177200512
0.027252687556429400378
0.028134902252474719584
0.029792810102136670185
0.030276418482568198819
0.031815703020593029149
0.031832578473622494413
0.033303149945279416855
0.032746437065920106984
0.034274483830223362419
0.032919625199857997121
0.0348725360161795533
0.031975184059445306203
0.036276401416442233168
0.016419318566945301845
-0.0028828293916924806078
0.0015264515851933404408
-0.0010075847212387972834
0.00073365160086891121924
-0.00056324502929132924093
0.00044603853244349229392
-0.00035976796127253600318
0.00029311059167433770286
-0.00023972122857114467723
0.000195783160609473426
-0.00015887655221878406559
0.0001274073124019061749
-0.00010029903289997493692
0.000076819029498505438233
-0.000056478603926930724631
0.000038979476333571846071
-0.000024196821421626976249
0.000012210461429507670341
-3.4705225577220358439e-6
0.0017171762248926046428
0.0039778435452613880261
0.006253943995576053204
0.0084443862576656755329
0.01068705375421252008
0.012751664639628805674
0.01493103417414647731
0.016820822661519033835
0.01890879584815679337
0.020576936352281021657
0.022548858685506016247
0.023950126986486134594
0.02578666636037530194
0.026876597667220900932
0.028566126648329067706
0.029299224635038372197
0.030841489822110017877
0.031167297570137566245
0.032580199833596964152
0.032434212051208502175
0.03376888434307512192
0.033048824248469216552
0.034431450406919605114
0.032919772231757661567
0.034713281900338915681
0.031682836131784341408
0.035775951805873250781
0.016114750866784767397
-0.0028151056217625383108
0.0014826226524226433091
-0.00097302140804591944509
0.00070403318526510859655
-0.00053674381430233074039
0.00042172438375123881193
-0.00033711296925635523963
0.00027179544068925680177
-0.00021954768570228626926
0.00017663080317348303923
-0.00014068064211178965188
0.00011014831824465809537
-0.00008399996258886932747
0.000061549809773938945574
-0.000042369588413630612514
0.000026251389122689700297
-0.000013230386255735457945
3.7577985793476821002e-6
0.0017132421650689051853
0.0039916410932737588931
0.0062267597171442481481
0.0084878062223879867421
0.0106248606139643357
0.012835015872708047783
0.014824196315764622084
0.016953491225801214741
0.018747873535537472306
0.020768678040790410262
0.022323519044715839906
0.024212139634813828442
0.025484504755262722005
0.027222920845703227301
0.028170910198942707853
0.029749037615849170416
0.030330045518512148049
0.031749269178652059786
0.031916136373382593114
0.033195882764987986284
0.032888000845860365177
0.034080408495893106728
0.033200531936753717729
0.034431216606512422351
0.032769793329172903748
0.034395578664313413768
0.031245967380979272259
0.035112244285356728492
0.015736655266098627045
-0.0027345167151425716087
0.001431988285527023076
-0.00093395851755545493435
0.00067112451497414965965
-0.00050769969604086161927
0.00039537922179841465085
-0.00031280447160772893655
0.00024912245421350765119
-0.00019826111542828928379
0.00015658011852509857683
-0.00012178721707156901859
0.000092394051176359690992
-0.000067427085971325336917
0.000046272614743429825422
-0.000028605276110152886917
0.00001439505204691497109
-4.0852517829317144646e-6
0.0017169492949988510581
0.0039786419644223801352
0.0062523618829434474463
0.0084469344449898943768
0.010683363414371288142
0.012756678994458256845
0.014924499071383792327
0.016829098728785599757
0.018898525668416902295
0.020589498061685255118
0.022533649361295085067
0.023968417685250819295
0.025764757005597498506
0.026902802557840033093
0.028534758097705925165
0.029336892133981361835
0.030796006026730552986
0.031222676770435515876
0.032511992378882019117
0.032519530621831511226
0.033659931234614632523
0.033191884579902695434
0.034236291814081850573
0.033200875989125920162
0.034273776589556268401
0.032470378487212558743
0.033920871553899031389
0.030666574110606053103
0.034288305698232794523
0.015286756931162620254
-0.0026414288798633937428
0.0013747765955757985978
-0.00089057013758171086285
0.00063507074122924956234
-0.00047623996247908518818
0.00036711879799853615343
-0.0002869512856321247375
0.00022519779362526592909
-0.00017596994635310976727
0.00013574839589354603608
-0.00010233216826741524444
0.000074314450897473167688
-0.000050810592697082904057
0.000031326338482629208612
-0.000015736170994905971176
4.4615171801136522828e-6
0.0017134540009647673612
0.0039908961677235371028
0.0062282344395659398462
0.008485434261690637652
0.010628289486140449736
0.012830367455177752383
0.014830237637034129206
0.016945865838135884113
0.018757299461018191561
0.020757201046196909647
0.022337342543348250428
0.024195615296163670482
0.025504161797159406803
0.027199596284598830256
0.028198575591194936073
0.029716168682521769642
0.03036924490981675689
0.031702235054261413325
0.031973063705954767838
0.033126162453499084818
0.03297474273605121636
0.033970213537143791259
0.033344489829045188218
0.034235811184212764803
0.03304986533173870157
0.033959839684611192189
0.032022901322755746525
0.033291320804013657733
0.029947303882538760492
0.033307893502747901514
0.014767108648886578702
-0.0025362648714616342452
0.0013112447749099427074
-0.00084304880363390581005
0.00059602989033656416238
-0.00044250156665361634039
0.00033706688210142540286
-0.00025967005375069591932
0.00020013703345230926064
-0.00015279620342762021208
0.00011427488188728440444
-0.000082488921070310553203
0.000056145956176040127047
-0.000034503526881650298188
0.000017294874289538299422
-4.8977281039241264846e-6
0.0017167504107886980142
0.0039793410116522884071
0.0062509791792532057816
0.0084491556050464597965
0.010680157885027387492
0.01276101554496208142
0.014918877385886420675
0.016836173028542728368
0.018889811863150057405
0.020600064524933940911
0.022520982545681399367
0.023983477547087490197
0.025746952773502728918
0.026923779339317222375
0.028510078801738243249
0.029365940572651344361
0.030761735207863920232
0.031263283187217212283
0.032463566266032709308
0.032577804591874533038
0.033588956278574659595
0.033279715191887543202
0.034125295748958737788
0.033345137053761704785
0.034078953561839612757
0.032748202558718943466
0.033490826586583071658
0.031429413284592612339
0.032509791406022396911
0.029091443698693072855
0.032175478493785555474
0.014180081460997808954
-0.0024195019307941815464
0.0012416776748130827993
-0.00079160430334742165788
0.00055417185553429903846
-0.00040663043057631889706
0.00030535518006252829943
-0.00023108635320404652467
0.00017406852465853671343
-0.00012888309022698784892
0.000092336345996921152318
-0.000062499650182336812976
0.000038255660544250769221
-0.000019125415413423564837
5.4084664106243322399e-6
0.0017136418543418770443
0.0039902361817514017446
0.0062295388450858354557
0.0084833413009446092092
0.010631305380438108603
0.012826295279142133641
0.014835504309919651618
0.016939256594409215715
0.018765414148443250166
0.020747397810570684585
0.022349044069680637733
0.024181771182187253875
0.025520437463874567508
0.02718054217140086575
0.028220830753124595172
0.029690189811637840118
0.030399604278257983436
0.031666655496085290702
0.032014957656305857362
0.033076497249618636891
0.033034167449943753965
0.033898236228350335966
0.033433081084744881789
0.034124447147657057967
0.033193844762669469815
0.033766415038759671687
0.032297281634142450787
0.03286886206853227707
0.030692634978272697287
0.031579839493504812623
0.028102905382359235922
0.030896224209501784955
0.013528353846464188623
-0.002291669413451801801
0.0011663861491153182866
-0.00073646227913350594499
0.00050967726862566865085
-0.0003687808446950563412
0.00027212383874609282809
-0.00020133742617661367147
0.00014714048832212979169
-0.00010441062715996180167
0.000070179900785245997812
-0.00004274492476849638216
0.000021300734742707631627
-6.0131707170654383304e-6
0.0017165718350917255373
0.0039799681485118396964
0.0062497406039515623622
0.0084511408217021048514
0.010677301278086317558
0.012764865831609074752
0.014913908351398325119
0.016842392937597102808
0.018882197802489400524
0.020609231530360014947
0.022510083267988423964
0.023996315025336896889
0.025731936966914137341
0.026941257579097346312
0.028489797180996726376
0.029389440643288150196
0.030734503823471571764
0.031294889663780476835
0.032426762615223103057
0.032620875322843160451
0.033538195831933976771
0.033340104239502315127
0.034052558252487204098
0.033434171996012810577
0.033967641972118128339
0.03289133093214052917
0.033299596251477990816
0.031699182835816764457
0.032096764121839901049
0.029815944748817016702
0.030505695324412454213
0.02698620828624538712
0.029475963085448218363
0.012814899501785755334
-0.0021533460907343004986
0.0010857051190448121678
-0.00067786258984173129186
0.00046273628338373302923
-0.00032911520757533061776
0.0002375232942166853799
-0.00017057843871622177657
0.00011953631556829138951
-0.000079629744762107931378
0.000048198336310177150813
-0.000023921063765082489945
6.7382780940195639417e-6
0.0017138127869183864207
0.0039896361109824462017
0.0062307231648991387711
0.0084814449137154377149
0.010634030617972388004
0.012822628044274581872
0.014840227765093229653
0.016933357899519118974
0.018772615335125911248
0.020738755093139689622
0.02235928312233563518
0.024169760521625171458
0.025534421248206514709
0.027164350208446094702
0.028239508918437763504
0.029668692016429409624
0.030424327247693068334
0.031638206791176507685
0.032047759698900833882
0.033038541435957703883
0.03307831741673960139
0.033846510594394182984
0.033494262587149779121
0.034051176108230069957
0.033283023358066398932
0.03365555728434243927
0.032439011902631996517
0.032680593931794897713
0.03095666517293266922
0.031178029381754329255
0.028803364743187140783
0.029292242798250590716
0.025746459506633882312
0.027921169412566897686
0.012042973775428050133
-0.0020051570832204783706
0.00099999128446995466874
-0.00061605738046162236978
0.00041354738335793626118
-0.0002878046975814191829
0.00020171923930364044507
-0.00013899683720306093351
0.000091509327020231695901
-0.000054943238664392535082
0.000027127676958949974217
-7.6205787288483283308e-6
0.0017164069818749212895
0.0039805466773898171183
0.0062485995128296832918
0.0084529663286550890622
0.010674681051266015437
0.012768386455096674524
0.014909381989081097291
0.016848033326382740768
0.018875329227281241276
0.020617451256257455857
0.02250037743020711385
0.02400765761938565364
0.025718786852962512775
0.026956411598639529384
0.028472410258111643582
0.029409331138965312756
0.030711785452934969006
0.031320829924167888002
0.032397114709888633523
0.032654839152994885383
0.033499141290039341292
0.03338525519352239702
0.03399997727764533785
0.03349599537397867524
0.033894041358700080423
0.03298037766649526346
0.033189566568676416448
0.031838999127985575745
0.031912188275223346619
0.030073156659677155594
0.030116814582028102276
0.0276595448032138852
0.027944995364709706723
0.024389331866713197793
0.026238929131869089881
0.011216098819329531692
-0.0018477703529377964772
0.0009096203557236368641
-0.00055130880982635900251
0.00036231655785228399133
-0.0002450323736767461888
0.00016490517461661602614
-0.00010684675196761378982
0.000063468791146307142879
-0.000031125739703580976577
8.7126524262983408672e-6
0.0017139731041082271482
0.0039890736799597901429
0.0062318318654620121782
0.0084796727120713345746
0.010636571515192604449
0.012819218745665415309
0.014844603644696782164
0.016927915851110010448
0.01877922707845449628
0.020730863738129346302
0.022368572990166107563
0.024158941333871380671
0.025546915911356522036
0.02715001437460137751
0.028255876391611400001
0.02965007099096578864
0.030445463843034331069
0.031614241063765558795
0.032074935043509042773
0.033007688011150280624
0.033113434766152580497
0.033806384124496100653
0.033540364120396329305
0.033997820466189478332
0.033345368732966503972
0.033581798526702649539
0.032527686146717814653
0.032571728469235796623
0.031094094420972728961
0.030997825565565955496
0.029052743087412707633
0.028917913562510615615
0.026389744766014033471
0.026470068013924006604
0.022921040078474407078
0.024436906440684712079
0.010338047527419682426
-0.001681892613443588422
0.00081498359429679633609
-0.00048388644863471568847
0.00030925786755664586372
-0.0002010027432133370774
0.00012733482441848529158
-0.000074538671160544209574
0.000036224059148027491938
-0.000010092036048553603884
0.0017162496195981830009
0.0039810985800405784789
0.0062475121429449399078
0.0084547030940624227698
0.01067219349764019502
0.012771719922909955859
0.014905110039007799768
0.016853336434886181008
0.018868899954106007827
0.0206251061122569686
0.022491391026264599608
0.024018090425411502893
0.025706781203459494195
0.02697013134242209444
0.028456816406217330863
0.029426982833275909161
0.030691862128892028045
0.031343276946257687109
0.032371842770563141926
0.032683300985921920354
0.033467040845859779326
0.033421554591053114747
0.03395876720155376932
0.033543037330891754933
0.033839949560483427526
0.033043169439331851653
0.033115774375103027911
0.031927109945393999082
0.031804769619371253617
0.030207784823195579832
0.02994159503516642568
0.027900156418983376916
0.027586728919175608473
0.024999816174439227427
0.024874144699043718036
0.021348315770444517153
0.022523307055459684074
0.0094128263393465178319
-0.0015082643852049690649
0.00071648331091920758578
-0.00041406466493832033192
0.00025459852587269693408
-0.00015596970212579073968
0.000089412622664240427105
-0.000042908211970273062213
0.000011877427380660397698
0.0017141292045406571106
0.0039885263496002663673
0.0062329097044842247217
0.0084779523832510236027
0.010639033231676826533
0.012815923746982739958
0.014848820340481211007
0.016922690060124655434
0.018785550331334871831
0.020723351891446072579
0.022377369111032264276
0.024148758809178157993
0.025558595555817087023
0.027136715808739035763
0.02827092977755073936
0.029633109075694179696
0.030464510476184562462
0.03159290507409779783
0.032098801238690167802
0.032981004301793752338
0.033143283521970004649
0.033772943750708623884
0.033577927948935396444
0.033955458727931461962
0.0333933999644713188
0.033526947303074329716
0.032590913484470558661
0.032497959469564109835
0.031181522796257299528
0.03089205963596185343
0.02918423916157008364
0.028748198020762202582
0.026620764873615213783
0.026129236495194762165
0.023496185255856055085
0.023164439823408886442
0.019678382639506170613
0.020506837685038584486
0.0084446569997767241302
-0.0013276536503806717345
0.00061452677531117112262
-0.00034212156280443247132
0.00019859878735901944823
-0.00011032264820299005108
0.000051984699060121583134
-0.0000142589976871199602
0.0017160928718421752599
0.0039816480466172536354
0.0062464305721618506546
0.0084564282762216721116
0.010669726920118196496
0.012775017939789534179
0.014900894875291303518
0.016858552433779702141
0.018862599642131036115
0.020632575584679718415
0.02248266466184894167
0.024028165862245596413
0.025695258352656529981
0.02698320806701155798
0.028442068917787915447
0.029443531207468311141
0.030673366049411881388
0.031363888611802760039
0.03234892099360064202
0.032708761299777630028
0.033438770092109445267
0.033452964016336889111
0.033923816994389631669
0.033582028743047425143
0.033796283450818004854
0.033092327460428422844
0.033060047621639151288
0.031990859238822307303
0.031730978511574462951
0.030294518887824086471
0.029837574526032888149
0.02802831027338819688
0.027422905534855974613
0.025220568755814252421
0.024551938984335715055
0.02188584087634698973
0.021348650817513750658
0.0179189342573752182
0.018396660587741491989
0.0074379573880506889498
-0.0011408469649442579028
0.00050951792019719334997
-0.00026834621549868678964
0.00014162489339334759243
-0.000064891269327882645125
0.000017559198462067066706
0.0017142888855947428068
0.0039879667221540652476
0.0062340108434377516564
0.0084761969921394556971
0.010641541105255897566
0.01281257368366460635
0.014853097127146885168
0.016917404963774328686
0.018791924061251925537
0.020715809046076709266
0.022386163024821983016
0.02413862909230426343
0.025570149983423634371
0.027123642040276525822
0.028285625029843196172
0.029616680555343373651
0.030482796278214727875
0.031572622540402508175
0.032121239430491327606
0.032956226880363942878
0.033170615102468570331
0.033742802870279715562
0.033611185349010512372
0.033918709322061207693
0.033434107636601838926
0.033481692358161810358
0.03264147397775335506
0.032441096296845936056
0.031246032083015690596
0.030818042288521331389
0.029270433529757262452
0.028645840715428543236
0.026745551131503271214
0.025971495995882334799
0.023706210582621535138
0.022861800445777827652
0.020176335509627874696
0.019434894956705327861
0.016078120165674012089
0.016202340371540265206
0.0063973215992825026587
-0.00094863551809351586587
0.00040184762899318751386
-0.00019308479667889866072
0.000084447521428799026943
-0.000022366006775172848024
0.0017159273217143422525
0.0039822281325422369504
0.0062452895719405865304
0.0084582462999372366474
0.010667131287588204967
0.012778482354268856659
0.014896476548797852929
0.016864005950877383496
0.018856031896048941518
0.020640335669942699912
0.022473633887488337338
0.024038547038297042008
0.025683444547814412364
0.026996540487073938686
0.028427126734882462855
0.02946018109235025816
0.030654901787090613865
0.031384285031898553839
0.032326460594586754891
0.032733435236995478297
0.03341171059286589988
0.033482609697955006927
0.033891347836011220838
0.033617606159323146934
0.033757250781038532511
0.033135245040678262883
0.03301270381513104191
0.032043324369253642574
0.031672480287159792555
0.030360275567860868088
0.029762865431229900004
0.02811439342699870911
0.027321842182300794548
0.025342263393927412623
0.024400154094857699676
0.02208501925434128273
0.021066142175246231163
0.018375818450555761343
0.017431613280457948064
0.014164554325526166147
0.013933775407771388497
0.0053274996885341252636
-0.00075179041609906796842
0.00029189577156373284828
-0.00011699117802595525984
0.00002986081444515975815
0.0017144644067572404045
0.0039873517980821463742
0.0062352200120762835848
0.008474271178306094619
0.010644289072571174522
0.012808908551997820938
0.014857767417805066969
0.016911646313662620874
0.018798851068553687073
0.020707635632814245765
0.02239566001830126926
0.024127731226098723864
0.025582527112903764532
0.027109705136545903524
0.028301205455822408599
0.029599368357302185842
0.030501934474857479401
0.031551556381116224139
0.032144345397466972859
0.03293095672561620985
0.033198189697417810146
0.033712763451480916073
0.033643875621916372437
0.033883149266489933644
0.03347279899053324203
0.033439552431451488263
0.032687453761272860209
0.032390785531202537181
0.031301302244693225461
0.030756991238545951649
0.029338365820126279318
0.028569511112916717216
0.026832437991957108049
0.025870846945778198902
0.023825624873589767437
0.022715282113160591894
0.020365139286030891806
0.019172447967522107064
0.016493153193463841535
0.015347393458009987041
0.012187386248734290292
0.011601090827610004726
0.0042333785019590595116
-0.00055101502549271786435
0.00018016044640530904929
-0.00004276580843732469227
0.0017157354422554622491
0.00398290027640455637
0.0062439682085473242612
0.0084603500604613380103
0.010664130807584606473
0.012782481936761243159
0.014891383694185225651
0.016870280374663821539
0.018848491839709028381
0.020649222441574342323
0.022463321263050453857
0.024050363626387471378
0.025670046042592010416
0.027011599576760659485
0.028410326762454927127
0.029478804882337822115
0.030634367468199838141
0.031406821695348520978
0.032301823085183595201
0.032760280698943766538
0.03338253909769429468
0.033514239249863452727
0.033857110485186940034
0.033654623643637409801
0.03371725184879204957
0.033178464222751903881
0.032965976563173671445
0.032093912459380115218
0.031617591160830506395
0.030420025855316553252
0.029697525655312690349
0.028186293231278528761
0.027242051876582709046
0.025431830225239127433
0.024298026443420960755
0.022204031336310889487
0.020923079510537501678
0.018555898406897493688
0.017187918358528973757
0.014538283451490575617
0.013190552507643172002
0.010156573378677075303
0.0092144098526088714689
0.0031199709427471710517
-0.00034687461469082579422
0.000068829569465606481228
0.0017146842720597421314
0.0039865817013633997154
0.0062367336555921146337
0.0084718619461377987023
0.010647723985566442889
0.012804331956814736392
0.014863591805727572264
0.016904475307514471553
0.018807462024536173602
0.020697495553956727732
0.022407415302767620327
0.024114276831724354888
0.025597763170057348115
0.027092605421920087359
0.028320251064620468173
0.029578293532229882065
0.030525123846330352026
0.03152616408403627923
0.03217203325375461349
0.032900874996136427892
0.033230771013245030956
0.033677567330559634499
0.033681813893894488164
0.033842326058394842645
0.033516669605804139884
0.033392446721272810237
0.032738014792032965165
0.032336506552068893186
0.031359617752153975966
0.030694245652916574443
0.029406037348498562155
0.028496275048259061949
0.026912081566730538022
0.025783650919512943072
0.023921981641737480853
0.022607411606153930839
0.020488144827966111913
0.019028359180666527002
0.016668988499706000199
0.015118155508519858831
0.012523504000913797961
0.010967811634655159471
0.0080839730140944822511
0.0067831050162734367295
0.0019924745574311556129
-0.00014050300322183314802
0.0017154596925484825077
0.0039838660426211703611
0.0062420702219423608684
0.0084633704634139359992
0.010659825622846882121
0.0127882162374602998
0.014884088767109628988
0.016879257816978454334
0.018837717442740748306
0.020661902372158849702
0.022448631840879676082
0.024067162901942047826
0.025651039252933469981
0.027032909663624876537
0.028386618677700786334
0.029505005385815053472
0.03060557956277716462
0.031438293462475894043
0.032267568499063503564
0.032797420727159509749
0.033342405973657905744
0.033557479777571955433
0.033810639628820905856
0.033704458780779880162
0.033663904448693994946
0.033235489695888800822
0.032905084501232411623
0.032158888699620518662
0.031548275617133010749
0.030493984828227144456
0.029618554253421323949
0.028270733455333068425
0.027151566195814800369
0.025529107711571114076
0.024192963737848175234
0.022318246152361875037
0.020797754293873932281
0.018695284917273844839
0.017029724242570743876
0.014723619598563494013
0.012961488666334681926
0.01046949555594861636
0.0086778683448978105302
0.0059895308982470408152
0.0043113912200023831151
0.0008575752170267620715
0.001715150434053524143
0.0039849491148623112258
0.0062399418854943421034
0.0084667570039181190231
0.010654999377068250527
0.012794643198565005317
0.0148759147761013779
0.01688931399955344826
0.018825652678693035664
0.020676095054839364852
0.022432197638659063384
0.024085947550856100265
0.025629799003571510668
0.027056707692928377246
0.028360162921995617908
0.029534217297773157404
0.030573513862325240508
0.031473310532197254089
0.032229501733569534794
0.032838637133890603689
0.033297937384227443688
0.033605306800339087931
0.03375934292451822941
0.03375934292451822941
0.033605306800339087931
0.033297937384227443688
0.032838637133890603689
0.032229501733569534794
0.031473310532197254089
0.030573513862325240508
0.029534217297773157404
0.028360162921995617908
0.027056707692928377246
0.025629799003571510668
0.024085947550856100265
0.022432197638659063384
0.020676095054839364852
0.018825652678693035664
0.01688931399955344826
0.0148759147761013779
0.012794643198565005317
0.010654999377068250527
0.0084667570039181190231
0.0062399418854943421034
0.0039849491148623112258
0.001715150434053524143
0.00066847893309100943587
0.0035188255469128179635
0.008633165097916568261
0.015989304073004028631
0.025553818276955102189
0.037283100596623024511
0.051123644233029017149
0.067012302566570968542
0.084876581466966973484
0.10463497146236287241
0.126197320192166973
0.14946524398979715124
0.17433257689900114245
0.20068585514364242341
0.22840483486909868236
0.25736304080591766861
0.28742834335858580134
0.31846356148950214494
0.35032708864906499226
0.38287353889686511569
0.4159544102664482357
0.44941876234720788024
0.48311390499197397924
0.51688609500802602076
0.55058123765279211976
0.5840455897335517643
0.61712646110313488431
0.64967291135093500774
0.68153643851049785506
0.71257165664141419866
0.74263695919408233139
0.77159516513090131764
0.79931414485635757659
0.82566742310099885755
0.85053475601020284876
0.873802679807833027
0.89536502853763712759
0.91512341853303302652
0.93298769743342903146
0.94887635576697098285
0.96271689940337697549
0.97444618172304489781
0.98401069592699597137
0.99136683490208343174
0.99648117445308718204
0.99933152106690899056