0.0040043070644435833311
-0.0015135943850473928195
0.0011463573815500823241
-0.00094858016442276761256
0.00081305677255154440012
-0.0007086432654979938664
0.00062238349693557905692
-0.0005478320184763729421
0.00048142729961808718622
-0.00042107157485487317553
0.00036548556449248990023
-0.00031388318254364738325
0.00026579487033868070894
-0.00022096676596284150779
0.00017930212209465298895
-0.00014082894170500022994
0.00010568702361582489797
-0.000074134472768589721641
0.000046583610701344756954
-0.000023704011047210656753
6.7682657900702339215e-6
0.0086646655624565573813
0.00923844744271312345
-0.0024866138584990346912
0.0017200479273175914742
-0.0013711763440494656749
0.0011517780472297792182
-0.00099016763685326244813
0.00085987320635411835171
-0.0007488347114285311744
0.00065080970287304193416
-0.00056230012911505353868
0.00048125718306185178433
-0.00040646792351530096391
0.00033723945519319592663
-0.000273227565434725639
0.00021434334322227006359
-0.00016070859732434137656
0.00011265115506987447211
-0.000070750592877228946309
0.000035989302644720379191
-0.000010274252192327140626
0.0076872410213763840771
0.020085203800441028708
0.014283606356714302071
-0.0033598399479323799511
0.0021851085039392501014
-0.0016821866718745486519
0.0013805560708829349985
-0.0011659298042628100773
0.000997148415867005867
-0.00085591587782314644314
0.00073297621695999165288
-0.00062324862636730268006
0.00052381226719874984496
-0.00043296948510872951774
0.00034977367383107342294
-0.00027378069539803014336
0.00020492190739253989151
-0.00014345831439325444164
0.000090015277247032936777
-0.000045760546567416635182
0.000013059382676910574312
0.0082082672475218090232
0.017641649227157201205
0.031089712559995608253
0.019025028407094825504
-0.0041482857264382583193
0.0025808987428161731887
-0.0019286923378130224221
0.0015478193729593297023
-0.0012830228080783485902
0.001078803749271881049
-0.00091068112263580448836
0.00076636548778884730008
-0.00063916248636564383311
0.00052525454035677581302
-0.00042244625527574281974
0.00032953998658028283365
-0.00024601703802701881064
0.00017189249835947500578
-0.00010770559956834837431
0.000054702771170941049023
-0.000015603508529604092775
0.0078692487667731315457
0.019019144069301951019
0.027231178798824284738
0.041428375214254124085
0.023361105864008465388
-0.0048426122608685766349
0.0029113155166219614912
-0.0021202949435220725696
0.001665908417799990218
-0.0013550269949669323364
0.0011188250226601715405
-0.0009270335197032417938
0.00076450535862692119328
-0.00062302050377995337118
0.00049791834854240390435
-0.0003865519477592096663
0.00028753042944909681735
-0.000200353577623411806
0.00012529474743623556636
-0.000063554265736216291837
0.0000181157218219226553
0.008112941175824038229
0.018085685138991069301
0.029450605680846038049
0.036244803475226641443
0.050881461214925360257
0.027199324791787094416
-0.0054306024473782701651
0.0031738366733256261054
-0.0022586731820682788132
0.001738781914911285921
-0.0013872248206305671335
0.0011232647008988422151
-0.0009114506319327557801
0.00073407755189322406794
-0.0005815703546931319053
0.0004485429795902422383
-0.00033200386563523383161
0.00023050232511126975934
-0.00014377473378728040107
0.000072803267221261629653
-0.000020732953132635255067
0.0079267891049549764341
0.018777231595573657691
0.027919783007410325616
0.039254784714561647506
0.044489239242255374666
0.059248259793018847721
0.030457854013432133549
-0.0059008522711151139506
0.0033649100123079004065
-0.0023435774490160304736
0.001768023305888239848
-0.0013823345419319065369
0.001095578404844299876
-0.00086787957983197910197
0.00067936740160902575588
-0.00051935113221034294935
0.0003819022589970258781
-0.00026387453310228099044
0.00016403090870228579472
-0.000082875126463472571481
0.000023572926505482302722
0.0080749543488777253284
0.018236660299547517069
0.029070843650086123875
0.037159528536156550957
0.048220142690503891669
0.051788022616855311404
0.066350915986812456604
0.033067234658334365445
-0.0062439061682626978414
0.003481512332971011062
-0.0023746193588725070405
0.0017547029931159990552
-0.0013423481608657961309
0.0010383849665461780471
-0.00079939401697440691694
0.0006038126248718941982
-0.00044014711525274249286
0.00030220194263279689934
-0.00018702397565632665114
0.000094219217742366929233
-0.000026758172889103255985
0.0079534902847479311903
0.018674713141607059178
0.028159945840734668933
0.038748033795091974237
0.045609389147652401327
0.056155330678946043929
0.057985124093228800705
0.072038323935133316303
0.034971848697768288681
-0.0064527611762395467284
0.0035217381328692143052
-0.0023519379616941162807
0.0017000821639574219525
-0.001269242069875631992
0.00095416651843017832863
-0.00070887993322470921043
0.00051068763252498489969
-0.00034771065621794603115
0.00021394145600208002035
-0.00010737586625737854064
0.00003043374361441649321
0.0080552802928090678652
0.018310487799309009419
0.02890557952583589409
0.037482006812696413434
0.047598324777553080059
0.053089702644784813374
0.062891300738978290821
0.062948184312837070374
0.076189424243272101137
0.036131100997492514766
-0.0065231374438089186243
0.0034850562934223566956
-0.0022764769484498248755
0.0016059066573441866233
-0.0011652826100928537538
0.0008455884427385009649
-0.00059938744171606517795
0.00040353392985206174221
-0.0002463871234372645774
0.00012305379768121767748
-0.000034786779549197501311
0.0079685400579572679155
0.01861913858411816855
0.028280535207844711103
0.038524470827692561781
0.046006527528568049333
0.055431817317500502045
0.059441179608369787725
0.068284564776698783801
0.066571278519565616986
0.078715824907522843322
0.036520283412422606798
-0.0064536229125378137901
0.0033724188759709603748
-0.0021500954600300529101
0.0014745284184944793724
-0.0010331677339263132137
0.00071568419944888144381
-0.00047441401350291077297
0.00028667750558389303931
-0.00014224369869192165025
0.000040074070929898746641
0.0080434009084363641634
0.018353841087745029222
0.028813599836865868719
0.037646522884337589266
0.047321599169732995955
0.053553061140835687867
0.062080990636957120851
0.064528562659324544267
0.072220174343986402237
0.068777145701562672836
0.07956370426865413222
0.036131100997492514766
-0.0062457268477355237758
0.0031862850038316605165
-0.0019755927121140237231
0.0013089469387893754573
-0.00087611304953614928187
0.0005680500014932375746
-0.00033836681240728994804
0.00016640708611723748134
-0.000046666163921901203076
0.0079781803852727501689
0.018584270751683625441
0.028353271257426524121
0.03839776747040759704
0.046211524095491945877
0.055107529516798898042
0.059961541508434088769
0.067403711386544362883
0.068243615231579155409
0.074614139956679145813
0.069518828691975999291
0.07871496317122457626
0.034971848697768288681
-0.0059038546184645854125
0.0029305839336354663924
-0.0017566810953718550976
0.00111282258036452945
-0.00069797698090232322844
0.00040726687269393520855
-0.00019781825618081227797
0.000055123844139235471818
0.0080353723017762699181
0.018382675667683879971
0.028754236689084930793
0.037747854871556854109
0.04716235884326967327
0.053794836958702294634
0.061715102043838674015
0.065096084350122552843
0.071286045556402373492
0.070507499001869030477
0.075415186183717720637
0.06878068966201401847
0.076187603563799275202
0.033067234658334365445
-0.0054352079599481895064
0.0026106269667188774277
-0.0014979309624869608921
0.00089052827803310005198
-0.00050363093665751973344
0.00024023458587872983049
-0.000066340219990558666315
0.0079850412023816843594
0.018559770011889719471
0.028403181804726318347
0.038313931347291931999
0.046340309469019904899
0.054918000715784531781
0.060236340625255241342
0.067002348896500709992
0.068848118990692277485
0.073644536536916936069
0.071272543518956973748
0.074605779444001060006
0.066578787383228676955
0.072035321587783844841
0.030457854013432133549
-0.0048496102094446588891
0.0022329724857615561109
-0.0012047279003719964975
0.00064742970601827852555
-0.00030033671014741079113
0.000081825023932190228051
0.0080293470820198019172
0.01840409161820498527
0.028710987447215884543
0.037819554489078381249
0.047054215593652164608
0.053950106603983946593
0.061497278381557399003
0.065400391764775506823
0.070855148027469333141
0.071138937294086187317
0.074427791645475780729
0.070523420080073743611
0.072202370577604856174
0.062960632643343104785
0.066346310474242537263
0.027199324791787094416
-0.0041592494869084294802
0.0018052533389630095651
-0.00088339296741743390695
0.00039120974643517759861
-0.00010432704693687156689
0.0079904984070652440068
0.018540449151162463192
0.028441917965992368575
0.038250410391813062815
0.046434681298567833959
0.054785201531333398498
0.060417789678321863193
0.066757489820448684262
0.069179192036909656168
0.073189235514688271326
0.071921741802185042055
0.073617228989951961868
0.068277788977736587143
0.06825476426019080346
0.058004392510242305607
0.059241261844442765467
0.023361105864008465388
-0.0033783184000644730764
0.0013360339146043194041
-0.00054224918387570411898
0.00013936536211403511643
0.0080242176374167707549
0.018422192114255305851
0.028674918312996952516
0.037878164315830176003
0.046968228766043949587
0.054069109596993905998
0.061338154282140009917
0.065609214776311955078
0.070582859881902221194
0.071495836507196182232
0.073951247947481018084
0.071183398245713148483
0.071226720203614925951
0.064586649943709401188
0.06284440036467728952
0.051817750840758015643
0.050870497454455189096
0.019025028407094825504
-0.002522499846567004111
0.00083524565826904569508
-0.00019965311863464236113
0.0079955547462102560878
0.018522655431993663535
0.028477197436181571205
0.03819351512858290545
0.046517289820624390885
0.054672430278972218975
0.060565934353033193675
0.066567438801777460408
0.069419885128337827516
0.072885450621352332212
0.072307590607885221943
0.073118117872808175975
0.068946548979669571494
0.067300399120931540968
0.059535151955981332099
0.056080836255448737484
0.044537103224077680675
0.04140989676212203096
0.014283606356714302071
-0.0016083089150147818081
0.00032137310751078258501
0.0080188883810794938027
0.018440905582781526521
0.028637963306305833088
0.037937405659119776536
0.046882920325341272153
0.054184306240351918768
0.061188935592298992737
0.065797229861475534964
0.070350165319051878325
0.071780944811923177748
0.073602866953960267135
0.071611392292111987598
0.070692532106965108535
0.065274596110314612539
0.061905875663717529546
0.053246871536344409614
0.048093388072066396452
0.036330008886872059534
0.031053826571927638833
0.00923844744271312345
-0.00065605143356939071921
0.0080018458630970964282
0.018500598896473457557
0.028520629102727259385
0.03812419128695824073
0.046616524704401105879
0.054539478525279189062
0.060736405904769614109
0.066355436082631572398
0.069677902525197896652
0.072576085177528676915
0.072675081260352723696
0.072683273569839902707
0.069462270095918490175
0.066682301335145103833
0.060293324529928688041
0.055107292849072182698
0.045909154955465386377
0.038998636978612418621
0.027420855331878521818
0.019990489270473639719
0.0040043070644435833311
0.0080086141288871666621
0.0184768948854262469
0.028567212713428604142
0.038050056814189651009
0.046722211728016930777
0.054398649583574188832
0.060915708026864267098
0.066134469316668730891
0.069943697395536577361
0.072262201994985029532
0.073040566824845213596
0.072262201994985029532
0.069943697395536577361
0.066134469316668730891
0.060915708026864267098
0.054398649583574188832
0.046722211728016930777
0.038050056814189651009
0.028567212713428604142
0.0184768948854262469
0.0080086141288871666621
0.0031239146898052498699
0.016386580716846852842
0.039950332924799585605
0.073318317708341358176
0.11578001826216104569
0.16643059790129384035
0.22419058205639009647
0.28782893989628060821
0.3559893415987994517
0.42721907291955245453
0.5
0.57278092708044754547
0.6440106584012005483
0.71217106010371939179
0.77580941794360990353
0.83356940209870615965
0.88421998173783895431
0.92668168229165864182
0.9600496670752004144
0.98361341928315314716
0.99687608531019475013