0.0022810706482736294347
-0.0008655566056362498811
0.00066016362300440114436
-0.0005519260872374702738
0.0004796461849600692816
-0.00042546336453355032707
0.00038188622059569534551
-0.00034513682492966371784
0.00031308203951787477874
-0.0002844226743549637694
0.00025832446339732140263
-0.00023423140968053838673
0.00021176360635604946538
-0.00019065775971373234375
0.00017073084298359411599
-0.00015185701428930135902
0.00013395252548041279624
-0.00011696567226527975811
0.00010087008421344095267
-0.000085660367693008901273
0.000071349562407605913933
-0.000057968202882264946801
0.00004556510456357999376
-0.000034210472420914502059
0.0000240029010380101608
-0.000015084376219752525494
7.676023262370873124e-6
-2.1917851745899422098e-6
0.0049358655531957099338
0.0052830281481928149379
-0.0014319630359220276144
0.0010007605233807604158
-0.00080884237551954679316
0.00069144598935933148441
-0.00060746419813932158352
0.0005416163431119461749
-0.00048685575544246789702
0.00043945894519140953525
-0.00039726818851253883328
0.00035894967788917610508
-0.00032364077497452594714
0.00029076646638693406366
-0.00025993690971256182616
0.00023088697869495558177
-0.00020343900873781366156
0.00017747910160820119184
-0.00015294179482922085893
0.00012980021225984429756
-0.0001080601113611850277
0.000087757071255412125258
-0.000068956742466750337174
0.00005175890487667849651
-0.000036307609204773365244
0.000022813556816446478092
-0.00001160795494714710374
3.3143021138831798106e-6
0.0043790635440002115574
0.011485785504005793464
0.0082253569455760949944
-0.0019547245986173619852
0.0012888396454807775761
-0.0010096966330725883404
0.00084675737568951759904
-0.00073414489625653758211
0.00064800449330213125865
-0.00057762127375785280573
0.00051747396298038301671
-0.00046443631171965897508
0.00041661573986676437325
-0.00037281080104269733753
0.00033223388656547327053
-0.00029435916292710398054
0.00025883440891630605823
-0.0002254276464250728141
0.00019399384856349208942
-0.00016445392673512016593
0.00013678177357347565327
-0.00011099716968020155708
0.000087163740357879629019
-0.000065392480584159210342
0.000045853462666645607373
-0.000028803337646094871789
0.00001465281854868383371
-4.1832260982789820376e-6
0.0046758886597584001662
0.010088378812984062352
0.017903367313966520793
0.01106823368975105696
-0.0024465236011069226215
0.0015488233556057913696
-0.0011825842527545519404
0.00097416836008356698604
-0.00083327145260105099631
0.00072745544076911681439
-0.00064227632216575246531
0.00057035930070021320425
-0.00050756742172251288938
0.00045141909758614913076
-0.00040035275788130426622
0.00035335324229946734538
-0.00030974829436412659846
0.00026909147767073804625
-0.00023109196482574949939
0.00019557131499556649418
-0.00016243681160808704413
0.00013166586115714842105
-0.00010329887073213268432
0.000077440282564317484223
-0.000054270303456829660272
0.000034075996965355959977
-0.000017330147410965665429
4.9467977064778690291e-6
0.0044827248905742917769
0.010876224531485647206
0.015681221838889503084
0.024101990821976683604
0.013776836418929186358
-0.0029055864584284056909
0.0017844962089211751189
-0.0013337911036494970392
0.0010811534767420444696
-0.0009128233390222550232
0.00078807240982997355655
-0.00068882790269728840101
0.00060589643469930336683
-0.00053414109026367193105
0.00047049287241616855113
-0.00041302846614917168806
0.00036050278374653322486
-0.00031209510726825298004
0.0002672636534124572782
-0.00022565895229749047323
0.00018707121121407417948
-0.00015139881193341662259
0.00011863148521413563186
-0.000088845848115645747782
0.000062215091938272496419
-0.0000390420905065207054
0.00001984807999951417371
-5.6643268548722452395e-6
0.0046216153898631270197
0.01034220062069460615
0.016959660922112057931
0.021085940588169385894
0.030006744458125423882
0.016318230991749898948
-0.0033277820899973911563
0.0019955248841329068216
-0.0014647130216099729919
0.0011700617241857305032
-0.00097569855016898401749
0.00083306274535026053379
-0.00072064120676099882505
0.0006275089601673736891
-0.00054757248569703839936
0.00047719829832262439181
-0.00041411420357161901575
0.00035685307365170073996
-0.0003044513704891400949
0.00025627704318996660787
-0.00021192779171600976697
0.00017117036128904953602
-0.00013390605825998770994
0.00010015586657377623097
-0.00007006495016087671061
0.000043935698515209800564
-0.000022324749027250950843
6.3693927765852353367e-6
0.0045154619326859592894
0.010738027533812601994
0.016077492999362068217
0.022837862299607542091
0.026236273818358139708
0.035546376030266693992
0.018661553558642194756
-0.0037086134444073452722
0.0021804868561552644338
-0.0015752704573327999333
0.0012415747876403413791
-0.0010230534189534781615
0.00086388908268982387565
-0.00073937674040127781036
0.00063698161359128552881
-0.00054971896124489386475
0.00047342858181151723895
-0.00040551285325990095347
0.00034429852231116026644
-0.0002886914634795929571
0.00023798046542789488804
-0.00019172253289248991032
0.00014967657894497541315
-0.00011176972267997318565
0.000078091489846768592018
-0.000048923651383007525488
0.000024843755702782861509
-7.0856676381409658569e-6
0.0046000307977726589473
0.010428346911711855349
0.016741333818611177229
0.021617546443650273475
0.028438026891134498468
0.031069281275750370008
0.04065390451335353613
0.020778354307225304598
-0.0040437753392203893582
0.0023377258508721859931
-0.0016649212223695226425
0.0012957796329262378563
-0.0010553768208525314992
0.00088131237017389118245
-0.00074598463104587676129
0.00063539723074420473927
-0.00054175616548396186207
0.00046042362095594654722
-0.00038850841262611327823
0.00032415394264333530689
-0.00026615404076591470668
0.00021373613789754990112
-0.00016643698570443329866
0.00012403530315637453161
-0.000086526996513443351907
0.000054146680466391819499
-0.000027474967534819429391
7.8328336387334965094e-6
0.0045306011178466350995
0.010679649014615757716
0.016215317375584705138
0.022543783953835254995
0.026895857326292384433
0.033692046176271251528
0.035526022495684147924
0.045267490483574236069
0.022642936098258210236
-0.0043293771566038046673
0.002465667800448057488
-0.001733039489067385218
0.0013325801304891724118
-0.001072912720620892103
0.00088581115394131357988
-0.00074111180726930322461
0.00062352657196591384275
-0.00052454765687313463945
0.00043911818331334886543
-0.00036409270328416367392
0.00029746078163623509308
-0.00023792988613617317028
0.0001846928318177887085
-0.00013729961780480481993
0.00009559842451480298578
-0.000059740143355438682991
0.000030284861116704268538
-8.6295058916798366321e-6
0.0045889145890256180835
0.010470248673684010641
0.016646777396926312869
0.02180420318224533281
0.028072634251340531063
0.031848544604860908491
0.038536221507139893946
0.039552220168550679748
0.049331230489837088337
0.024232664499482478963
-0.004562058826253154641
0.0025629626787379762786
-0.0017790825953636953
0.0013518796006897200788
-0.0010758502164480314115
0.00087777301703204171427
-0.00072529065427505733806
0.00060201153687663051051
-0.00049882121219564235358
0.00041031084157335391543
-0.00033312743834073496971
0.00026514398837190600937
-0.00020501698397643053616
0.00015194563659590319543
-0.00010555091333723337236
0.000065847841442068182782
-0.00003334325068277819581
9.4951089011727648418e-6
0.0045390587688267240443
0.010648270301994227628
0.01628398058953497284
0.022414937963434168502
0.027128373488167097967
0.03326015061767063638
0.036415496068613305279
0.042911847883146009172
0.043098884205891282656
0.052795859923119498147
0.025528241894515192454
-0.0047390629974394956964
0.0026285580376146083724
-0.0018026734550674254467
0.0013536702732480021072
-0.0010644171331474369262
0.0008575898018778915341
-0.00069903407039880496407
0.00057145900051517272935
-0.00046526114583790940777
0.00037475534614444890175
-0.00029643638841628773915
0.00022810857520178559315
-0.00016842849020898209684
0.0001166695055259589539
-0.000072634177665236293382
0.000036729011476248630556
-0.000010451442875008432495
0.0045822928984475166582
0.010494533876625715486
0.016594794862484201566
0.021898371129954854112
0.027911592815284524722
0.032123746425191112032
0.038043172302049213959
0.040541236496258957217
0.046765889885899118559
0.046122885316507023268
0.05561936428870985814
0.026513941480711604478
-0.004858284180861894584
0.0026617407428617577818
-0.0018036442414414277727
0.0013380797559733768709
-0.001038928591004295172
0.00082570748391123767332
-0.00066288616886492008859
0.00053249239970078044929
-0.0004245616051743440716
0.00033321763352668182054
-0.00025487011185274945413
0.0001873198627920971797
-0.0001293042948562749844
0.000080297582488165054513
-0.000040536183968882618044
0.000011524321057952879053
0.0045443676805359966533
0.010628968064293792346
0.016324625193259615279
0.022343175620676815344
0.027246534781720354376
0.03306915302219833368
0.036729920268701651022
0.042363580218220877697
0.044175645140270596807
0.050051620557533629288
0.048587466054092304701
0.057767496603484482056
0.027177798064573533813
-0.004918302632534169572
0.0026621611954213314851
-0.0017820597596102057854
0.0013053952443869438718
-0.00099981234635317911842
0.00078265277333716776048
-0.00061745058425235632651
0.00048578287155067384763
-0.00037746287661342644533
0.00028652181616762465393
-0.00020937036918806242266
0.00014390408860605032017
-0.000089087761249962507336
0.000044881575931886871096
-0.000012745571852685336924
0.0045779492247273173914
0.010510220980755835973
0.016562175413920945216
0.021954857286610196159
0.027821150317654736159
0.032264263379258863927
0.037824635264675251942
0.040891094158197368347
0.046168909127955538119
0.047274578104079555976
0.052729190126308004949
0.050462679732054432776
0.059214197270732345119
0.027511753254118799071
-0.0049184061479166710031
0.0026298461866901492341
-0.0017382286555089350243
0.0012560748804955189653
-0.00094762108056409276403
0.00072904715190460393528
-0.00056340767629178304263
0.00043207229972246435743
-0.00032478534624081853796
0.00023560488056424629872
-0.0001610656304466238588
0.000099329994754439568547
-0.000049915176182387716589
0.000014155735953563251571
0.0045479855605936956178
0.010615971472568017592
0.01635138389639775042
0.022297533009948737779
0.027318067957294126417
0.032961247329740616435
0.036891034817561925155
0.042120116290742392238
0.044556825044611816536
0.049412950079529050689
0.049800408908534865942
0.05476611161693214398
0.051725749942456918393
0.059941912656154269144
0.027511753254118799071
-0.0048586011415852774925
0.0025652032293687761797
-0.0016727063372776200417
0.0011907508948854019493
-0.00088303693143911764783
0.0006656144562532408477
-0.00050152814739086242959
0.00037219860424093396972
-0.00026747747979636344336
0.00018161009289191776108
-0.00011146152276875522671
0.000055835315629793902349
-0.000015807928180058521969
0.0045748868683999442063
0.010521174720453743005
0.016539801652402152496
0.0219925632908960636
0.027763043207046435138
0.032349940167332173243
0.037700569993897815957
0.041070925742899935348
0.045903322780768776798
0.047682676225627790165
0.052056296135383564026
0.051722487717036265083
0.056137655888757273412
0.052361345312816266656
0.059941809140771767713
0.027177798064573533813
-0.0047396136420612731009
0.0024690177349380802062
-0.0015862915585686713626
0.0011102270562458236636
-0.00080687160377026850181
0.00059318684858273849011
-0.00043269103869853578358
0.00030713805613801833951
-0.00020670824117470142414
0.00012608869789257470961
-0.000062911767908162470166
0.000017773616011262216097
0.0045506169754893059904
0.010606592480354512494
0.016370416308664024934
0.022265771674358388904
0.027366352975066275536
0.032891332095352547351
0.036989889483757707691
0.041981270219624953267
0.044753379796815640022
0.049128215167829878014
0.050230776305119147234
0.054066811552427504127
0.053017516373173690756
0.056827150749679025914
0.052361765765375840359
0.059213880310008962211
0.026513941480711604478
-0.0045628804996794732333
0.0023424436824579346568
-0.0014800176893826980879
0.0010154721181916519783
-0.00072006518476482444706
0.00051271555830868586431
-0.00035791997742615200584
0.00023809624954725980793
-0.0001440809713320115774
0.000071522419759914389513
-0.000020151601900257788789
0.0045725927394222673019
0.010529327284909381245
0.016523348068817426282
0.022019797873976154966
0.027722101328067354813
0.032408353408298012304
0.037619543505700677251
0.041181953268306160293
0.045751133342354329879
0.047893869998449785196
0.051755517859429189871
0.052170293159545317421
0.055420013262294504553
0.053669836234989596034
0.056826179963305023588
0.051727038091532459254
0.057766945958862704652
0.025528241894515192454
-0.0043305309241545402215
0.0021869879906251378152
-0.0013551392686953999773
0.00090761104867108423293
-0.00062368863417083848321
0.00042529934969127474841
-0.00027847058393205458229
0.00016673330161721714867
-0.000082214005608597752541
0.000023082527720534825098
0.0045526461876460861046
0.010599399547068408072
0.016384866049710121806
0.022242018292839347292
0.02740172720126246952
0.032841478967476228433
0.037057963128912483503
0.041889836052791344165
0.044875561354943066556
0.048964150211160600279
0.050454472252153754397
0.053753173615698266293
0.053477823112115025913
0.056099356724685629553
0.053671626907547878062
0.056134678724510762927
0.050464920282685232677
0.055618542615283539548
0.024232664499482478963
-0.0040453582933206678655
0.0020044884458999294468
-0.0012131143898555044341
0.00078791737863888940536
-0.00051896141348215834701
0.00033226419725678110963
-0.00019606350577412288018
0.000095807622701619235146
-0.000026773292478359214076
0.004570770802438938706
0.010535771435268925607
0.016510454034507628672
0.022040868954987310934
0.027690972455663177536
0.032451769151682009188
0.037561037003420562682
0.041259247832814374102
0.045649964899800584145
0.04802621081565160906
0.051581031445903519547
0.052404356389457295112
0.055096707936416370851
0.054137695354296284561
0.056096419228858490244
0.053023015998657895215
0.054760922450490594173
0.048590815988582327419
0.052794706155568762592
0.022642936098258210236
-0.0037107818691236268735
0.0017970846216002415879
-0.0010555841927714536317
0.00065781551156598828309
-0.00040731657433314107521
0.00023539651556748485096
-0.00011359271823012784065
0.000031540178700623769858
0.0045543084629085253729
0.010593531263920449305
0.016396567210685798169
0.022222994376015557272
0.027429637534701998184
0.032802898969204231195
0.037109370979386839611
0.041822862655216523902
0.044961718253873085164
0.048853837411591071203
0.05059606016807443836
0.053569639126907170817
0.053720198898402862888
0.055769491139283474902
0.054142194138063706959
0.055410972949999599126
0.051732103328496971099
0.05272140501139990755
0.046127603148092771932
0.049329647535736809829
0.020778354307225304598
-0.0033307973960691466182
0.0015671807077494278889
-0.00088435405327612575205
0.00051892093585184044501
-0.00029061992745898724061
0.00013770938467377452643
-0.000037889501225400077916
0.0045692269641853998353
0.010541212540682847014
0.016499637542535197514
0.022058375889655345328
0.027665442560538345901
0.032486785404554822484
0.037514829650176879422
0.041318728149022714307
0.045574563659996013428
0.048121030476653797659
0.051461996642290285861
0.052554454379611691716
0.054905315090391961492
0.054386524894646312612
0.055762883248638875952
0.053491707046457243751
0.054050936380376687117
0.049814909001390043528
0.050040599456297757859
0.043105385340361156037
0.045265322058857954467
0.018661553558642194756
-0.0029099140467668960954
0.0013173990195002330074
-0.00070139492010542817151
0.00037322089179012177144
-0.00017197123742697211812
0.000046679363861299580006
0.0045557719037706736341
0.010588381045412880827
0.016406778192636980188
0.02220653232966299063
0.027453516971284596485
0.032770368041759785607
0.037151936755995339976
0.041768636406166618962
0.045029595153326453863
0.04876978036945409802
0.050699630715378684167
0.053441997164994827971
0.053878397830824443235
0.055571078993934636541
0.054395997548070224452
0.055076237335908066452
0.052194820216072948421
0.052032182339199368925
0.047295267274779227422
0.046750585218126393463
0.039561183730317702374
0.040650889207281780668
0.016318230991749898948
-0.0024530716202670511663
0.0010505267913327280259
-0.00050894703095986794196
0.00022385567569102372552
-0.000059474093315868150294
0.0045678056234021311146
0.010546208216386115702
0.016489755981658710694
0.022074252287563841423
0.027642518685974018464
0.032517830498285662265
0.037474505929217806135
0.041369637403236535016
0.045511531148813910944
0.048198065345552500647
0.051368578896298637887
0.05266738017767667573
0.054768624595296239315
0.05455301363582142959
0.055557647598501270072
0.05374969969444776426
0.053716710864120497356
0.050268411379200411351
0.049378152337987212948
0.044204718719774376001
0.042890499718100106234
0.035538610908363214393
0.035542048441928203588
0.013776836418929186358
-0.0019655234424745696839
0.00076949205226268690463
-0.00031016823510001733056
0.000079416405972967092519
0.0045571944988407810004
0.010583386443796595541
0.016416637894186834029
0.02219073768295894358
0.027476232555294055232
0.032739760854231930581
0.037191441256127241091
0.041719145426058696239
0.045090300881520853977
0.048696420963790707425
0.050787392311359646861
0.053337631255787335554
0.054002242886847600281
0.055423859266118902407
0.05457208741065144901
0.054863163550869580516
0.052457523660722995751
0.051698760111196137372
0.047737873558195841111
0.046119143649117471467
0.040582540254367042209
0.038505691370038941452
0.031087638627894006527
0.030000196438965295337
0.01106823368975105696
-0.0014526534228143308039
0.00047767748340156752343
-0.00011374736321114129684
0.0045663245226455378514
0.010551403477836946042
0.016479517228798284861
0.022090613916835468312
0.027619065318442531926
0.032549298243141918268
0.037434104286964591069
0.041419926840877133542
0.045450326123251540637
0.048271335150401465836
0.051281911435455457721
0.052769048552506902897
0.054649955292074171607
0.054691272621672124871
0.055396317309280295479
0.053938980389280303254
0.05349231927314286793
0.05053900982605000189
0.049042950272722810731
0.044637867703214289212
0.042290853510707146777
0.036476349741594871913
0.033646158616572386237
0.02626483319237759514
0.024091191978119475905
0.0082253569455760949944
-0.00091972920762016358804
0.00018307775254704731204
0.0045588269944333756896
0.010577664251332776979
0.016427900334335743511
0.022172774988706887285
0.027501913932981694219
0.032705418725966548234
0.037235350046028977387
0.041664768725811794223
0.045156071984256576174
0.048618270793794178784
0.050879004687422183715
0.053231321970161022617
0.054124709150452112045
0.055283443417950159967
0.054732740041850664078
0.054679236904121593574
0.05266893328353403285
0.05145375197754292374
0.04802587005377354839
0.045772727951958888368
0.04101509227133866302
0.037930571315423711095
0.031945015994140466412
0.028362515213377919509
0.021135706856121353504
0.017882676927074217603
0.0052830281481928149379
-0.00037372425664845106442
0.0045643330817218488116
0.010558380273123259003
0.016465798267371942514
0.022112464478464103759
0.027587883310279287218
0.032590896878936217903
0.037381075320166654459
0.041485359052043003281
0.045371532564209429372
0.048364458914751516973
0.051173449461295664665
0.052893930435942796159
0.054507453143436368986
0.054852775665254004025
0.055214164267951330485
0.054143832522791018161
0.053262114371103747342
0.050798159325633063504
0.048749751673319921695
0.044972790156998545692
0.041901845439380272913
0.036941220896688694166
0.033061925348033348224
0.027074026652898303434
0.022688393466739584194
0.015790550268147788844
0.011431612902021879757
0.0022810706482736294347
0.0045621412965472588694
0.010566056296385629876
0.016450713891152189989
0.02213646737950211392
0.027553672837858372716
0.032636461983499797897
0.037323107117284389512
0.041556708614450609195
0.045285872196516420471
0.048465328998964957925
0.051056483789030384907
0.053027882961423208955
0.054355596129147067627
0.055023506508237598141
0.055023506508237598141
0.054355596129147067627
0.053027882961423208955
0.051056483789030384907
0.048465328998964957925
0.045285872196516420471
0.041556708614450609195
0.037323107117284389512
0.032636461983499797897
0.027553672837858372716
0.02213646737950211392
0.016450713891152189989
0.010566056296385629876
0.0045621412965472588694
0.0017787512130227750248
0.0093484173145636231527
0.022870359685530901373
0.042183486803933963065
0.067053738712802475529
0.097179314541410414276
0.13219456099318411399
0.17167445298056751939
0.21513976409429914035
0.26206288752244086948
0.31187424195546064489
0.36396918618241096116
0.41771535893330961436
0.47246035505798286479
0.52753964494201713521
0.58228464106669038564
0.63603081381758903884
0.68812575804453935511
0.73793711247755913052
0.78486023590570085965
0.82832554701943248061
0.86780543900681588601
0.90282068545858958572
0.93294626128719752447
0.95781651319606603693
0.97712964031446909863
0.99065158268543637685
0.99822124878697722498