0.0033529648717854430203
-0.0012692438138236595132
0.0009638526167051020762
-0.00080069475489803895492
0.00068992687787043646474
-0.00060539928782140787923
0.00053619573302218566364
-0.00047685365531941156625
0.00042432585025818115597
-0.00037679023536773770375
0.00033310860769862368084
-0.00029255328276517366833
0.00025465791398439503279
-0.00021913126638454353557
0.00018580538412898726106
-0.0001546039424464475348
0.00012552350704982775443
-0.000098624210393194914471
0.000074028992823467390073
-0.000051933532698250770418
0.000032634983866199396575
-0.000016606613963243867214
4.741757912199249547e-6
0.0072552687286121829807
0.0077470014642448610777
-0.0020907175091256767458
0.0014518636373398773814
-0.0011634892492248639688
0.00098392724298662867316
-0.00085299302856470226336
0.0007483993959518642133
-0.00065993938126909286603
0.00058228149597685968163
-0.00051239247104421513113
0.00044845016440769337117
-0.00038932749833193173047
0.00033432497568021705376
-0.00028302278384488337261
0.00023519556872819025354
-0.00019076301442991050306
0.00014976336563572653211
-0.00011234477513159243798
0.000078775672208784721185
-0.000049485348914808289747
0.000025175215846558424663
-7.1874767953830333355e-6
0.0064368272788650917249
0.01684267708532136678
0.012009417932771167143
-0.0028359189125347440367
0.001854053098376249529
-0.0014369310781852820478
0.0011891673786211785605
-0.0010146240513494689977
0.00087859720088138920857
-0.00076559037908640962826
0.00066769969769299750895
-0.00058052465704099725638
0.00050147252781908131813
-0.0004289677022430180234
0.00036204951493054015803
-0.00030015444016690834842
0.00024299393020474230011
-0.00019048698568080060631
0.00014272913422982677323
-0.000099993317370540246787
0.000062773688402648164008
-0.000031921869373499838911
9.1115119073386880519e-6
0.0068731164276363027414
0.014793572243940566553
0.026139742080643172997
0.016058105352131463032
-0.0035196354317112526988
0.0022044200907365364829
-0.0016610819505043224185
0.0013466823961643116512
-0.0011301721125867161455
0.0009646074148679632362
-0.00082919530526775229627
0.00071341789812896378392
-0.00061146711915870246389
0.0005199481427207700108
-0.00043681473499902782568
0.00036083180649541472911
-0.00029128779610002353765
0.00022783725761928617052
-0.0001704199961410112779
0.00011923610728579501941
-0.000074782268048057677576
0.000038004187577915219232
-0.000010843826652428973603
0.0065892163534453342436
0.015948765411416395352
0.022895440202979820117
0.034967758137484126623
0.019820352944179738731
-0.0041358866865278791903
0.0025069934014703319835
-0.0018443402566621982424
0.0014669610111956541723
-0.0012110535407250461804
0.0010181263578646371051
-0.00086235272709193541616
0.00073071089374265002835
-0.00061603483718879237791
0.00051415243762193138864
-0.00042256258408664764891
0.00033977090495470685133
-0.00026493873936151415396
0.00019769818833682832586
-0.00013807131789476067941
0.0000864814985371857162
-0.000043911182605871850927
0.000012523319495359027422
0.0067933156687606993027
0.015165856861773649571
0.024761732645723409469
0.030592300971461262868
0.043169697246452602596
0.023228941515008786869
-0.0046758219586475777347
0.0027601342023977035484
-0.0019882352695816434051
0.001553259558305115143
-0.0012615251033645262776
0.0010439872083691669658
-0.00087020598829256002192
0.0007248584381585428824
-0.00059952918070176785575
0.00048933443794713919015
-0.00039136549454325681045
0.00030391233339018577639
-0.00022606192879423025737
0.00015750328888758366005
-0.000098482224009924542773
0.000049947046107140412932
-0.000014235840782598580446
0.0066373699338798992637
0.015746000506153249886
0.023474230153425042785
0.033133401937168772793
0.037745825412545183313
0.050599830942219718193
0.026223022866135352519
-0.005130743800755259756
0.0029610247810906855299
-0.0020924475933539462152
0.0016066537063972004899
-0.0012835280873020476482
0.0010446919368216494514
-0.00085562481931373083653
0.00069897056068411310624
-0.00056521650857009255621
0.00044886603824795047371
-0.00034668032858553504453
0.00025681170667255436955
-0.00017837493951183525528
0.00011128448759902457653
-0.000056356635909461751574
0.000016049862438434121312
0.0067615443616041134415
0.015292332646468764988
0.024442675875258462957
0.03136400897900755154
0.040912237813657574107
0.044227731059070634925
0.05712596026707001183
0.028749160055602841235
-0.0054930077518509078266
0.00310695738427096894
-0.002156306607568443879
0.0016276074329154610306
-0.0012782452408299820837
0.0010219090943665980022
-0.00082061940600878853756
0.00065530724088451256534
-0.00051555194655720628047
0.00039537576118292767336
-0.00029132466970873256067
0.00020154589392861423869
-0.00012538384110595445655
0.000063377866059293674261
-0.000018031190722090368394
0.0066596799180440377577
0.015660198439226242302
0.023675836450653703512
0.032706167889306876374
0.038695532337135950728
0.047959222143767123087
0.049921946638670608322
0.062631860435682271987
0.030762271076682382617
-0.0057564113030837843335
0.0031958203845993715513
-0.0021793524378684646884
0.0016165724665580594867
-0.0012467086373787271297
0.00097707139097951839752
-0.0007669173250983760549
0.00059583120342074841281
-0.00045271131771602680708
0.00033127212081885312516
-0.00022802012947914829236
0.00014134209812791398105
-0.000071274904099097197124
0.000020252045904547152205
0.0067451324849783298336
0.015354026656672908295
0.024304138788382091762
0.031635556557077859487
0.040385545084138427502
0.045338287256453576155
0.054148694773921499908
0.054726607153544554146
0.067019419554570268106
0.032226430547020537495
-0.0059164063168801930648
0.0032263173266756070475
-0.0021615790665195550549
0.0015742476113087097016
-0.0011900663028978082176
0.00091164387794532468023
-0.00069623190719058055875
0.00052248089474501600938
-0.00037888241706374871749
0.00025908491606828434508
-0.00015985799011715971619
0.000080369312771057930248
-0.000022799280777472340265
0.0066722023008975780238
0.015613871390164843643
0.023776692991728303055
0.032518297389001384458
0.039031335117825082111
0.047342782371065496245
0.051173792426488638638
0.059370313146147319319
0.058555821652751742677
0.07021042478899148975
0.033115509851174154343
-0.0059702261001052724557
0.0031980735885947803028
-0.002103545377140435012
0.0015016963548153515226
-0.001109705910737496584
0.00082725528522611640321
-0.00061040775452054786736
0.00043734636365934826711
-0.0002965076927078210544
0.00018186019769733459892
-0.000091078793991188490283
0.000025784263740742640657
0.0067352866406584399487
0.015390029109308446208
0.024227486063216865359
0.031773352556401015659
0.040152237521996021369
0.045732110094338068063
0.053453358413973259615
0.056097923676389525274
0.063530963014807095315
0.06134117730948682781
0.072147976466280863262
0.033413643046526543838
-0.0059169567639325545761
0.0031116837845542471792
-0.0020064208614423300815
0.001400396434816157197
-0.0010073126817025545776
0.0007257729356795056752
-0.00051153163363654390789
0.00034285814786191040462
-0.0002086501976745310735
0.00010397381918127594689
-0.000029356897087553908051
0.0066801454798301434
0.015585081722480910646
0.023836975667844999687
0.032412718396970747118
0.039203359524700129194
0.047068290784538121606
0.051618790447044588634
0.058608026021943179055
0.060022845798549413711
0.066556406471181510001
0.063032946113753528383
0.072797512193158360131
0.033115509851174154343
-0.0057575636949504147607
0.0029687205006130225571
-0.0018719930349416368485
0.0012722533057820663995
-0.00088489934104792250631
0.00060937077053439535079
-0.0004020866847384583947
0.00024214287381403123033
-0.00011986846167512148774
0.000033727442673308016864
0.0067287290243483583809
0.015413633615718664225
0.024178693855659494002
0.031857125788194641719
0.040019588305423226179
0.045935402135272557729
0.053142277639461285596
0.056586676233260357791
0.062714608456262573451
0.062878613482732365288
0.068392598768867863741
0.063600968766377480628
0.072147426019228501751
0.032226430547020537495
-0.0054948774012055028727
0.0027717129576611283252
-0.001702649041650794871
0.0011195957735639975833
-0.0007448391957789500407
0.00048065414718506657702
-0.00028530292283975747583
0.00013997627181681386032
-0.000039202741407443792935
0.0066856776976663388885
0.015565277832588819352
0.023877493767414420305
0.032344230833742074356
0.039309433767540624336
0.046910594347733600546
0.051850214528849956624
0.058265237436304058526
0.060547470762385246836
0.065699569731419802119
0.064614447235790249199
0.069006638530921552364
0.063035199317748937135
0.070209272397124859323
0.030762271076682382617
-0.0051335403244765895159
0.002524099093600096715
-0.0015013391137495493483
0.00094517355122352673342
-0.00058995718504395031047
0.00034299941488863077404
-0.00016619551073652014624
0.000046249825526848282974
0.006723960934292976409
0.015430625062430428481
0.024144219706648288742
0.031914664810334311825
0.039932030558068210022
0.046062507268834646065
0.052961597678827911318
0.056843012870321169905
0.062345161559373553771
0.063430951999674476987
0.06750926494317829077
0.065199678660137626645
0.068387326309916752565
0.061345903709770106049
0.06701754990521567306
0.028749160055602841235
-0.0046799145347993067927
0.0022301519709469388136
-0.0012715319252980966455
0.00075220172525537452371
-0.00042384000971612867091
0.00020167028202095716687
-0.000055614618033227400886
0.0066898798811324519193
0.015550359564399183907
0.023907551377943309709
0.032294585643774761319
0.039383894181686923092
0.046804563358603108783
0.051997179694022754563
0.058063536619775775027
0.060825571592680652128
0.065308485913354805826
0.065186327765526659234
0.068110814180355135324
0.064624365995951108196
0.066545308687395021204
0.058563517372274079704
0.062629063911960942227
0.026223022866135352519
-0.0041419479122021444547
0.0018948804758142941485
-0.0010171912329058467291
0.0005446057121172915006
-0.00025199757766352773078
0.000068559809690986776983
0.0067201655843534846211
0.015444055882382581742
0.024117318089552258829
0.031958707415375342404
0.039866767817153707719
0.046153970696627387962
0.052837411226813961847
0.057008985673258543281
0.06212407133406653309
0.063728002655882532107
0.067101225690640868708
0.06578329888468392071
0.067492544805712834963
0.062899601535735959846
0.063512777422946408639
0.054738185908807978922
0.057121867690918282772
0.023228941515008786869
-0.003528991358093125135
0.0015239097328016631959
-0.00074289678018107518321
0.00032814606671607258433
-0.000087385925189813262021
0.0066934064240755270132
0.015537914111095594006
0.02393235436700514857
0.032254282022157686743
0.039443007700022649136
0.046722821769379087892
0.052106274827315998186
0.05792088269529233012
0.061010389715742833845
0.065068895931229867367
0.065500308808605658657
0.067689638820145023092
0.065212893344483671581
0.06566391463476612117
0.060057581142169111062
0.059342660367867880713
0.049939052330800373054
0.050593769716545452929
0.019820352944179738731
-0.0028515474332212005594
0.0011233956625625141692
-0.00045476248292667319676
0.00011671339012555179703
0.0067167735702233150143
0.015455998740911806936
0.024093618133590391963
0.031996974596977131044
0.039811125884500488739
0.046230045772398287568
0.052737333528370728575
0.057137488304710267742
0.061961356888363793059
0.063932912951320304979
0.06684248682150701115
0.066113868194924123892
0.067060215007616060982
0.063488253679173111753
0.062654714265951481379
0.05615163771504137082
0.054107127682775027456
0.044253462939281037256
0.04316034132007073016
0.016058105352131463032
-0.0021209062151008387114
0.00070043068454915560283
-0.00016718668406541670078
0.0066968182316635473526
0.015525924797863221994
0.023956062177139686122
0.03221620402163346631
0.039497976754129650688
0.046648370015698374345
0.052203051802065962737
0.057798474551372590819
0.061162492638434225076
0.064881828796284093013
0.065729547174529227368
0.067407810750094084932
0.065563320004655311177
0.065218451473127484618
0.060645944952483376025
0.058512944162555151468
0.051256878353649526477
0.047894814108202855786
0.037786652789983227932
0.0349521296167976701
0.012009417932771167143
-0.0013486741568316446243
0.00026910246470579431572
0.006713117220366269074
0.015468827712643163731
0.024068321214457142576
0.032037435032054141342
0.039753050663491069899
0.046308119664381847206
0.05263680874670061554
0.057263124542477492217
0.061807564937209648606
0.064118536118360857936
0.066620347200680240416
0.066378835928645394305
0.066743412173392523817
0.063870579598064215308
0.0621844815346338581
0.056749920715253818258
0.0532990387608354073
0.045473955787030945065
0.04080419513758434143
0.030664347066923048682
0.026109553374668011032
0.0077470014642448610777
-0.00054933898504129694007
0.0067011879856586867911
0.015510609542452966023
0.023986200881676134889
0.032168144236961176834
0.039566676895536010071
0.046556507240410768653
0.052320522225220877283
0.057652924053652130006
0.061338736769235777973
0.064671992360425618525
0.065976361788363913653
0.067119839375818261344
0.065897911094649685005
0.064829651329408812693
0.061100216303106584078
0.057975173766525094037
0.051909849999248519373
0.047063282317838981618
0.038950779010489040997
0.032916905459160965019
0.02305498324883723221
0.016763246742313381669
0.0033529648717854430203
0.0067059297435708860407
0.015494002928489722155
0.024018835865542334286
0.032116210704262926064
0.039640705888359477461
0.046457883030017573739
0.052446045732270705037
0.057498320111205682471
0.061524542153364765234
0.064452861094041074989
0.066231019702348308686
0.066827286093053087676
0.066231019702348308686
0.064452861094041074989
0.061524542153364765234
0.057498320111205682471
0.052446045732270705037
0.046457883030017573739
0.039640705888359477461
0.032116210704262926064
0.024018835865542334286
0.015494002928489722155
0.0067059297435708860407
0.002615332501223938238
0.013728764390942384022
0.033514456586991948825
0.061623820864779166311
0.097555799190580053924
0.14066931843402490277
0.19019506211817692181
0.24524926107699622516
0.30484948098485458429
0.36793215951482753473
0.43337158785076694453
0.5
0.56662841214923305547
0.63206784048517246527
0.69515051901514541571
0.75475073892300377484
0.80980493788182307819
0.85933068156597509723
0.90244420080941994608
0.93837617913522083369
0.96648554341300805117
0.98627123560905761598
0.99738466749877606176