0.00054193081240686248576
-0.00020643457065004627787
0.0001585546623192027923
-0.0001339163827470931824
0.00011795652519270049754
-0.00010641071005598244203
0.000097480842720626733118
-0.00009025291106771147128
0.000084204841307178940677
-0.000079013426586417388284
0.000074466368000447157283
-0.000070417730310531528729
0.000066763519583034948564
-0.000063427435682140662035
0.000060352134439769394878
-0.000057493643353800570999
0.000054817667001235583634
-0.000052297069496863863924
0.000049910114757484763805
-0.000047639208835590914744
0.000045469983333904927141
-0.000043390615720538566128
0.000041391317461321609433
-0.000039463943152438917087
0.000037601688302199869773
-0.000035798853011070371931
0.000034050655294582961803
-0.000032353082266435894103
0.000030702770528927932519
-0.000029096909340846120412
0.000027533161733847476512
-0.000026009599916541569215
0.000024524652168732466908
-0.000023077059074296464324
0.00002166583743101057891
-0.000020290250552497734877
0.000018949783972427777666
-0.00001764412579713515012
0.00001637315114733499694
-0.000015136910296589474414
0.000013935620265605691381
-0.00001276965977881568701
0.000011639567645461028512
-0.000010546044806984102203
9.4899605171820103284e-6
-8.4723634232633058023e-6
7.4944987458421389986e-6
-6.5578334003352939905e-6
5.6640919138983265805e-6
-4.8153076545733089509e-6
4.0138967587946634648e-6
-3.2627673808846371813e-6
2.5654871092056342612e-6
-1.92655307476536935e-6
1.3518605454984886755e-6
-8.4960661693848547637e-7
4.3235036830732886719e-7
-1.2345261480367273861e-7
0.0011726502460265024304
0.0012599954031625607713
-0.00034391854386715640037
0.00024281483611134937296
-0.00019890774694133818682
0.00017292646252053977216
-0.00015505215174033739637
0.00014161975991837817605
-0.00013092730563335859242
0.00012206559233474175567
-0.00011449915756787682513
0.00010788924407846004776
-0.00010200953580171517053
0.00009670224730513241862
-0.000091853554189815067895
0.000087379033721608452521
-0.000083214620318639899398
0.000079310760732652494034
-0.000075628508406638540517
0.000072136837616556257505
-0.000068810749915105042997
0.000065629909809944340308
-0.000062577642756201420509
0.000059640186653639743216
-0.000056806124200181406854
0.000054065946549023727883
-0.000051411713815433752011
0.000048836788060303618015
-0.000046335621238250839929
0.000043903585349515171246
-0.000041536835379082030995
0.000039232197995816607228
-0.000036987080716046244806
0.000034799397508527465023
-0.000032667507765993074103
0.000030590166285723563399
-0.000028566482453422803649
0.000026595887258260766127
-0.000024678107117175290077
0.000022813143780357518113
-0.000021001259849519819082
0.000019242969686275397574
-0.000017539035740599880283
0.000015890470613594682408
-0.000014298545517747994396
0.000012764806260520221538
-0.000011291098531044379151
9.8796052455001091685e-6
-8.5329002346424655322e-6
7.2540250645282775967e-6
-6.0466001065067530506e-6
4.9149888641395035705e-6
-3.8645499628677331419e-6
2.9020438688090756582e-6
-2.036338629930401959e-6
1.2797710501550223856e-6
-6.5124990507693888516e-7
1.8595622313629009095e-7
0.0010403658306779062471
0.0027393465230414208484
0.0019754934624996686885
-0.00047426442303913097287
0.00031693256051899690546
-0.00025250037033702199947
0.00021610719041980553861
-0.00019193296640492370187
0.00017423022103692610921
-0.00016040232963427431945
0.00014909858364850244821
-0.00013954299760855944246
0.00013125561728936013357
-0.00012392221763908679522
0.00011732761362760924208
-0.00011131900042750635632
0.00010578459814502002885
-0.00010064059990042738688
0.000095822865675700649691
-0.000091281450865051375953
0.000086976893287227659851
-0.000082877627403329290739
0.00007895814214513010544
-0.000075197641895576760196
0.000071579055684741307085
-0.000068088292292552877967
0.000064713672201831231938
-0.000061445488860029050249
0.000058275665931317832967
-0.000055197486809520409447
0.0000522053792441817951
-0.000049294742525598770128
0.000046461807930892903201
-0.000043703525476128544791
0.000041017471730073348022
-0.000038401774713040759334
0.000035855052859507924224
-0.000033376365757035158324
0.000030965174951879264342
-0.000028621313582264438363
0.000026344964001745485834
-0.000024136642920039072093
0.000021997193948370437033
-0.000019927787825403107862
0.000017929931062340261809
-0.000016005484345059969972
0.00001415669286594889426
-0.000012386231993014691227
0.000010697273608397454043
-9.0935815989787510757e-6
7.5796504090026680817e-6
-6.1609104611932261323e-6
4.8440435574532910242e-6
-3.6374923110629549912e-6
2.5523444619505504398e-6
-1.6040387958116746477e-6
8.1625460721873770648e-7
-2.3306986982438402632e-7
0.0011108869201304893134
0.0024060610748822708238
0.0042998773399070909728
0.0026853883832196935292
-0.00060158573880929628563
0.00038728929146589687875
-0.00030177507075876794137
0.00025463468561805104835
-0.00022398475168135766275
0.00020194213024118150081
-0.00018497888208553751407
0.00017127862353645270427
-0.00015980902632630532645
0.00014993853199684378189
-0.00014125810612783629332
0.00013349055345916048113
-0.00012644098897564848045
0.00011996818369366215785
-0.00011396717657719088929
0.00010835828952376894048
-0.00010307994444289582483
0.000098083824506012562064
-0.000093331528680029734423
0.000088792205162822606661
-0.000084440843001097251815
0.000080257016366226993177
-0.0000762239465248081736
0.000072327790911890609336
-0.000068557097284978939034
0.000064902379731843553797
-0.000061355785913980774631
0.000057910833540014529191
-0.000054562200045264013542
0.000051305553674498175705
-0.00004813741718852721713
0.000045055057614239261477
-0.000042056397082410941975
0.000039139941019639230569
-0.000036304720900119889954
0.000033550249506204746635
-0.000030876487258685239738
0.000028283818710790359592
-0.000025773038800447111671
0.000023345348970982251784
-0.000021002363857868075493
0.000018746129976020605405
-0.000016579158846837218101
0.000014504478471241673713
-0.000012525709324857201514
0.000010647174753089204667
-8.8740620080527592415e-6
7.2126617633802111066e-6
-5.6707365486905668679e-6
4.258116477433054109e-6
-2.987733960253961043e-6
1.8776203211936087891e-6
-9.5545855825829175555e-7
2.7281524276365520836e-7
0.0010649913201855956197
0.0025939741159040422524
0.0037661641219331380931
0.0058476662381256246525
0.0033875592782472030363
-0.00072649765369456144392
0.00045530840297632170299
-0.00034855945104031372919
0.00029052682957729714256
-0.00025329705665223058551
0.00022685029960201754358
-0.0002067199272693602484
0.00019061645071221270597
-0.00017724507151597474059
0.00016581788304660547908
-0.00015582745527617812271
0.00014693189496092231753
-0.00013889222624062188438
0.00013153626486330898279
-0.00012473676413098593248
0.00011839765484462628515
-0.00011244507999727898072
0.0001068213779761797202
-0.00010148093876162530997
0.000096387284288589418967
-0.000091510969325573751783
0.000086828044827679258133
-0.000082318914745784465975
0.000077967473145906314403
-0.000073760444393165106053
0.000069686872719918062717
-0.000065737723270355287465
0.000061905567462135031497
-0.000058184332953455062013
0.000054569103747051238378
-0.000051055959710751925542
0.000047641847515588536404
-0.000044324477001584347578
0.000041102238493713362185
-0.000037974137757396017935
0.000034939746214095842799
-0.000031999164817139185775
0.000029153000685755974241
-0.000026402356277517456333
0.000023748831618628279414
-0.000021194541001945237422
0.000018742146742328280653
-0.000016394914271199249874
0.000014156795444006104559
-0.00001203255113820461113
0.000010027931427219657301
-8.1499447294409071108e-6
6.4072728836320921204e-6
-4.8109432661891284179e-6
3.3754971009132117301e-6
-2.1212447340894327308e-6
1.0794089886354737684e-6
-3.0820375001459873833e-7
0.0010979958618106885092
0.0024665868291316831739
0.0040732459139345960858
0.0051158674088613001118
0.0073783226822037028816
0.004079968558742741263
-0.00084897415828996093599
0.00052138024329148952369
-0.00039347015247119951666
0.00032453202099765885742
-0.00028069327296398922246
0.00024981727844887258074
-0.00022650409407865428347
0.00020799176945350955924
-0.00019272212809207012467
0.00017974959604658819521
-0.00016846703441582911145
0.00015846668583419018847
-0.00014946449771314414404
0.00014125651674840235702
-0.00013369254691910298889
0.00012665958983836368891
-0.0001200710742838077968
0.00011385964175512341235
-0.00010797218809261992745
0.00010236637756422448335
-0.000097008142399058830698
0.000091869856751547812504
-0.000086928981618263486349
0.000082167044667446823444
-0.000077568862234931401145
0.000073121939131388658011
-0.000068816000889518177428
0.000064642626002696089119
-0.000060594954652079755956
0.000056667456710806938689
-0.000052855746308751376578
0.000049156433504602741137
-0.000045567006023842906587
0.000042085735842496468681
-0.000038711606811664010638
0.000035444260662476414274
-0.000032283959712009970674
0.000029231565501316989294
-0.000026288533531970407843
0.000023456925341622750254
-0.000020739440532210013199
0.00001813947328877117188
-0.000015661200834286882443
0.000013309715947295801372
-0.000011091223665585254966
9.0133368213684793912e-6
-7.0855333262207752815e-6
5.3198980317382871186e-6
-3.7324135793942480373e-6
2.3454534617201698576e-6
-1.193468802123781012e-6
3.4076647731314236977e-7
0.0010727647692315713543
0.0025610285593060559046
0.0038613098098741306819
0.0055410033100521529135
0.0064511302141124014189
0.0088875294305585222623
0.0047606163654733521639
-0.00096880616589511833187
0.0005855759016800419789
-0.00043672517669824270673
0.00035695913649346728405
-0.00030654055969262825368
0.00027124733768344501526
-0.00024475836652087568232
0.00022384425307874907919
-0.00020668548466722265548
0.00019217954005776766013
-0.00017961969180675953754
0.00016853217288646497192
-0.00015858760195307650468
0.00014954997486568803926
-0.00014124587089889715832
0.00013354510935333795557
-0.00012634817958317676963
0.00011957782954261173277
-0.00011317329111019133231
0.00010708622523076333057
-0.00010127781718982124316
0.000095716658383783759868
-0.00009037717680976335736
0.000085238457401131457177
-0.000080283343971455825798
0.000075497747722817388375
-0.000070870109460244096986
0.000066390977750718009427
-0.000062052675712166502062
0.000057849036464619789994
-0.000053775192525876141774
0.000049827408249987325334
-0.000046002947234803710272
0.000042299968772500425613
-0.000038717449104012686417
0.000035255124629736998311
-0.000031913455460077170861
0.000028693608887225931509
-0.000025597463664918934491
0.000022627637582068064393
-0.000019787542992487501195
0.000017081478193283567924
-0.000014514767695477391145
0.000012093973185555671371
-9.8272128380595415479e-6
7.7246574849526133339e-6
-5.7993374735362249203e-6
4.0685484030907062273e-6
-2.5565677645026706767e-6
1.3008532719261004176e-6
-3.7142127020386556417e-7
0.0010928732289866795256
0.0024871139821618587476
0.004020845901217376008
0.0052447909333925120405
0.0069926694197438701183
0.0077680071864344035424
0.010370994374033758664
0.0054275390350365589417
-0.0010857203457259735528
0.0006478442741668412838
-0.00047838222394082253235
0.0003879333485759442921
-0.00033100928109943924497
0.0002913418691023683599
-0.00026170543876484021999
0.00023841094683852863596
-0.00021938145059602317388
0.00020335950879435284139
-0.00018953986727016108479
0.0001773832944875322573
-0.00016651534201523595296
0.00015666805930796939029
-0.00014764481855141716977
0.00013929822761805340623
-0.00013151578368178627866
0.00012421027809752630369
-0.00011731321309255828352
0.00011077018227716505557
-0.00010453756399547922819
0.000098580112076052355473
-0.000092869172400051350643
0.000087381343880753785148
-0.000082097460311547112059
0.000077001807465901175022
-0.000072081515179063492142
0.000067326081387765315728
-0.00006272699703999954989
0.000058277449184071301365
-0.000053972085552981292968
0.000049806828335806838879
-0.000045778728084923426549
0.000041885851203010833959
-0.000038127196445014142298
0.000034502637558039610311
-0.000031012890740791121144
0.000027659507211731749558
-0.000024444893051058795842
0.000021372360944612427719
-0.000018446222032089196135
0.000015671931689489081386
-0.000013056312578485023643
0.000010607895456686366456
-8.3374515671754073342e-6
6.2588609549587236821e-6
-4.3906276628438084404e-6
2.7588101595140073526e-6
-1.4037095430875037592e-6
4.0078096488461496578e-7
0.0010763546992515094849
0.0025471289660822887038
0.0038943655661310503044
0.0054697247077973533127
0.0066132157593906139443
0.0084240258142462662827
0.0090626395586203072575
0.011824476105818986652
0.0060788131812409881351
-0.001199419761507397498
0.00070808150888625828384
-0.00051842605814490829535
0.0004174932748145703622
-0.0003541745083786315514
0.00031020178936405519117
-0.00027746490164482680457
0.00025182497996076669105
-0.00023095288596107426244
0.00021343920659787728617
-0.00019838188695314493132
0.00018517726805584374625
-0.00017340646746157817058
0.00016276997716924225616
-0.00015304820038046701987
0.00014407667695281349392
-0.00013572999526574577818
0.00012791103527645539054
-0.000120543590577499514
0.00011356719337723714264
-0.00010693341191977477086
0.00010060315421183596415
-0.000094544673373974999856
0.00008873207113305146356
-0.000083144160908480764899
0.000077763594506250959836
-0.000072576184880060307147
0.000067570376777239935824
-0.000062736830489520575121
0.000058068093365528274544
-0.000053558340504127188747
0.000049203170990522004775
-0.000044999449741041698227
0.000040945187895737051074
-0.000037039457043107267571
0.000033282334624848930621
-0.000029674879882430489667
0.000026219141935156556104
-0.000022918204382880510536
0.000019776274781473972405
-0.000016798833465197604018
0.000013992866446631520995
-0.000011367225570506348315
8.9331948476952109825e-6
-6.705417494157573423e-6
4.703516713474446757e-6
-2.9552332772665333309e-6
1.5035892637624523293e-6
-4.2928833498040733423e-7
0.0010902406821907191339
0.0024970782264749248492
0.0039981930156726415471
0.0052899889617320958422
0.0069029473867361791244
0.0079626829722620642091
0.0098309626666217874323
0.010331254123625580326
0.01324380626881292874
0.006712560795495467119
-0.001309600727447089866
0.00076615991749064264627
-0.00055680579294269867084
0.00044563351015352823301
-0.00037606149074879949954
0.00032787433914200244612
-0.00029210027961306506889
0.00026416211955835201279
-0.00024148480747648448572
0.00022251061622704817587
-0.00020624292127027409221
0.00019201504588706421836
-0.00017936458863677814607
0.00016796109046221489711
-0.00015756239391541376222
0.0001479872491404104112
-0.00013909752709842973697
0.00013078632880111310567
-0.00012296983131861751716
0.00011558156980384428751
-0.00010856834764364412111
0.00010188725923774199476
-0.000095503488478905228754
0.000089388657940457018453
-0.000083519575601539172733
0.00007787727302023381609
-0.000072446260334396388617
0.000067213944893340127148
-0.000062170175165157764833
0.000057306882028298479971
-0.00005261779707356426798
0.000048098233065406257871
-0.00004374491589033799596
0.000039555860620857270738
-0.000035530287103680718933
0.000031668573053382957686
-0.000027972245322195191174
0.000024444013240168724078
-0.000021087852312532037062
0.000017909153224822946142
-0.000014914962140126976035
0.000012114358008942200598
-9.5190507680652882858e-6
7.1443649029998563926e-6
-5.0109630791173120282e-6
3.1481866196490200248e-6
-1.6016860627182833557e-6
4.5728389298252777938e-7
0.001078353794889755388
0.0025396808988436610659
0.003910786965135827361
0.005438573030268374784
0.0066702361205475119899
0.0083162394019637160915
0.009289302055734309691
0.011209446067062064493
0.011570166019562532663
0.014624907189163803986
0.0073269545110401226796
-0.0014159609625872238852
0.00082194162280858066695
-0.00059345271582506512839
0.0004723253211108980378
-0.00039666816929536320843
0.00034437662781307246174
-0.00030564303360734128031
0.00027546482478099438212
-0.00025102820985895154379
0.00023063139273811025459
-0.00021318582088064719773
0.00019796350873760618794
-0.00018445967596266294602
0.00017231369221452667351
-0.000161261383784028679
0.00015110509778771025747
-0.00014169426658322285239
0.00013291241601314188478
-0.00012466825751108217691
0.0001168894424293251581
-0.0001095180956465708614
0.00010250756508779290875
-0.000095820018962786451228
0.000089424644871285257113
-0.00008329628342998804652
0.000077414380543191195604
-0.00007176217684882462316
0.000066326076307851256047
-0.000061095152156643458439
0.000056060759921684999752
-0.000051216235474412569766
0.000046556662230627388107
-0.000042078696300528444838
0.000037780442205862451606
-0.000033661375133948775818
0.000029722309009609543542
-0.000025965413425121450498
0.000022394287382744497897
-0.000019014105066861133223
0.000015831860716889819737
-0.00001285676072652059336
0.000010100851667473235906
-7.5800585184176759557e-6
5.3160092549562217013e-6
-3.3395758483740328154e-6
1.6989674462471482799e-6
-4.8504354393324308388e-7
0.001088679865246332136
0.002502827153888645634
0.0039857922942428771804
0.0053127039524830126859
0.006863534756911205489
0.0080312479801330696921
0.0097054853762984814705
0.010589236635812935891
0.012555521122512901554
0.012775784426322709167
0.015963806711405853225
0.0079202228134523318301
-0.0015182041007888933672
0.00087528569412324081644
-0.0006282896120821591617
0.00049752758671186384401
-0.00041597723146483187182
0.00035970839824660986618
-0.00031810572625520832232
0.00028575557987206893747
-0.00025961339503544688225
0.00023783806382375462099
-0.00021925209842113043969
0.00020306816563980810285
-0.00018874043419023547155
0.00017587902607954128913
-0.00016419840834564269336
0.00015348500152869056987
-0.00014357615083906900857
0.00013434607029813138557
-0.00012569620604159036176
0.00011754848041589773756
-0.00010984046145533575769
0.00010252184815219013799
-0.000095551873140749256083
0.000088897356811821235935
-0.000082531231840732552404
0.000076431412821528806952
-0.000070579922959954415603
0.000064962215172244073188
-0.000059566642570586950954
0.000054384045806510528473
-0.000049407433800205148343
0.000044631741158954797637
-0.000040053650894828264897
0.000035671475513770607321
-0.000031485093714155708221
0.000027495944395226174458
-0.000023707085234121612604
0.000020123331041337914884
-0.00001675149984626301262
0.000013600817088406956743
-0.000010683571319939728442
8.0162054258635379072e-6
-5.621240919539773244e-6
3.5310186172789615283e-6
-1.7962540424503783877e-6
5.1280120390275769046e-7
0.0010796003272010993866
0.002535128807377051548
0.0039204481020104862961
0.0054213204873414305657
0.0066990673546948409421
0.0082687779040727918338
0.0093691473504776422107
0.011066671376835165598
0.011858725560935845107
0.013865322339002884021
0.013944619951501435694
0.017256651394286617883
0.0084906551233540026994
-0.001616042503289467249
0.00092605222124498846657
-0.00066123602353287465899
0.00052119299213915461588
-0.00043396299077818963158
0.0003738593795372216687
-0.00032948967528304334584
0.00029504471282797871754
-0.00026725785153966175368
0.00024415389035095110441
-0.00022446971026010710029
0.00020736081228246888873
-0.00019224180468171977406
0.00017869460892422390247
-0.00016641308598850679538
0.00015516828278590999697
-0.00014478587076234487431
0.00013513106639234435473
-0.0001260982933489835161
0.00011760393573890985992
-0.00010958115731264122552
0.00010197613263147091001
-0.000094745262802354032953
0.000087853090461637741311
-0.00008127071987274785795
0.000074974607803483414984
-0.000068945630863535157037
0.000063168362281642796809
-0.000057630510095619989992
0.000052322482236334913912
-0.00004723705386070425742
0.000042369119793602673403
-0.00003771552099564216693
0.000033274939336137818208
-0.000029047860359693092178
0.000025036610113007365047
-0.000021245480868124588799
0.000017680974306520560623
-0.000014352214601514188488
0.000011271629395870642861
-8.4560923717001242803e-6
5.9289464636795309303e-6
-3.7239446460188624e-6
1.8942704628618537071e-6
-5.4076331287397152398e-7
0.001087665406789132861
0.0025065073837419726629
0.0039780775729026170102
0.0053262198653103340047
0.0068415625443049127345
0.0080660302001607971193
0.0096501750122438652813
0.010680093209421961995
0.012395875158459309987
0.013094096669450007246
0.015135085329690630977
0.015073292873646429521
0.01849971864824285078
0.0090366067167718176352
-0.0017091992063707879574
0.00097410483165520142076
-0.00069221141499119285088
0.0005432717453477830056
-0.00045059553015743784449
0.00038681374231205031436
-0.00033978962295505473075
0.00030333519873473302779
-0.00027397112740744535887
0.00024959375798068626143
-0.00022885792712996560175
0.00021086434994558473501
-0.00019498970914310031376
0.0001807888815855049895
-0.0001679359596742546363
0.00015618723645320487455
-0.00014535717702923510516
0.00013530235912389332329
-0.00012591046409741165292
0.00011709256040057601968
-0.00010877758768188101823
0.00010090834502102432869
-0.00009343852815786556777
0.000086330511922996755838
-0.000079553671223153075138
0.000073083097666456867515
-0.000066898611586942506265
0.000060983998381918266417
-0.00005532641841937810686
0.000049915954326992567013
-0.000044745270242345265179
0.000039809365984676150381
-0.000035105416172476842498
0.000030632691022789408939
-0.000026392563020609730552
0.000022388613421065152248
-0.000018626867402845058208
0.000015116212128551864241
-0.00001186910016420512657
8.9027416395027582217e-6
-6.2412259038998979378e-6
3.9196639520654404231e-6
-1.9936799496691024408e-6
5.6911871612608086786e-7
0.0010804391720956029127
0.0025321014131500965072
0.0039267332913741676309
0.0054104704555340353306
0.0067163399550447341909
0.0082422161881058504806
0.0094097236817614142739
0.011003711562469703099
0.011960309557896027067
0.013689270045462283197
0.014291778023420868659
0.016361158431450186476
0.016158541744764504594
0.019689428097293069115
0.0095565034614646083074
-0.0017974093907228384849
0.0010193123607729565255
-0.0007211371954547950638
0.00056371392395316471744
-0.00046584331581700351273
0.00039855291780355364694
-0.00034899670417415758103
0.00031062572877799650258
-0.0002797579600860334785
0.00025416733531703393524
-0.00023243049420027189693
0.00021359592651364077334
-0.00019700415500651222896
0.00018218426566998473164
-0.00016879149515614627801
0.00015656806193788943516
-0.00014531774032567532781
0.00013488886779491246267
-0.000125162696992903915
0.00011604523206101064805
-0.00010746139400492588593
0.000099350778121878455199
-0.000091664521967108549582
0.000084362962517970269613
-0.000077413864037011028406
0.000070791065635060851626
-0.000064473442777161779836
0.000058444107946132550479
-0.000052689797384496343414
0.000047200406504770542667
-0.000041968648365149019177
0.000036989819127536590486
-0.000032261662952465829073
0.000027784337682325950977
-0.000023560493710650832347
0.000019595494619250492978
-0.000015897835328023225063
0.000012479864486955797177
-9.3590241803548973005e-6
6.5600697139576646527e-6
-4.119416136865082829e-6
2.0951093679769924672e-6
-5.9804578661787717869e-7
0.0010869622371385722412
0.0025090346052886727522
0.0039728710249132095468
0.0053351036186017954141
0.0068276494364990423519
0.0080869563319710589236
0.0096191494734562577895
0.010726308589979666928
0.012325472226802136791
0.013206103769683189328
0.014943133230557787371
0.015448308141229026479
0.017540013886313096645
0.017197232056595397599
0.020822352300659559796
0.010048846352466949222
-0.0018804215642207347397
0.0010615500329776318093
-0.00074793807780059519382
0.00058247102583877864528
-0.00047967491473553350135
0.00040905744981854759894
-0.00035710040082835971097
0.00031691273798286065166
-0.00028462035253945610755
0.00025788117729963867859
-0.00023519774429370994552
0.00021556904522405356349
-0.00019830132814146610414
0.00018289923096221746059
-0.00016900011575637799061
0.00015633285960534375624
-0.00014469110512539745929
0.00013391538411767975136
-0.00012388086469540218462
0.00011448876461219036899
-0.00010566021540443010288
0.000097331802066230943607
-0.00008945227179606622557
0.000081980073921015651723
-0.000074881501368244543303
0.000068129275158625739636
-0.000061701461124891064584
0.000055580640831702269946
-0.000049753281796446354322
0.000044209269032904838042
-0.000038941573053552935615
0.000033946040608524528114
-0.000029221305322838580569
0.000024768828098151973738
-0.00002059309494278607005
0.000016702029008327463567
-0.00001310772758948413476
9.8277468375795367649e-6
-6.8874193680949440419e-6
4.3244081274737550045e-6
-2.199168305885627583e-6
6.2771786222214240837e-7
0.0010810356380488148454
0.0025299649203225042234
0.0039311075022971667098
0.0054030766324592269897
0.006727769785123918488
0.0082253220196374185083
0.0094342013116822024248
0.010968346424305673841
0.012012005588331411945
0.013611641818176672048
0.014413880475589036121
0.016153855512227929449
0.016560345721291285353
0.018668258514606253459
0.018186364789686351086
0.02189522689544087509
0.010512215832395531499
-0.0019579985583501308784
0.0011007003434604474221
-0.00077254303734876202464
0.0005994970357630715094
-0.00049206016425500597206
0.00041830825180037249704
-0.00036408986839653661998
0.00032219178402835165876
-0.00028855898863118677849
0.00026074016354436283597
-0.00023716804760351306105
0.0002167950160637284776
-0.00019889503791883224349
0.0001829497276249582571
-0.00016857961645997930677
0.00015550102264360670624
-0.0001434980561799509018
0.00013240391104856984376
-0.0001220880434932131535
0.0001124471879102703313
-0.00010339893838440072132
0.000094877084593944571844
-0.000086828172215371614726
0.000079208934450076722013
-0.000071984354702952316499
0.000065126194999171886827
-0.000058611874879292723332
0.000052423620117782706466
-0.000046547825273615378423
0.000040974592526645771833
-0.000035697424171153650268
0.000030713059811089866873
-0.00002602146422749963726
0.000021625991707617800015
-0.000017533784006405968033
0.000013756516361197253627
-0.000010311723941056036459
7.225216777321438041e-6
-4.5358448737596306705e-6
2.3064645679347982533e-6
-6.5830764973133399498e-7
0.0010864509970379455692
0.0025108607309383571714
0.0039691513686628073943
0.0053413429567959744444
0.0068181056547356648029
0.0081008669667922843939
0.0095993578009298766342
0.010754236238045825624
0.012285893521974389715
0.013263115232604842262
0.014858511686070802451
0.015580153360877689541
0.017317951381225383523
0.017624679001398047926
0.019742643871139929721
0.019123084728809958962
0.022904960183591920436
0.01094527588341006276
-0.0020299183929352500903
0.0011366537465699575829
-0.00079488601572929585861
0.00061474918545048210744
-0.00050297099384913216503
0.00042628748454146995199
-0.00036995486023885464959
0.00032645850800285583469
-0.00029157422068037702431
0.00026274850396971575778
-0.00023834882775471091385
0.00021728397573549875674
-0.00019879773560088016677
0.00018235019849530370754
-0.0001675461664754185124
0.00015409022704185533145
-0.0001417575937965677068
0.00013037462192579056543
-0.00011980545551178794399
0.00010994267291302087148
-0.00010070060542442277085
0.000092010484360912657939
-0.000083816864912304055499
0.000076074959065705703752
-0.00006874862816679371902
0.000061808863567124194298
-0.000055232636367401169774
0.000049002033804689456738
-0.00004310362629811917992
0.000037528029642735171261
-0.000032269644506329438585
0.000027326573360237132638
-0.000022700737405061678097
0.000018398250143936808858
-0.000014430165153661958678
0.0000108138399367862334
-7.575447259833844637e-6
4.7549559014882153359e-6
-2.4176175322474555374e-6
6.8999101460568360207e-7
0.0010814778794609049935
0.0025283889237430401544
0.0039343039999677657056
0.0053977488403902755846
0.0067358486510439840205
0.0082136801675245923393
0.0094505239333542321216
0.010945741255631295114
0.012043280503566751038
0.013567979895674644939
0.014476033129722304725
0.01606248824174290173
0.016701555845043102488
0.018432069016855079862
0.018638234778526486052
0.020760075885896939489
0.020004688465361417292
0.023848642166490532047
0.011346777878704950626
-0.0020959750399524626327
0.001169309211658783867
-0.00081490645557129731875
0.00062818851181887295831
-0.0005123820180548992347
0.0004329791838179540862
-0.00037468638578275213129
0.00032970931756864174506
-0.00029366677179826036555
0.00026391045480347061871
-0.00023874728652256543636
0.00021704561676518853186
-0.00019802124416927553627
0.00018111430660882830928
-0.00016591503204868217323
0.00015211714788312121166
-0.00013948764237776984348
0.00012784656060247211851
-0.00011705316038332138965
0.00010699621546871271166
-0.000097587092186581203118
0.000088754723698823106363
-0.000080441910154371641278
0.000072602563970362386675
-0.000065199642360451600328
0.000058203590333308913222
-0.000051591172417588714618
0.000045344610083997715433
-0.000039450970617562879661
0.000033901776674167575016
-0.000028692828017096964042
0.000023824252831395883012
-0.000019300843447109866271
0.000015132796362497911477
-0.000011337107685427471331
7.9401792509899215479e-6
-4.9830197148769451302e-6
2.5332703787991791538e-6
-7.2295044302892374663e-7
0.0010860652877995667007
0.002512232572715407507
0.0039663789203506581657
0.0053459393717236135331
0.0068111862333127720208
0.0081107442542067470162
0.0095856747604959437335
0.010772900657187396649
0.0122605600676428965
0.013297631696707453893
0.014810902935989229743
0.015647262624569890384
0.017220102263550967527
0.017774851049322251891
0.019492999998025652769
0.019598087073283448172
0.021717623987592229195
0.020828632029402619768
0.024723553019826798635
0.01171556418225658673
-0.0021559791041765969354
0.0011985746827976804176
-0.00083254971760699715874
0.0006397802770513982255
-0.00052027097359181412274
0.00043836971786904588728
-0.00037827718739901963093
0.00033194188053973370137
-0.00029483824287820725783
0.00026423083564593440739
-0.00023837092785067962348
0.00021608971571022212943
-0.00019657728837834009539
0.00017925546520107540096
-0.0001637011049835310208
0.00014959798543732594258
-0.00013670557364893171741
0.00012483816191753207199
-0.00011385057367856421225
0.00010362815412886858766
-0.000094079626968884759537
0.000085131913007700048276
-0.000076726320745113501678
0.000068815716493057806529
-0.000061362408889175010459
0.000054336566977475964138
-0.000047715048742233585529
0.000041480558378862270681
-0.00003562108268714566312
0.000030129585384757426621
-0.000025003968787503587931
0.000020247353987720775153
-0.000015868800597318807738
0.000011884725925276705546
-8.3216031464254032042e-6
5.2213875261117357369e-6
-2.6541019316412407524e-6
7.573783869814895663e-7
0.001081816776979232417
0.0025271855878074253292
0.0039367284905116440817
0.0053937474351469526337
0.0067418355645096866059
0.0082052014759921173845
0.009462152540550099037
0.010930076050023159753
0.012064215189476720314
0.013540005615307536752
0.014513681172693728623
0.016011076201260901369
0.016773426089062197124
0.018328018377239622457
0.018796941220744106609
0.020497688632327734519
0.020501465410621381551
0.022612529703540684301
0.021592538107646168526
0.025527170996116717146
0.012050571486354437102
-0.002209758431036958782
0.0012243674646249858296
-0.00084776741220122722502
0.0006494942903923793967
-0.00052661904672649668098
0.00044244812547701663102
-0.00038072209016110431689
0.0003331554854525737411
-0.00029509148234314124106
0.00026371540652119471921
-0.0002372279403729134053
0.00021442651951242567765
-0.00019447788358264913685
0.00017678722799715544185
-0.000160919293771571858
0.00014654885695052186843
-0.00013342859942536021759
0.00012136764633908996334
-0.00011021686501540155228
0.000099858574156018621334
-0.000090199204109797300037
0.000081163978428724983046
-0.000072693010656308585017
0.000064738413841127291616
-0.000057262151828034782987
0.000050234449061519020034
-0.000043632636508562810854
0.000037440356410691595172
-0.000031647085995948116544
0.000026247977589035912479
-0.000021244059826129690597
0.000016642920494335846399
-0.000012460138798412791487
8.7220712356306693044e-6
-5.471507507314699599e-6
2.7808387117892621601e-6
-7.9348066091951093989e-7
0.0010857655214948710918
0.0025132954377781535597
0.0039642430510836224151
0.0053494508247638560723
0.0068059597432372670831
0.0081180964491273691489
0.009575675808332427893
0.010786230734266557425
0.01224297327351608244
0.013320763238998045396
0.014780378443296380242
0.015687927142911816623
0.017165038266126463639
0.01785127531004812121
0.019383044415509047085
0.019764876677820681591
0.021443240848088756446
0.021345762686120383001
0.023442214725314026765
0.022294202812513012559
0.026257179739574907461
0.012350833877240598217
-0.0022571586477748997813
0.0012466145482774934701
-0.00086051766565860788889
0.0006573051572501758223
-0.00053141112064291304547
0.00044520636765570029031
-0.00038201825994227422469
0.00033335130635400415197
-0.00029443085708314875604
0.00026237114409912875029
-0.00023532747800467869112
0.00021206702965639613742
-0.00019173562288016259082
0.00017372357905858543864
-0.00015758481623717155062
0.00014298609263784788041
-0.0001296740720565895242
0.0001174533266442689308
-0.00010617127361177810312
0.000095707635679316172405
-0.000085966929902946512547
0.00007687303257883809518
-0.000068365200240656759383
0.000060395136072969479579
-0.000052924826918110431998
0.000045924967526730014658
-0.000039373853760356447316
0.000033256677330249592549
-0.000027565201537734852306
0.000022297852311641844848
-0.000017460341968162591724
0.000013067100099343882099
-9.1441404918655834996e-6
5.7349506296948906153e-6
-2.9142677274741484254e-6
8.3148003812409100864e-7
0.0010820835537212524164
0.002526240866337764635
0.0039386226531577775447
0.005390643730776327131
0.0067464344644999597119
0.0081987692498860151171
0.0094708377598558475284
0.010918599050568631378
0.01207919511436902383
0.013520559510865835347
0.014538933691993215245
0.015978095934163620083
0.016816986292605869134
0.018269461870164180356
0.018877701208848457539
0.020382140499368614891
0.020675864296093792261
0.022326932612937471504
0.022128542588335432257
0.024204288427102459046
0.022931601973458491431
0.02691147499718254456
0.012615485619988281324
-0.0022980436414508301189
0.0012652528863026766183
-0.00087076533452722588013
0.00066319247237766497534
-0.00053463596246511015472
0.00044663951487328061942
-0.00038216539353655100131
0.00033253259681128052029
-0.00029286245053844216071
0.00026020644369296745276
-0.00023267986561915363627
0.00020902321137796087247
-0.00018836388991639689051
0.00017007914955827562419
-0.00015371342107160186475
0.00013892646329447493047
-0.00012545972010598322901
0.00011311385452432435283
-0.00010173336979767741545
0.000091195855579971325618
-0.000081404332319538586835
0.000072281722310437978691
-0.000063766816059124955649
0.000055811317509729969455
-0.000048377692148706556307
0.000041437638271130142825
-0.000034971073059136292945
0.000028965586091206216374
-0.000023416378284217413787
0.000018326796815311373865
-0.000013709744930780851704
9.5906199703380504614e-6
-6.0134391318078788436e-6
3.0552505121896242093e-6
-8.7162018943065483837e-7
0.0010855267696535529268
0.0025141400009811134698
0.0039625530401938683338
0.0053522119934742729006
0.0068018842853658511924
0.0081237682988304247899
0.0095680644251173884417
0.010796213193060273149
0.012230062405596710676
0.013337339764625416935
0.014759137340760696048
0.015715221809226122605
0.017129700932391435042
0.017897604422782229334
0.019321163035563918148
0.019849742999786848483
0.021322427749265150083
0.021527275530240468542
0.023146217851191284216
0.022847546550029242767
0.024896554822326367502
0.023502896926177566522
0.027488170709892829818
0.012843763654571431369
-0.0023322959758190881815
0.0012802296223220337602
-0.00087848217664644695789
0.00066714096833664482584
-0.00053628636315260261416
0.00044674588465190817664
-0.0003811658569282339773
0.00033070483026169775293
-0.00029039420579769724798
0.00025723126546187949311
-0.00022929674865007613036
0.00020530814707446630666
-0.00018437701675546426057
0.00016586938113703935352
-0.00014932155820683199843
0.00013438735988866836398
-0.00012080384024503331426
0.00010836842902356481109
-0.000096923285791837640867
0.000086344368496908197582
-0.000076533663022555927635
0.000067413586568065599296
-0.000058922925232130323641
0.000051013886798253096397
-0.000043649995742468262896
0.000036804660691263004109
-0.000030460326728271743708
0.000024608205484017189672
-0.000019248681029017034466
0.000014392671702438445677
-0.000010064624699806060957
6.3088787235807058787e-6
-3.2047389476275736515e-6
9.1417011370210845858e-7
0.0010822983338144452472
0.0025254818229399404585
0.0039401389119352126609
0.0053881727225924422177
0.0067500692742683868199
0.0081937324992714262444
0.0094775607904433198979
0.010909838830581321138
0.012090436907569217682
0.013506260551743558561
0.014557051819496429167
0.015955126499117171803
0.016846240985483482311
0.018231870704529104559
0.018926666363330311338
0.020317109969380431626
0.020764596833351857827
0.022201196566718235115
0.022316653959727784849
0.023898735836905641374
0.023500700203666709727
0.025517018943577275285
0.02400643977872677595
0.027985604468648367578
0.013035009795917454743
-0.0023598172481676239801
0.001291502279236636451
-0.00088364698482387317009
0.0006691406268620511033
-0.00053635923931579412277
0.00044552713976313438085
-0.00037902478287672641343
0.00032787579862820907157
-0.00028703602624587759824
0.00025345723784522617041
-0.00022519120006327817727
0.00020093614773855674047
-0.00017979040102920611837
0.00016111065050685289788
-0.00014442651327996988424
0.00012938694119268159643
-0.000115725462558940136
0.00010323698564857436921
-0.000091761936951789207355
0.000081175191608314433813
-0.000071378221368966134476
0.000062293461479912964677
-0.000053860252595070945375
0.000046031940922744365667
-0.00003877387352880936523
0.000032062140522552066144
-0.000025883018747327254031
0.000020233193973369236946
-0.000015121037884208840622
0.000010569638227299444682
-6.6233957793664239201e-6
3.3637934746550106332e-6
-9.594292269739263333e-7
0.001085332622088238438
0.0025148255523209984703
0.0039611856750975465517
0.0053544353751984315448
0.0067986234869646383947
0.008128269669698965799
0.0095620840460747372288
0.010803961771127902713
0.012220185901819905325
0.013349801395049943921
0.0147434976301515849
0.015734824605466455661
0.017105072425771702914
0.0179287335261053778
0.01928142590521967215
0.019901205279681581024
0.021254431639284514424
0.021619623938494298016
0.023015914444475001118
0.023041722340972174475
0.024582318042097726288
0.024086119319045503841
0.026063892631155706847
0.024440778136424960509
0.028402342321019615923
0.013188672631592708357
-0.0023805283866716658527
0.0012990389084961590094
-0.0008862456871585503919
0.00066918675837863365655
-0.00053485570323516816569
0.00044298835416110819161
-0.0003757501356716713418
0.00032405567765213669055
-0.00028279984272171464733
0.00024889772764346034341
-0.000220377794549501966
0.0001959228327318495489
-0.00017462059322434524114
0.0001558203668520250853
-0.00013904651866847840981
0.00012394426322115870121
-0.00011024450485569257898
0.000097740384343701080195
-0.000086271255444538393099
0.000075711520590498084999
-0.000065962735823371664428
0.000056947980089869113551
-0.000048607846331775553235
0.000040897647448640037469
-0.000033785596395114707345
0.000027251856453291820447
-0.000021288504750287391102
0.000015900673653023150978
-0.000011109586404736371662
6.9593810072689570154e-6
-3.5336044028407174054e-6
1.0077333060766011665e-6
0.0010824746231188659664
0.0025248597944501386829
0.0039413779001866795432
0.0053861620749738769007
0.0067530102946974350687
0.0081896861384687501691
0.0094829145866468149061
0.010902936402139991128
0.012099183095662195256
0.01349530190620430036
0.014570692361328746055
0.015938195007860752058
0.016867269428500450047
0.018205655133488931373
0.018959580676293400154
0.02027533935873763861
0.020818411430869002637
0.022130425950368953206
0.022412358262703746675
0.023764233272890399337
0.023700389147739667251
0.025194994421540834546
0.024602115203307808883
0.026535599716129020415
0.02480465926984987179
0.02873718291567549723
0.013304309111644753526
-0.0023943698884974087875
0.0013028182021283688384
-0.00088627141678727244907
0.00066728005333760245379
-0.00053178110550268556097
0.00043913805171027265858
-0.00037135274866466413742
0.00031925706503532289305
-0.0002776996537286180726
0.00024356788374028427163
-0.00021487265742512564874
0.00019028518597127773693
-0.00016888536293004038194
0.00015001705185718918625
-0.00013320085231774040162
0.00011807940366034345366
-0.00010438193195759631716
0.000091900616333687481908
-0.000080474462182529837403
0.000069978091193158634898
-0.00006031385006199428093
0.000051406233587968680414
-0.000043197989606150474528
0.000035647522232600377074
-0.000028727399369495670141
0.000022423953781203476559
-0.000016738218612225920924
0.000011688925621459723895
-7.3195414190798169011e-6
3.7155171843854764972e-6
-1.0594615244478698251e-6
0.00108517186803784496
0.0025153923880762484568
0.003960057984522574448
0.0053562621781070278777
0.0067959576563625399815
0.0081319265265199609851
0.0095572632014934734895
0.01081014995048816983
0.012212385340740897581
0.013359515675913931758
0.014731492311477244257
0.015749601729444690211
0.017086899833735471042
0.017951126407170632564
0.019253698087169453762
0.019935812024873299175
0.02121074453812100414
0.021675640402704298695
0.022942567471961196408
0.02314051360055283755
0.024443996116093531361
0.024290754581745306682
0.025734999117098205938
0.025047199545826504375
0.026930780584819746017
0.02509703371247588785
0.028989160973480977546
0.013381585826014563025
-0.0024013019987285652916
0.001302829568686397244
-0.00088372455299303906413
0.00066342660795699625875
-0.00052714505342076017427
0.00043398822132646847325
-0.00036584633863507366499
0.00031349499586922164993
-0.00027175154360987925233
0.00023748465986435018865
-0.000208693494233667074
0.0001840415952938366929
-0.00016260375186017027968
0.00014372041163706566243
-0.00012690993570309616394
0.00011181359558711372959
-0.000098159938541797355927
0.000085741054618349673962
-0.000074396410978407258929
0.000064001654111542865036
-0.00005446078241397030449
0.000045700695556459733401
-0.000037667513021731299498
0.000030324327814918277898
-0.00002365029998467857981
0.000017641288209313722094
-0.000012312749540970523813
7.7069628925223316388e-6
-3.9110627335228679273e-6
1.1150448758880353519e-6
0.0010826218013958645727
0.0025243411380552726471
0.0039424086242959823251
0.005384494992370965661
0.0067554379359910098452
0.0081863648457258007678
0.0094872788721963399231
0.010897356003965523699
0.012106185278256040278
0.013486628688520904686
0.014581343976599822477
0.015925179709072719509
0.016883139390468615226
0.018186293877844605858
0.018983274564891078068
0.020246176908173836603
0.020854614343091992817
0.022084943663479833504
0.022470420821466189531
0.023688514675873095004
0.023801990197674501195
0.02505324343536353133
0.024811116036393082463
0.026200775566037464103
0.025420088692613812114
0.027248296112858613124
0.025317058276587880663
0.02915755007572621969
0.013420279965833712216
-0.0024013048301222763748
0.0012990731739152288813
-0.00087861273503773016434
0.00065763792619241736161
-0.00052096140739325320975
0.00042755431114175583006
-0.00035924749996957404009
0.00030678693872417076256
-0.00026497368251955166129
0.00023066682079824452878
-0.00020185960622370557756
0.00017721188123674647093
-0.00015579612138630736559
0.00013695141044768144436
-0.00012019544389775255796
0.00010516938794125806817
-0.000091602179575037215367
0.000079286781913780183681
-0.000068064053364000695079
0.000057811634043575603341
-0.000048436264783438679143
0.000039868572617949413739
-0.000032059768356636481132
0.000024980027217127232746
-0.000018618678478231040459
0.000012986919573877802772
-8.1251862566374707535e-6
4.121994165813045902e-6
-1.1749763609818978556e-6
0.0010850366011747068694
0.0025158688121593084966
0.0039591121112559748478
0.0053577898468655092557
0.006793737234972637113
0.0081349570902683552933
0.009553292499303340809
0.01081520949745516847
0.012206062627265414949
0.013367309956947358635
0.014721973075444246054
0.015761158844990883476
0.017072912426283042614
0.017968044045602377202
0.019233202366826969173
0.019960741294486217
0.021180227786177370363
0.021713339885583379049
0.02289541536363360683
0.02320046154371492893
0.024366116655228425865
0.024394880815757025671
0.025590218739946136689
0.025259972998001106907
0.026590980999228162695
0.025719707336992999353
0.027487230958327237216
0.025464098478113897169
0.029241864761789700807
0.013420279965833712216
-0.0023943784236970936401
0.0012915599467016263883
-0.00087095084967319640965
0.00064993089922109737126
-0.00051324825689460136535
0.00041985520358348018567
-0.00035157568088233489627
0.00029915277503437300844
-0.00025738631135992154443
0.00022313493594371172065
-0.00019439189665970798428
0.0001698173216990701807
-0.00014848420323993815857
0.00012973235803813854664
-0.00011308044430097058755
0.00009817085623939017258
-0.000084734082168055849276
0.000072565045480422882174
-0.000061507097529970447883
0.000051441084225935992525
-0.000042277933892405815194
0.000033953858750364404816
-0.000026427728240318241721
0.00001968062050339622743
-0.000013718225931578602608
8.5783007033550519189e-6
-4.3503317301511046152e-6
1.2398234178603988287e-6
0.0010827465799378369362
0.0025239018690586444104
0.0039432799621068150454
0.0053830895159803575822
0.0067574772682850923505
0.0081835874174701611059
0.00949090840313178605
0.010892745583094849183
0.012111925666925516537
0.013479582373404904542
0.014589907367968702494
0.015914842037883070919
0.016895569192089655725
0.018171373372085432626
0.019001193327342102885
0.020224602640636994608
0.020880711253153997335
0.022053155518680295799
0.022509514162116064559
0.023639821858746840533
0.023863658312844524015
0.024973419298091075686
0.024917476244107340999
0.026053373647777936402
0.025636031370508441012
0.026904490316606176889
0.025945191615332510793
0.027646896205022165114
0.025537730362981027188
0.029241861930395989724
0.013381585826014563025
-0.0023805427501914704945
0.0012803115507095288651
-0.00086076099298483653093
0.00064032776331635836251
-0.0005040278771216432889
0.00041091317273588975126
-0.00034285314338465715734
0.00029061476396033590937
-0.0002490117145512951557
0.00021491136411582682495
-0.00018631287332994114246
0.00016188068006059926904
-0.00014069116424023714748
0.00012208702637300270655
-0.00010558958702746564285
0.000090843897459973449576
-0.000077583289396998898082
0.000065605915077002480412
-0.000054758978258921310484
0.000044928119584948053791
-0.000036030470546769161596
0.00002801059096552154097
-0.000020839099868133908902
0.000014514588332359180746
-9.0710595232370709799e-6
4.5984182488730857343e-6
-1.310243224119988453e-6
0.0010849210863381728414
0.002516275289140736066
0.0039583064664184171939
0.0053590878408179273345
0.0067918567751066319935
0.0081375131637042790495
0.009549960130316199998
0.010819430547840517506
0.012200824352088126745
0.013373715357402965558
0.01471422287214223964
0.015770467535711505025
0.017061784708890535236
0.017981312817209947788
0.019217388854886812932
0.01997961330127355499
0.021157632517108803399
0.021740534714962936333
0.022862441120339941634
0.023240843178541895722
0.024316015630133999852
0.024458099870740912162
0.025508670893705180721
0.025368270244107539844
0.026441372340499573623
0.025938207211475144056
0.027140399328792192613
0.026095891598691523597
0.027726831348454696881
0.025537741729539055594
0.029157541540526534838
0.013304309111644753526
-0.0023598376524900805154
0.0012653603219850376959
-0.00084807240698615767782
0.00062885603666875376625
-0.00049332666705963811261
0.00040075382496920695243
-0.0003331049083772258779
0.00028119749470615457748
-0.00023987418354882768625
0.00020602023392206036019
-0.00017764665380374016626
0.00015342624663581646112
-0.00013244169994529610291
0.00011404081820755535139
-0.000097749380956088397488
0.000083216660751499304013
-0.000070180315213366121838
0.000058443266819781014517
-0.000047858332066873244674
0.000038318144299889421801
-0.000029749020983267643057
0.000022108261796971003846
-0.000015385308534489842295
9.6090248126578337894e-6
-4.868988125017140439e-6
1.3870016948590051226e-6
0.0010828538915076483704
0.0025235244107279622599
0.00394402754399206842
0.0053818863528441234301
0.0067592178828413829216
0.0081812256222357699172
0.0094939808744934125074
0.010888863666468232591
0.012116728715033336233
0.013473729437322709791
0.014596961041990376246
0.015906408362728035325
0.016905598726117507314
0.018159484688988173663
0.019015266538585515535
0.020207937209789591023
0.020900487401569904296
0.022029598285488603929
0.022537735390557876167
0.0236057489577375187
0.023905220139977024654
0.024922045549030698399
0.024982073512333102305
0.025970327151864577385
0.025745963914182772795
0.026753095398857088057
0.02616562986912839886
0.027298027355264294216
0.026171373173288790775
0.027726805618825974824
0.025464132743532967041
0.028989146609961172904
0.013188672631592708357
-0.0023323227291847064375
0.0012467491727179022284
-0.00083292139117914419808
0.00061554843543569259262
-0.00048117506938885208486
0.00038940602354099898434
-0.00032235868706509986551
0.00027092782832582750391
-0.00022999997449345142699
0.00019648742525231741969
-0.00016841898229045553525
0.00014447990743825747071
-0.00012376217906369751518
0.00010562102143820799872
-0.000089588608071339541116
0.000075320195940990316843
-0.000062559539337929055222
0.000051116298945215170604
-0.00004085131512803290092
0.000031667447786516727085
-0.000023504930470232322068
0.00001634139124095551364
-0.00001019875009820917474
5.1652540041230722412e-6
-1.4709972745134665095e-6
0.0010848210540406988979
0.0025166270128504665319
0.0039576103207787038009
0.0053602071282120876137
0.0067902395943786149132
0.0081397039235121132891
0.0095471157496940315819
0.010823015929550565817
0.012196400236010785635
0.013379089650068189872
0.014707769274675316305
0.015778152165424750695
0.017052688468076971533
0.017992038241935320837
0.019204768859881005822
0.019994455719285324075
0.021140157127350003133
0.021761164825627443923
0.022837982270689871136
0.023270017714006320561
0.024280933373738080322
0.024500731606742639693
0.025456162440039840826
0.025434070071297636567
0.026357055618080787084
0.026049469464557207643
0.026987643006166233465
0.026317644512265991669
0.027376919170983218555
0.026171419304805373329
0.02764681863685299922
0.025317115944052870601
0.028737162511353040695
0.013035009795917454743
-0.0022980771595055048408
0.0012245314612497866988
-0.00081535118909607885193
0.00060044276904216447634
-0.00046760747239246791522
0.00037690179768211640299
-0.00031064479989810959568
0.00025983483143920517052
-0.00021941726444653318227
0.00018634055959890527721
-0.00015865727098546928863
0.00013506926122452308799
-0.00011468087221250814254
0.000096857202583816192475
-0.000081138960752624323399
0.000067189454912758588185
-0.000054760760508203254814
0.000043671940503384429968
-0.000033795381785943718341
0.000025049282226019252662
-0.000017395956153055159297
0.000010848013064124716076
-5.4910166148189160243e-6
1.5632909992797243189e-6
0.0010829474547000228631
0.0025231955452727491162
0.0039446780462757566711
0.0053808413911391931194
0.0067607258847919676269
0.0081791857985144995605
0.0094966245254626871382
0.010885538396801389627
0.012120821701790713266
0.013468771586733402501
0.014602895135281992263
0.015899368552136793984
0.0169138966601399398
0.018149747096566191198
0.019026662554432308417
0.020194615990725736085
0.020916063235767498186
0.022011355607065158834
0.022559168397521232888
0.023580449922720005458
0.02393527359157183485
0.024886044771236660694
0.025025663092902096342
0.025916824057792938868
0.025812788326373029993
0.026667739468983113963
0.026277913393027809299
0.027144337508957360028
0.026393814047015516255
0.027376846294820027046
0.026096030683692481224
0.02748710039993595401
0.025097115640863382955
0.028402315567653997667
0.012843763654571431369
-0.0022571994699162671692
0.0011987708283036299112
-0.00079541184961749329887
0.00058358181448393069267
-0.00045266209378138296366
0.00036327623657965697756
-0.00029799608447408708533
0.00024794970514704996105
-0.00020815611263470153349
0.00017560901076140593665
-0.00014839068568342964343
0.00012522381767854105474
-0.00010522831868045068857
0.000087781826365517303035
-0.000072436043114734405439
0.000058864877012844734457
-0.000046831694170684113815
0.000036168818655057736116
-0.00002676572887144511981
0.000018564772965114157862
-0.000011566115194530956802
5.8508053440080726906e-6
-1.6651448398279553184e-6
0.0010847332450031556264
0.0025169355558129319183
0.0039570003641311452559
0.005361186146469049008
0.0067888283014251869243
0.0081416103206701711522
0.0095446491092309217417
0.010826112483981911667
0.012192597435541112563
0.013383683952719804095
0.014702286714228951916
0.015784634309394933691
0.017045077062767130355
0.018000931711233197292
0.019194411255248755202
0.020006496849353927118
0.021126165034588740413
0.021777437912295801167
0.022819015477515884481
0.023292201901218698529
0.024254856393780476068
0.024531588604922920809
0.025419335129892959539
0.025478504097764901865
0.026302699457454063122
0.026117138819492449262
0.026901480673827949212
0.02643063905521784553
0.027222725325203975433
0.026393920416794143813
0.027297807614494236205
0.025945425750911842076
0.027248110597712642595
0.024804766705532232867
0.027985570950593692856
0.012615485619988281324
-0.0022098072427013481268
0.0011695409992503827726
-0.00077316006258928558683
0.00056501316907446899511
-0.00043638084611734598496
0.0003485673686972707361
-0.00028444779443471644697
0.00023530571408075907608
-0.00019624843662054508512
0.00016432395410213626465
-0.0001376503072589564231
0.00011497533008703011459
-0.00009543791987490110907
0.000078431248112952439646
-0.000063520980495513494434
0.000050394971090856799491
-0.00003883213240053259099
0.000028684091994446360655
-0.000019866964336940072573
0.000012364271841559832293
-6.25006001264309252e-6
1.7780710924725551185e-6
0.0010830301447756008805
0.0025229050740525956909
0.0039452519743696424864
0.0053799209069312526419
0.0067620514563950621905
0.0081773974594536451178
0.009498934878635062483
0.010882643271610852736
0.012124369685151726678
0.013464495444751290685
0.014607984054553515345
0.015893370453822774092
0.016920915110635035919
0.01814157863378429203
0.01903613389035037852
0.020183659634836844957
0.020928724029111746825
0.021996723040431903623
0.022576102430765632321
0.023560802436569762983
0.023958156880071026323
0.024859252570718367984
0.02505724766091797721
0.025879262932023025328
0.025857952562178513348
0.026612672741190095406
0.026346247079190378301
0.027057602509112274806
0.02650720862531342028
0.027222578191609698657
0.02631796528437342576
0.027140029343932420097
0.025720040105935240893
0.026930537257493517375
0.024440912760865369267
0.02748812988775146243
0.012350833877240598217
-0.0021560367668660332579
0.0011369255520001608998
-0.0007486589679041255128
0.0005447890806997425189
-0.00041880918329769344822
0.00033281602711321685255
-0.00027003749257983047024
0.00022193812349551406087
-0.00018372801941845824032
0.00015251848399284703714
-0.00012646942121613488262
0.00010435835199288884242
-0.000085346911034106169525
0.000068847335806560458092
-0.000054443077385723565073
0.000041840668358113377161
-0.000030841186742861010513
0.000021325941675530986162
-0.000013256126084285038108
6.6953685469679827917e-6
-1.9038966811461203045e-6
0.0010846551054746444825
0.0025172099676133322803
0.0039564584325066520766
0.0053620546952037563891
0.0067875786952928188641
0.0081432941969911466797
0.0095424767907728340185
0.010828830092484081971
0.012189273448477924387
0.013387681234580242643
0.01469754165858880817
0.01579021117784314464
0.017038572398536040182
0.018008475019702507979
0.0191856999335855252
0.020016528726505173461
0.021114630868900860297
0.021790693192664106898
0.022803772622425302804
0.023309760718174083496
0.024234571572134234421
0.024555118897530674565
0.025391890533748134507
0.025510740081145707295
0.026264497475417558622
0.026162918743672991037
0.026845846163662420457
0.026499456245507931331
0.027135651414010565673
0.026507404446214850691
0.027143893742190230367
0.026166170097812490421
0.026903964309911913396
0.025420525301442530089
0.026535294721344089962
0.024006603775351576819
0.026911426185518155215
0.012050571486354437102
-0.002096042631603543687
0.0011010176497637327258
-0.00072197793672055878162
0.00052296625416968144606
-0.00039999592739383607528
0.00031606570218511000585
-0.00025480494369598718661
0.00020788415764580827468
-0.0001706305743562377085
0.00014022784938651673573
-0.00011488402431660251434
0.000093411173005255955699
-0.00007499797995004186953
0.000059080190396605290878
-0.000045264358506634858475
0.000033282991984719466711
-0.000022970668707565575319
0.000014258434487693295291
-7.1947814823037866936e-6
2.0448478344925545221e-6
0.001083104246426743482
0.0025226449082567627833
0.0039457655374732256413
0.0053790983695858124616
0.006763233830569129367
0.0081758059180828013338
0.0095009853769589835527
0.010880082038860621471
0.012127496777097218844
0.013460742673678079901
0.014612428463701383089
0.015888160675646897246
0.016926973679730529435
0.018134575842432810281
0.019044191206436158808
0.020174419025679011946
0.020939299751783362949
0.021984631393789010279
0.022589927603281032664
0.023544978938191737671
0.023976304810791342131
0.024838373328130128151
0.025081373254539236706
0.025851228414126393758
0.025890764126633834085
0.02657392255156375681
0.026392528507579284922
0.027001542579879805674
0.026576329096021490025
0.02713539817454563169
0.026431229771489392349
0.026986895410688526683
0.025938975545316370828
0.026590290565426723608
0.025047747032091464512
0.026063520957583559808
0.023503093071683516016
0.026257122076885471139
0.01171556418225658673
-0.0020299972624168973828
0.0010619197374175057516
-0.00069319232280116619784
0.00049960563165045027167
-0.00037999307509643615438
0.00029836238422138337938
-0.00023879201684296212848
0.00019318300233477327637
-0.00015699391390898438398
0.00012748989428348034489
-0.00010293370516092023029
0.000082177412885721234933
-0.000064442029549239405569
0.000049192863278735509824
-0.000036067676818365948196
0.000024837394715773525375
-0.000015391995351320788708
7.7582336097140354786e-6
-2.2036629858417291521e-6
0.0010845845752567538953
0.0025174575359463223634
0.0039559699447142143221
0.0053628365871883971369
0.0067864556641798335439
0.0081448043211229846146
0.0095405335743938141942
0.010831253817241722
0.012186319190499073234
0.013391219814316766663
0.014693359992697808239
0.015795101016820665945
0.017032901419125594113
0.018015009843210326357
0.019178206565289668215
0.020025090140963536057
0.021104873574945434639
0.021801797043121302413
0.022791142849596482455
0.023324132149044460748
0.024218196133092195593
0.024573821193878724315
0.025370458882354332492
0.025535410161259741526
0.026235934623883591659
0.026196230956576588406
0.026806639467458782588
0.026546126035263937518
0.027079307218189989868
0.026576649476863953813
0.027056838423827386416
0.026278908905720865307
0.026752031648968168846
0.025637040408016955399
0.026199909327197761972
0.024602782728157689691
0.025516574210052493752
0.022931833761050090336
0.025527103404465636092
0.011346777878704950626
-0.0019580903996704065276
0.0010197431994296457053
-0.00066238318096304104477
0.00047477214440273056307
-0.00035885558331144459117
0.00027975440166490291099
-0.00022204261483823806985
0.00017787589235794063372
-0.00014285830468371070141
0.00011434585891522523248
-0.000090663185558177230935
0.000070708797592472206314
-0.000053743050039109813271
0.000039269905450422052059
-0.000026972073950888526214
0.000016682925031571671426
-8.3981174179186118954e-6
2.3837453528199780367e-6
0.0010831716337991192879
0.002522408423857368998
0.0039462319690978491617
0.0053783522136992209031
0.0067643047165576198392
0.0081743672826391444847
0.009502834480802767519
0.010877778807478179562
0.012130299789121739137
0.013457391235497263677
0.014616380992437510188
0.01588354925320278284
0.016932308212903315942
0.01812844606991103644
0.01905119805936209242
0.020166441333100692163
0.020948356705725357294
0.021974368631732429575
0.022601545273048988594
0.02353182896993759623
0.023991200299795853332
0.024821473209992984377
0.025100596618050772083
0.025829284902939430444
0.025915929364793054154
0.026544891429660835227
0.026426268024794203344
0.026961969387630006217
0.026623275955931925675
0.027078908759422135346
0.026500423148059410293
0.026900192443969884076
0.02605088675518256088
0.026439974452073764135
0.025261239824601392785
0.025733942233825694814
0.024086918569030714326
0.024896028988438170062
0.022294474617943215876
0.024723474150345151342
0.01094527588341006276
-0.0018805285188008574392
0.00097460797612393948185
-0.00062963694821071310619
0.00044853443214558734488
-0.00033664113451737812442
0.00026029226602697411928
-0.0002046026639905570922
0.00016200635838609197584
-0.00012826715949241344484
0.00010084183202729225923
-0.000078125069983172306306
0.00005907015069319813213
-0.000042987098241258730348
0.000029433809643412614004
-0.0000181644436634700173
9.1300753867643711547e-6
-2.5893722242205976384e-6
0.0010845199324634563055
0.0025176843417571867443
0.0039555227698730970077
0.0053635515496620656204
0.006785430280435462109
0.0081461806011242852724
0.0095387665149531102959
0.010833452078365500083
0.012183647826709475907
0.013394408531179844371
0.014689606446251399009
0.015799471034378017888
0.017027858071981620777
0.018020789813425852564
0.019171618797808509338
0.020032566509934726557
0.021096416019494015314
0.021811342832370048797
0.022780383929625272867
0.023336251279919228887
0.024204541911093274925
0.024589220566570926102
0.025353059283469775802
0.025555123398094292894
0.026213517648014860387
0.026221844240541810009
0.026777197839749486359
0.026580221924404167793
0.027039454969586256675
0.026623764915603695954
0.027000339699632639111
0.026347878059745144216
0.026665904251816603493
0.025747827807806557827
0.026051617177539399357
0.024812662988176190152
0.025193727918736202405
0.023501645936945802694
0.024203671401861935484
0.02159285541394945383
0.023848550325170256398
0.010512215832395531499
-0.0017975341905069766461
0.0009266421332428655285
-0.00059504508106261818824
0.00042096452541672004597
-0.00031340988532326578843
0.00024002854649120923802
-0.00018652022718573780994
0.00014562077415056432544
-0.00011326835423255595726
0.000087031419264501903126
-0.000065384902151935982227
0.000047348771370487584585
-0.000032299866019839931307
0.000019879422702170667192
-9.974113997382680932e-6
2.8259867649101261643e-6
0.0010832339069515028291
0.0025221899746310071701
0.003946662516871863622
0.0053776641858074820025
0.0067652908096568265358
0.0081730448450749666608
0.0095045307019383768643
0.010875671165015903954
0.012132857534383824296
0.013454342896313772819
0.014619962981471720831
0.015879387199958216596
0.016937100977675100561
0.018122966715340081625
0.019057426282097514345
0.020159394166058789509
0.020956302389632437258
0.021965433268188370063
0.0226115756834888856
0.023520580636309239685
0.02400381117064264326
0.024807327969885626536
0.02511648247536437228
0.025811408173838264922
0.025936104207717229734
0.026522036368310814174
0.026452285363684163296
0.026932171767785504041
0.026657660700705206971
0.027038861259808890536
0.026547602606805072487
0.026843815967583216997
0.026119464085885778036
0.026354639944374365593
0.025370614571160002086
0.02558807164080492236
0.024292610304662648834
0.024580817887444407705
0.022848657338674394814
0.023441493835210496446
0.02082900173384249371
0.022904853229011797737
0.010048846352466949222
-0.0017093453777303431809
0.00087598137694823767172
-0.00055870363960509124617
0.00039213748567563718134
-0.00028922420847754201209
0.00021901782130774491023
-0.0001678458643201605212
0.00012876948009345095587
-0.000097916742509553461571
0.000072980785514423602427
-0.000052530880004636279316
0.000035673147837591644285
-0.000021884099913872169771
0.000010956201036448790306
-3.1006123248472696784e-6
0.0010844596706003428487
0.00251789569695714455
0.0039551063411362024598
0.0053642166967254293938
0.0067844775806747609699
0.0081474572529985267289
0.009537130566274727553
0.01083548257545386739
0.012181186856192627102
0.013397337253308608287
0.014686170685032711188
0.01580345580777712707
0.017023278895073154418
0.018026013027038864728
0.019165696720313712958
0.020039248596987765894
0.021088905107568224777
0.021819760701185064668
0.02277096962144691228
0.02334676540199520319
0.024192807494675982753
0.024602316976359317978
0.025338432633981488535
0.025571482077081852089
0.026195182288827813401
0.026242456395390504252
0.02675393596361518238
0.026606603590091236615
0.02700935142682357071
0.0266583756659974397
0.026960175807035638279
0.026395022296775866278
0.026609775757385688612
0.02581585225651787555
0.025967285269228896216
0.024920345511198566146
0.025050664458655354014
0.023702590054905320556
0.023896971680330176972
0.022129841833456736535
0.022611688962274920583
0.020005119304018106472
0.021895102095656736929
0.0095565034614646083074
-0.0016162146637494338445
0.00082276850194350080473
-0.00052071280454552281547
0.0003621309986593767003
-0.00026414845447134895889
0.00019731680458594920272
-0.00014863349239658521567
0.00011150904918529005398
-0.000082279070620367954566
0.000058778601449671881692
-0.000039693689094648272128
0.000024253633625169746128
-0.000012110606824974964663
3.422452718122058841e-6
0.0010832925060975988907
0.0025219844862747906449
0.0039470672610472719366
0.0053770179923432869564
0.0067662158148549033144
0.0081718062176496876526
0.0095061165188181524637
0.010873704937475962942
0.012135237749060911118
0.013451514154011543969
0.01462327633105745595
0.015875551043077140503
0.016941500880723329248
0.018117958703785980536
0.019063090968602224048
0.020153019123353276551
0.020963447666409144731
0.021957450378407068026
0.022620472659743444384
0.023510682035736326534
0.024014812460785877447
0.024795106282639062001
0.02513006289495553832
0.025796304896824743755
0.025952927031434333466
0.026503255727282828368
0.026473315864165613728
0.026908528829058361155
0.026684372695214219557
0.027008495891341679068
0.026582382770443621061
0.026803607932432607366
0.02616648091323983198
0.026298877518964875087
0.025437933551162176476
0.025504942367384008008
0.024398332555746463405
0.024440932595663928934
0.023044314622201123145
0.023144151287567339096
0.021347280021472342514
0.021716643079782255848
0.019123587873278697023
0.020822206129300004572
0.0090366067167718176352
-0.0015184084015348453808
0.00076715275325823413912
-0.00048117630761038561752
0.00033102492154092699226
-0.00023824879597733371639
0.0001749848606511558883
-0.00012894228129716095339
0.000093906917324685406742
-0.000066443987810506661867
0.000044556901129053053695
-0.000027090647903279633198
0.000013483422583148879657
-3.8037819754078894909e-6
0.0010844023881265989431
0.0025180965358622596888
0.0039547108696453562394
0.0053648478199757075275
0.0067835746488661061969
0.0081486654880896118832
0.0095355849455482185164
0.010837397095766597323
0.012178871843350100859
0.013400084980877926873
0.014682956882439938451
0.015807170687568525842
0.017019025767703647566
0.018030844313750032597
0.019160243976789920872
0.02004537022269756353
0.021082062174886682987
0.021827383404538482723
0.022762501388273436409
0.023356153756709690044
0.024182413692581622061
0.024613814664019558692
0.025325716502778916682
0.025585551176511391827
0.026179600749147550711
0.026259741327446506855
0.026734716516638490568
0.026628040585636781696
0.026985345802429769306
0.026685391648881514435
0.026929584738017632846
0.026429923614365283149
0.026569587067867136489
0.025862658779552440597
0.025911997019402969838
0.024986817349625611544
0.024968925606020858187
0.023806098259880895486
0.023760618039796216805
0.022319696377872679583
0.022324514757598315151
0.020503238672651908381
0.020758928728466773103
0.018186954701684228148
0.019689255936833102519
0.0084906551233540026994
-0.0014162057673819542227
0.00070928907057880966554
-0.00044020074801194978278
0.00029890080154613116344
-0.00021159330676204771413
0.00015208538046906211718
-0.0001088407865873093077
0.000076051201799565130524
-0.000050543720902043507287
0.000030538822988851080957
-0.000015138001051930005467
4.2612976126255848841e-6
0.0010833488236098222138
0.0025217870603675719209
0.0039474559063820584155
0.0053763980073589268317
0.0067671023510685425347
0.0081706206888054222545
0.0095076319138582973712
0.010871829569919380896
0.012137503031440638355
0.013448828676225055851
0.014626413077685019185
0.015871930720618819368
0.016945638771194234792
0.018113267084438463535
0.019068375181770261817
0.020147100138734103592
0.020970047618984552469
0.02195011840939071247
0.022628593542237657179
0.023501708287473127875
0.024024711559887345396
0.024784198986321928986
0.025142073883164741413
0.025783079182283611993
0.025967497743682719348
0.026487185724640752473
0.026491069742873609314
0.026888867858070716412
0.026706213861369293046
0.026984136082506493441
0.02660968665050043548
0.026772816631635149745
0.026201466237105875426
0.026258760026025144957
0.025484459143503054634
0.025450223338397693089
0.024463829690657441812
0.024360756367744321086
0.023145372784641104522
0.023011661483665109574
0.021530843368573515653
0.021440408896255894869
0.0196001651182220346
0.019741296535011375776
0.017197927739420394454
0.018499514347496898766
0.0079202228134523318301
-0.001309897689325607866
0.00064933716466822507127
-0.00039789476003092528374
0.00026584143426018199288
-0.00018425264535177714265
0.00012868913735241283393
-0.00008841620041679941644
0.000058072813956374372539
-0.000034805369243539803438
0.00001716365243647590851
-4.8182404326071644317e-6
0.0010843466683576582146
0.0025182918388788743942
0.0039543265008477114098
0.0053654607571844308367
0.0067826986150128237485
0.0081498362658180092902
0.0095340894916732249213
0.010839246209356228064
0.012176640467548837403
0.01340272730360818974
0.01467987443550536681
0.015810723317895054117
0.017014971621841954175
0.018035432991337772819
0.01915508561922974506
0.020051136042703271056
0.021075647900265475567
0.02183449100689844052
0.02275465090956654471
0.023364802288205322203
0.024172905149557698826
0.024624253373938005238
0.025314267523406550695
0.02559810266427157748
0.026165839610797695937
0.026274837698097623806
0.026718136318936077913
0.026646282209599800892
0.026965228189178506609
0.026707647515654282547
0.026904865918612348903
0.026457513125501796794
0.026538606646969445394
0.025897705899620382812
0.025871986985105525683
0.025033007731238956461
0.024914853575361843631
0.023870511579970763949
0.023682156574372125003
0.02241809093262890687
0.0221961948004274668
0.020680055036977990536
0.020494360874229261652
0.018640681601818318577
0.018666666149368700399
0.016159368623899424732
0.017256406589491887545
0.0073269545110401226796
-0.001199785598172869748
0.00058746034291944360684
-0.00035436799698894660963
0.00023193067521239463685
-0.00015630228447823356542
0.00010488243594689408271
-0.000067796263828987725548
0.000040199959863510016021
-0.000019690092518539523415
5.5078299239695835208e-6
0.0010834043409207424437
0.0025215924923878398259
0.003947838738379688357
0.0053757877295185043705
0.0067679741915914062162
0.0081694561682535478143
0.0095091183729377621273
0.010869993032213244859
0.012139717209257153324
0.013446209443303466275
0.014629465008840076635
0.015868417872226858851
0.016949641673654622441
0.018108743720647315989
0.019073451062308359344
0.02014143762082423644
0.020976333431725656739
0.021943169563893689787
0.022636248875381602772
0.023493298539678331224
0.024033929027815534076
0.024774114014815592822
0.025153093966956328833
0.02577104688474440191
0.025980630933894452467
0.026472848751664321944
0.026506730964051765057
0.026871739999672770171
0.026724978361863580144
0.026963529762986041949
0.026632385323228012945
0.026747715750387936789
0.026229358014045006304
0.026227581985750323248
0.02551956621868064784
0.025410335828613340795
0.024509652708594132215
0.024307385893979148295
0.023208617748286125283
0.022935040564886385738
0.021626389647261773507
0.021316531944404128066
0.019769818365791895998
0.019489068413678016114
0.017627579923390107037
0.01753811603965070407
0.015074285709414021014
0.015963509749527335225
0.006712560795495467119
-0.0010861799063309524696
0.00052382394644753755708
-0.0003097299356750831044
0.00019725414522341831692
-0.00012782883024177305177
0.00008078780470729121626
-0.000047206090673304170072
0.000022912579850196693264
-6.3790573769941623855e-6
0.0010842909131487053789
0.0025184872170613590902
0.0039539421582766039103
0.0053660732497259126117
0.006781823973988563646
0.0081510039226377873151
0.0095325999565172106762
0.010841085203626486362
0.012174425195947173874
0.013405345316209460266
0.01467682722646312587
0.015814226484969507104
0.017010985126590435889
0.01803993109891878634
0.019150046379972323882
0.020056747517038161393
0.021069431114532104696
0.021841348595829603515
0.022747114097914028441
0.023373060271147645185
0.024163879803198394778
0.024634097377703956497
0.025303547424856622956
0.025609763714636611777
0.026153163752743390251
0.026288613192052365251
0.026703162896663482052
0.026662568497817290086
0.026947493343587199203
0.026726992738290187289
0.026883715242606625564
0.026480707188013051661
0.026513075258451162493
0.025925942914882095992
0.025840575509523329757
0.025068201262807320393
0.024875074221942774604
0.023915965704653030457
0.023629510251466318391
0.022480116550812023966
0.022121504652781199782
0.020772606684830296306
0.020375157606578725249
0.018802805133565161424
0.018427387941922266822
0.016563816971893435037
0.016358871685049571955
0.013945827513193987075
0.014624541352498331736
0.0060788131812409881351
-0.00096939803574586876804
0.00045859317232639707036
-0.00026408869676078375668
0.00016190279710379212832
-0.000098947941357966254292
0.000056621358868287072578
-0.000027138159757167161273
7.5069255622154866494e-6
0.0010834608438488403566
0.0025213945158682090463
0.0039482281148398233697
0.0053751673941022308669
0.0067688596955394473489
0.0081682745690526579334
0.0095106248354900179614
0.010868134382651602907
0.012141954430792487189
0.013443567813023023434
0.014632536661135632931
0.015864890519955722456
0.016953650739496273649
0.018104226324284426392
0.019078504285371177004
0.020135819901378912586
0.020982545813588052163
0.021936330494905048946
0.022643748929074094413
0.023485100450066154752
0.024042865523524802902
0.024764394751521195983
0.025163645158588797333
0.025759608824321926229
0.025993017784369008311
0.026459442723496963827
0.026521236879408753267
0.026856040824429177401
0.026741979819591372076
0.02694509749566290366
0.026652401469751960995
0.026725931436382065335
0.026253134985087890411
0.026201535375516695764
0.025548229081524809331
0.025378616058527979819
0.024544999695173227043
0.024267658314724110156
0.023253745070025641202
0.022883095624680062337
0.021687192258025772678
0.021243813115387086171
0.019859281758095369808
0.019374712361694056835
0.01778187156444126691
0.017312319527807444644
0.015452512278328719368
0.015132291246021067892
0.012777277316824092954
0.013243346708207949823
0.0054275390350365589417
-0.00084976164308705433622
0.00039192993105107898364
-0.00021755086324946404566
0.00012598583304687501789
-0.000069858976218038631022
0.000032876824163262794947
-9.0116041729545540975e-6
0.0010842330460839288371
0.0025186899530531954421
0.0039535434927638400477
0.0053667082180362963522
0.0067809178939679422975
0.0081522124600005299127
0.0095310599437847638694
0.010842984096887562212
0.012172141130177453661
0.01340804011279765067
0.01467369656507273286
0.015817817989322595596
0.017006907710372924333
0.018044519824656409339
0.019144920378389293786
0.020062437580304161446
0.021063149113895075684
0.021848251798047625094
0.022739558704644704962
0.023381300956263186134
0.024154918165234750345
0.024643818718016576643
0.025293023915688729151
0.025621136331392144728
0.026140889701295153583
0.026301847515462599326
0.026688901567260962878
0.026677933194627994593
0.026930937108477187789
0.026744843273283640672
0.026864449469218947293
0.026501531998058743721
0.026490518554295608047
0.025950441762292297753
0.025813875488726039507
0.025097426130623224693
0.024842913625380093592
0.023951592997843186164
0.023589715966466249964
0.02252502358452343628
0.022070171458626885057
0.020832252124733295337
0.0203043781896011211
0.018889162669850467536
0.018317971800064510953
0.016710062909024560384
0.016146986186597291914
0.014296949885586778075
0.013861846767689176945
0.011572050460801934291
0.011823884235968236215
0.0047606163654733521639
-0.00072759231307303973623
0.00032398834238200465372
-0.0001702265436127658551
0.000089677115125206695108
-0.000041037752980934362118
0.000011096855582153617205
0.0010835208583364118292
0.0025211842751272453235
0.0039486414715376172072
0.0053745091800187813065
0.0067697986584626677855
0.0081670226508117033013
0.0095122193941253358485
0.010866169293738703138
0.012144316646534680469
0.01344078279182522112
0.014635769548791474187
0.015861185067436873673
0.016957853321366382649
0.018099501967075605678
0.019083775357427899625
0.020129976664645908415
0.020988987404128586583
0.02192926337363178953
0.022651470021567404783
0.023476695370537016366
0.024051986539204271462
0.02475452350078994781
0.02517430378326575571
0.025748122263794942493
0.026005376965832213397
0.026446161264074934892
0.026535496284158118394
0.026840740514264057451
0.026758392886999977609
0.026927488913285687918
0.026671301795277578238
0.026705626365688565882
0.026274978885621192231
0.026177991779927529413
0.025573667667387739325
0.025351042314260370446
0.024575008164642832744
0.024234835519627977192
0.023289871847764771102
0.022843020255123045396
0.021732085080985935331
0.021192898699206892109
0.019917943108887310249
0.019305729051021286739
0.017865221664090125711
0.017207814340786659682
0.015590628348455791079
0.014934602295044234582
0.013100589569993275381
0.012551096514953175787
0.01033369782678162836
0.010370206889236665264
0.004079968558742741263
-0.00060320412570929680904
0.0002549093575780869466
-0.00012225898893525870881
0.000053403977193438368561
-0.000014134236996963537686
0.0010841698285637395703
0.0025189113973364860687
0.0039531081697334268097
0.0053674012693384738467
0.006779929499760595201
0.0081535298446018504339
0.009529382675676145235
0.010845050138645898226
0.012169658913620180881
0.013410964795546928133
0.014670303936351444609
0.015821703480162335379
0.017002504787709950636
0.018049464601925006991
0.019139409279206734071
0.02006853970424814247
0.021056430829608202183
0.021855612020606029677
0.02273152989516729727
0.023390026126019460097
0.024145467449710458551
0.024654025906965607897
0.025282027199687314574
0.025632958205395811499
0.026128203924788364548
0.026315439695723281683
0.026674355946559862339
0.026693484779309207988
0.026914320376060589538
0.026762592458521518118
0.026845490566774910516
0.026521790178461827794
0.026468856232510990467
0.025973632307546320067
0.025789008247904488047
0.025124149862000382929
0.024814112834478475414
0.023982745317864247918
0.023555865128644159392
0.022562019492546592269
0.022029443993060747404
0.02087749976983014068
0.020253520160210076567
0.018947189039882611136
0.018250458505059610011
0.016790693795995792693
0.016047165554174023909
0.014427058722478227816
0.013678418647643164823
0.011867099532904679128
0.011203637521113431613
0.0090659243279703826249
0.00888643477118004397
0.0033875592782472030363
-0.00047688947168623759403
0.00018482280306619928388
-0.000073983309578920709899
0.000018870304628129351825
0.0010835888095709613163
0.0025209462648833798343
0.0039491093046781437682
0.0053737645003996410195
0.0067708604400169730185
0.0081656078540341730929
0.0095140200691833241168
0.010863952132081170643
0.012146979187728887065
0.013437647300315791439
0.014639404543609003685
0.015857024785751500878
0.016962564116731984793
0.018094215797401503346
0.019089661573958234363
0.020123465743734345556
0.020996147846080272638
0.021921428254078810759
0.022660005507903696505
0.023467433085413293349
0.024062003031689234973
0.024743724151563607375
0.025185916182362323387
0.025735664726331389954
0.02601871403816041131
0.026431907463230680728
0.026550707389749492523
0.026824527437943106825
0.026775657551935580878
0.026909117028952403371
0.026690843861117235441
0.026684842169814315225
0.026297088246819189722
0.026154460434836006737
0.025598735103980040131
0.025324302768656592383
0.024603583929975183871
0.024204222917151770028
0.023322770074989404519
0.022807522933987092141
0.021770583583126463362
0.021150872653766711478
0.019964202151474737963
0.019254265029057052908
0.017923274901546791489
0.017141119273034310725
0.015669167003368210956
0.014838887904165782873
0.013223179460749752737
0.012381611114163333933
0.010600443384455066835
0.0098230078017054722693
0.0077726478260195856473
0.0073767042953037023582
0.0026853883832196935292
-0.0003488904149077535958
0.00011392973144285071866
-0.000027025295316764341883
0.0010840946946835493556
0.0025191745517179028048
0.0039525909637951490517
0.005368224421977436508
0.0067787560488054690276
0.008155093073928029235
0.009527393641407897554
0.010847498419664115215
0.012166719944080955021
0.013414424317382536784
0.01466629525407326005
0.015826288934038714766
0.016997315731053065369
0.018055283502481295009
0.019132934710754619723
0.020075695510985528007
0.021048568307711102069
0.021864206802818380034
0.02272217707099216569
0.023400163189561294195
0.024134519338465909362
0.024665812701621688509
0.025269373014689603408
0.025646509837412789389
0.02611372311731103803
0.026330883455254523812
0.026657912965815105822
0.026710966272784944255
0.026895757418476944841
0.026782284265736106599
0.026824617140889155101
0.02654390455108767582
0.026445433555477969593
0.025998440536150168179
0.025762724951038439497
0.025152013097831432543
0.024784545381884525724
0.024014166079421646543
0.023522409815378224835
0.022597732891734200602
0.021991192366720552906
0.020918647066646042968
0.0202090117053614048
0.018995679309301607373
0.018197135651182722066
0.016850054629418645265
0.015979988624513223103
0.014504810438431742911
0.013585523920625208557
0.011983396141445050161
0.011047011036478041585
0.0093051255405268987893
0.0084124374878225045255
0.0064581859959754091671
0.0058450411894785180313
0.0019754934624996686885
-0.00021935571671629930588
0.000043495794135818724391
0.0010836756685905886814
0.0025206420562301984814
0.0039497071539491823546
0.0053728131050693174604
0.0067722165126255969969
0.0081638016674483502592
0.0095163177420825648243
0.010861124670179624637
0.012150372337417447993
0.013433654491225576703
0.01464402941683474525
0.015851736725435708039
0.016968545440447485177
0.018087511979061383265
0.019097116452315621932
0.020115231740674498324
0.0210051886951047876
0.021911553026669645339
0.022670742613629543734
0.023455806471630348749
0.024074547085450613437
0.024730234236934619237
0.025200381073690839085
0.025720194816908855811
0.026035220194326382021
0.02641433234390146296
0.026569386025293690445
0.026804708487408208081
0.026796656346317909261
0.026886895552905675272
0.026714334863968822432
0.026660029937104940804
0.026323279316636392987
0.026126825716035090892
0.025627887122489222994
0.025293548882732764069
0.024636037844671252093
0.024169953722623979246
0.023358991526896617202
0.022769184265816539793
0.021811241006087473025
0.021107646285109702897
0.020010313671212289992
0.019204860477119031683
0.017976511186238502852
0.017083319782509720569
0.015732556382826203612
0.014768408179648122184
0.013303055998656192482
0.012288553668115334863
0.010713458310154739707
0.0096762848826870417243
0.0079870106549649427539
0.0069740263034357442594
0.0051279619303280376855
0.0042949054688664937774
0.0012599954031625607713
-0.000088788621212777458858
0.0010839850774285286443
0.0025195584559568142136
0.0039518365316162758625
0.0053694249058938885698
0.0067770451095691714419
0.0081573716303762768918
0.0095244954983275889651
0.01085106417331432322
0.012162441670136549579
0.013419457499077035911
0.014660466855480580653
0.015832951128158821521
0.016989782610131268705
0.01806372347302645326
0.019123552967736200717
0.020086053137288437416
0.021037201324569878684
0.021876616146554519828
0.022708692667706490726
0.023414755213365838462
0.024118787098506009353
0.024682717970508768656
0.025251261490529060384
0.025665861471711852158
0.02609309665090920595
0.026352820611016684248
0.026634627823206048621
0.026735638490295278574
0.026869656841008270552
0.026809857161138496499
0.026795524734295561944
0.02657456756799492409
0.026413144116196487087
0.026032417903532709616
0.025726991252295301654
0.025189579922515241039
0.024745058370201734999
0.024055672989374969276
0.023478767573348764374
0.022643645642652416488
0.021942848836316989383
0.020969613997789827414
0.020155186348287699015
0.01905265478848944722
0.018136640869225775932
0.01691454672712497045
0.015910863357215195189
0.014579442654079798202
0.013504135017577351626
0.012073421521174797329
0.010945330981140829355
0.0094237518882260775948
0.0082663478275414649681
0.006657162031301705575
0.0055046931491864802408
0.0037924322626801345847
0.0027264253769751678204
0.00054193081240686248576
0.0010838616248137249715
0.0025199908063251215425
0.003950986924999337377
0.0053707767664393870584
0.0067751185564944060726
0.0081599371174854825261
0.0095212327309467043279
0.010855078070073117883
0.01215762636248197627
0.013425121590990934238
0.014653909022080245359
0.01584044562690466366
0.016981310246708005399
0.01807321343354363527
0.019113006922929216615
0.020097692704933898444
0.021024431664791062997
0.02189055176682012552
0.022693555757409901252
0.023431128364513173459
0.024101142972708874203
0.024701667754481196433
0.025230971239976562649
0.025687527309142862737
0.026070019591834909486
0.026377345263185416715
0.026608618223289507052
0.02676317165202912605
0.026840559931667424432
0.026840559931667424432
0.02676317165202912605
0.026608618223289507052
0.026377345263185416715
0.026070019591834909486
0.025687527309142862737
0.025230971239976562649
0.024701667754481196433
0.024101142972708874203
0.023431128364513173459
0.022693555757409901252
0.02189055176682012552
0.021024431664791062997
0.020097692704933898444
0.019113006922929216615
0.01807321343354363527
0.016981310246708005399
0.01584044562690466366
0.014653909022080245359
0.013425121590990934238
0.01215762636248197627
0.010855078070073117883
0.0095212327309467043279
0.0081599371174854825261
0.0067751185564944060726
0.0053707767664393870584
0.003950986924999337377
0.0025199908063251215425
0.0010838616248137249715
0.00042239979630669677863
0.0022242617013545486986
0.00546049587577868175
0.010122492652824845446
0.016196898748537954923
0.023666221240565454279
0.03250893120587032576
0.042699535717823729657
0.0542086539889849118
0.067003102962596260362
0.081045993330313341824
0.096296836043455929476
0.11271165912517362737
0.13024313448997886608
0.14884071442304594326
0.16845077733393736678
0.18901678236846044448
0.21047943243488748476
0.2327768451755762068
0.25584473139164076819
0.2796165804065802174
0.30402385183462342481
0.32899617320100236938
0.35446154284444540523
0.38034653751692327279
0.40657652408211933931
0.43307587470226657149
0.45976818489292863535
0.4865764938170288221
0.5134235061829711779
0.54023181510707136465
0.56692412529773342851
0.59342347591788066069
0.61965346248307672721
0.64553845715555459477
0.67100382679899763062
0.69597614816537657519
0.7203834195934197826
0.74415526860835923181
0.7672231548244237932
0.78952056756511251524
0.81098321763153955552
0.83154922266606263322
0.85115928557695405674
0.86975686551002113392
0.88728834087482637263
0.90370316395654407052
0.91895400666968665818
0.93299689703740373964
0.9457913460110150882
0.95730046428217627034
0.96749106879412967424
0.97633377875943454572
0.98380310125146204508
0.98987750734717515455
0.99453950412422131825
0.9977757382986454513
0.99957760020369330322