0.0011303192746332978146
-0.00043000314512037220837
0.00032949077554758367178
-0.00027733892485949539485
0.00024318812124121955749
-0.0002181571847977993829
0.00019850676023314166548
-0.0001823399752531829287
0.00016857644889359365555
-0.00015654991219864225792
0.00014582495731674944253
-0.00013610427147447536461
0.0001271777978239893625
-0.0001188930910251800699
0.00011113714646483297278
-0.00010382479478313688636
0.000096891029758030100525
-0.000090285785955970923837
0.000083970293850738261682
-0.000077914480705613185452
0.00007209508289794356185
-0.000066494253765019106067
0.000061098524290332554292
-0.000055898020552534179512
0.00005088587233357391862
-0.000046057767791580525913
0.000041411623393764582467
-0.000036947348757105676781
0.0000326666942903771165
-0.000028573176847526786599
0.000024672086242451395174
-0.000020970585063774505165
0.000017477928449369108414
-0.000014205854568990242947
0.000011169242031560446704
-8.3872255654310521436e-6
5.8851850905350324645e-6
-3.6986368044448388227e-6
1.8821656335465164338e-6
-5.3742980595539583945e-7
0.0024458272214311607112
0.0026245711327882034037
-0.00071469470407866597024
0.0005028678592961418555
-0.00041008577673619091904
0.00035452723374127957761
-0.00031574712199527810029
0.00028612248454433363834
-0.00026211971932529692889
0.00024185622441291886187
-0.00022422745894423697053
0.00020853826187772181181
-0.00019432741749886628732
0.0001812762686972891883
-0.00016915760471600010915
0.00015780538890625729411
-0.00014709596529278476171
0.00013693592411833884969
-0.00012725400307811352411
0.000117995527856881459
-0.00010911850347534942582
0.00010059081040118601109
-0.000092388159770315885641
0.000084492583384634708905
-0.000076891309952667999349
0.000069575927892145387746
-0.000062541767591387842307
0.000055787458725525953707
-0.000049314635109720755664
0.000043127773514887863984
-0.000037234166328384985834
0.000031644043711278663225
-0.000026370883250867843041
0.000021431982066714782181
-0.000016849435354752341612
0.000012651809169116049089
-8.8771330075278254272e-6
5.5787633267712780744e-6
-2.8388529338838538398e-6
8.1058884900175416293e-7
0.0021699185077799550877
0.0057060597298363535509
0.0041052645954769721782
-0.0009822029021837512463
0.000653422077843371891
-0.00051767419574273635658
0.00044008855716351433661
-0.00038778442429386775917
0.00034882652565413016875
-0.00031783055349312985179
0.00029200207375453752668
-0.00026974105838302162254
0.00025006256465380796766
-0.00023232593417512952552
0.00021609623344785784871
-0.00020106811185456112134
0.00018702146625340609401
-0.00017379435984351505905
0.00016126580219111717931
-0.00014934442013163159213
0.00013796078464299038043
-0.00012706208384299070127
0.00011660834726658266063
-0.00010656972448523936537
0.000096924499512630658533
-0.000087657632779005080148
0.000078759692997029231316
-0.000070226088103700723421
0.000062056537292366013165
-0.000054254751168479283869
0.000046828308905024665508
-0.000039788744389092535938
0.000033151883676200120525
-0.000026938524061709267855
0.000021175632902769353293
-0.000015898425810701143791
0.000011154108805294523009
-7.0092323798355075892e-6
3.5666059625567709914e-6
-1.0183607835017949763e-6
0.0023170052951954426038
0.0050118283369246348654
0.0089355548377100074209
0.0055614622985417393154
-0.0012403047396445070163
0.00079403086982188990399
-0.00061456215970669453217
0.00051448753812834625405
-0.00044846301113247706036
0.0004001662552675435689
-0.00036230163480160903073
0.00033112034249562311192
-0.00030449808465078864469
0.00028114080982422718648
-0.00026021540048118270071
0.00024116182326994547807
-0.00022359056059135797011
0.00020722329343610915939
-0.00019185692559124415001
0.00017734087420956510511
-0.00016356223959080519605
0.00015043583584747277306
-0.00013789732227111537848
0.00012589837295685056736
-0.0001144032242594226019
0.00010338617946018857698
-0.000092829797904056346431
0.000082723590322238315304
-0.000073063105094375732922
0.000063849335130223782193
-0.000055088410772660034136
0.000046791577919263034595
-0.000038975500644683183066
0.00003166298703471159615
-0.000024884342237608543891
0.000018679767449518133815
-0.000013103723883601889445
8.2335482134761954755e-6
-4.1893059384018400881e-6
1.1961131417470009268e-6
0.0022212814025260925741
0.0054032460022234215724
0.0078264550452888032738
0.012110561970431019039
0.0069842517450058502746
-0.0014895072703521624242
0.00092725695821944431864
-0.00070429171928578830952
0.00058172838076776187373
-0.00050197016436977917099
0.0004443560988083483279
-0.00039968619371665125236
0.00036325306442520902186
-0.00033240161275084567859
0.00030552245938916692919
-0.00028158481227132353752
0.00025989937205671714141
-0.00023998919472332488248
0.00022151521685202225973
-0.00020423122630322644588
0.00018795553394978071946
-0.00017255254203739942485
0.00015792040321908332223
-0.00014398255510666460802
0.00013068179637092907612
-0.00011797607756945156687
0.00010583548218980474539
-0.000094240059931072731532
0.000083178293883036828228
-0.000072646064129359557846
0.000062646029823423032435
-0.000053187402449338107663
0.000044286136612143768328
-0.000035965637633488856034
0.000028258208506108080068
-0.000021207705111049747378
0.000014874438409283779956
-9.344915817382813167e-6
4.7543494042222948532e-6
-1.3573741416298184947e-6
0.0022901168316011049887
0.005137907775089145529
0.0084645850360951861742
0.010595017009084908238
0.015212141629515570313
0.0083650488206369618482
-0.0017290147973678200723
0.0010535327222295428972
-0.00078790294622658449191
0.00064319500523432735363
-0.00054988621085329542278
0.00048308249958118766207
-0.00043171916989446245352
0.00039014604883997748964
-0.00035518340401700536973
0.00032490859488007604045
-0.00029809344507438487058
0.00027391893835875752589
-0.00025181998541097440175
0.00023139600843268418023
-0.00021235695498253886077
0.00019448939081927632069
-0.00017763448064209995874
0.00016167327830991504244
-0.00014651666415837836535
0.00013209832812281130666
-0.00011836980808512898602
0.00010529695722352983305
-0.000092857439674814894493
0.000081038999774869509867
-0.000069838351125427819019
0.000059260610173819562469
-0.000049319272967860499198
0.000040036824342408214037
-0.000031446212302048622153
0.000023593698769889095959
-0.000016544234725450371577
0.000010392237739018579012
-5.2865850019625592751e-6
1.5092332181219501592e-6
0.002237496365221162793
0.005334614617941570743
0.0080241878833935059165
0.011475443753162524502
0.013300547430126047595
0.018221844384375635803
0.00969554199361800441
-0.0019576912336614854563
0.0011726512943087491343
-0.00086562653830295689197
0.00069937571852476374835
-0.00059286193695188559277
0.00051710024022109174252
-0.00045922070062620481343
0.00041265821837700440644
-0.00037372243606475155092
0.00034018481705878226394
-0.00031062377248238703124
0.00028409273041493966801
-0.00025993962339805805626
0.0002377029729393826536
-0.00021704919329233160351
0.00019773324854376625282
-0.00017957313209032137189
0.00016243284313462640819
-0.00014621076519160137812
0.00013083158694522517967
-0.00011624061729824132756
0.00010239977186764279513
-0.000089284773089274779731
0.000076883280299607349236
-0.000065193791574217405249
0.000054225265261053856768
-0.000043997524781365023356
0.000034542678528746743447
-0.000025908099574762091617
0.000018162214012241462513
-0.000011406249300733699235
5.8016108318400282672e-6
-1.6561375570892925387e-6
0.0022794302631461033387
0.0051806733102314676768
0.0083556784694683940871
0.010862040729873749304
0.014416996659890622488
0.015926571749510720129
0.021121695761778781586
0.010967727046418317998
-0.0021743144804116617043
0.0012841805957497451949
-0.00093738188507025041165
0.00075039581342656017083
-0.00063115668295293942035
0.00054675987809992699766
-0.00048260436158144926099
0.00043124651038294360917
-0.0003885048082545899002
0.00035185588059813654851
-0.0003196912969567362444
0.00029094097368630591377
-0.00026486842786190801978
0.00024095294953026242423
-0.00021881854103274278049
0.00019818935020607544242
-0.00017886078444538885811
0.00016068026562608240612
-0.00014353411742106441955
0.00012733847933499798289
-0.00011203295081242612441
0.000097576154366321153112
-0.000083942712259019092242
0.000071121337872247614156
-0.000059113901901034604161
0.000047935486927103359997
-0.000037615644921542895291
0.000028201424561704525915
-0.000019763509475099618202
0.000012408884151955623488
-6.3105380571043674278e-6
1.8012519206005479373e-6
0.0022449866713175438175
0.0053056524155943509573
0.0080928989262327775708
0.011327797275026903064
0.013634763264245701349
0.017271486884512361814
0.018457164586778025794
0.023894332188704126435
0.012173951908768058015
-0.0023776673601378998569
0.0013876111977014388165
-0.0010029608291081818291
0.00079622062331515400045
-0.00066484943110302755782
0.00057221964975622776345
-0.00050208541827096822094
0.00044616779871058817081
-0.00039981780453771066288
0.00036023109446742816469
-0.00032562093844598042367
0.0002947992188947936026
-0.00026694867498770342623
0.00024149186196588090016
-0.00021801214530376839041
0.00019620417316085002755
-0.00017584179846926188455
0.00015675673377881499602
-0.00013882403991051848369
0.00012195211219033801092
-0.00010607573143317977818
0.000091151292710471202989
-0.000077153674873886694889
0.000064074462163522839671
-0.000051921442491961403214
0.000040719554419112224207
-0.000030513855414655520275
0.000021375934325798844328
-0.00001341744446364862708
6.8221103772796577004e-6
-1.9470634248891276629e-6
0.0022739362040264191043
0.0052014402523748693605
0.0083085815145063100053
0.0109556805947107589
0.014231966034156949554
0.016325771114852617455
0.020021785315842388039
0.020877019979825037225
0.026523126730918394484
0.013306961745984206089
-0.0025665785621719530602
0.0014824194811214630395
-0.0010621070545187403433
0.00083674504735466234728
-0.00069393379431724966704
0.00059354260630817179172
-0.00051777783951363145456
0.00045757427224749993968
-0.00040784265257386468136
0.00036551384123819005967
-0.00032863294214537816535
0.00029590043546556989478
-0.00026642278878684456349
0.00023956899604836236225
-0.00021488410671706710888
0.00019203504309219540892
-0.00017077553582965798592
0.00015092282671976249804
-0.00013234187604206497187
0.00011493452682993915831
-0.000098632073886496214829
0.000083390294122863553702
-0.000069186398305442827308
0.000056017676084242319608
-0.000043901923509571303292
0.000032880205975189714781
-0.000023023446331856090482
0.000014446768712765859062
-7.3438039399493250804e-6
2.0956951073879585567e-6
0.0022491601772214374014
0.0052901243882520865936
0.0081270507373329978487
0.01126324040365732714
0.013752381809359674838
0.017050421004108027546
0.018918879676209595573
0.022651400470400780968
0.023171526387490750232
0.028992300931876826145
0.014359942274847887842
-0.0027399450171301440321
0.001568098738138314886
-0.0011145547975816519751
0.00087183758940915348789
-0.0007183653569083706239
0.00061074567915689933601
-0.0005297439226387345934
0.00046556278236349216817
-0.00041270300464044988741
0.00036784878626177339279
-0.0003288885448803335286
0.00029441896171844871643
-0.00026347547307693633321
0.00023537726422975352129
-0.00020963386774798244286
0.00018588666959091447073
-0.00016387109378825056583
0.00014339152860039543367
-0.0001243043989662169907
0.00010650665041304956902
-0.000089927997511299605317
0.000074525970010581095473
-0.000060283269271490728643
0.000047207375664715339257
-0.000035332899704756017947
0.000024728210136029787173
-0.000015510515630588092243
7.8824766299279109352e-6
-2.2490906934100144645e-6
0.0022706761098902314028
0.0052134314811635977117
0.0082827801312756597703
0.011002772832683170706
0.014150638873451143305
0.016466437137607723026
0.019766126891344686123
0.021398468877382479152
0.025144559844944707906
0.025326844165320048843
0.031287026209815237692
0.015326560623232234792
-0.0028967462107518841198
0.0016441764327145142195
-0.0011600496749888725418
0.00090136399119546234185
-0.0007380872312176527889
0.00062382639662490646339
-0.00053802156311406082399
0.00047020220204677213037
-0.00041449204146926330503
0.00036734847546747067963
-0.00032651588942898143196
0.00029049561529111319347
-0.0002582579424650489339
0.00022907651800991809428
-0.00020242859853608062128
0.00017793262627738602302
-0.00015530793056691925292
0.00013434808526334813266
-0.00011490303174830288145
0.000096867078366389852412
-0.000080171073923326663672
0.000064777826720934414274
-0.000050680451755220150878
0.000037904012418716727173
-0.000026511995377542866703
0.000016622027063141600337
-8.4448018648596927512e-6
2.4091376469027958011e-6
0.0022517655484434511421
0.005280623410219916758
0.0081471644122267786032
0.011227452358710318685
0.013811905111993676068
0.016953006793985000628
0.019081623703740998648
0.022362733445019753179
0.023749598184290145992
0.02748630266669875057
0.02732998252604978085
0.033393516727614080257
0.016201003364150259519
-0.0030360544624918845661
0.0017102247945534183928
-0.0011983608460189134546
0.00092520084440734521536
-0.00075304476344982169586
0.00063277831804066729027
-0.00054264010063940901394
0.00047154942813239115709
-0.00041328843150092325538
0.0003641091016765122231
-0.00032162548931241846432
0.00028425278273484665678
-0.00025090259332798580468
0.00022080778451799765534
-0.00019341701063894819435
0.00016832878323609419382
-0.00014524899442478983543
0.00012396295689930676738
-0.00010431682209209835486
0.000086205382003850330775
-0.000069564567147307054414
0.000054367878830790393963
-0.000040626885152034097124
0.000028397261480432448843
-0.000017794988785010370923
9.0375978852411285357e-6
-2.5777601243616304423e-6
0.0022685539139588692177
0.0052211194041725915432
0.0082667053476714218461
0.011030831714552868781
0.014105243681889535635
0.016537873083374185585
0.019653328691179903141
0.021582249412815774048
0.024824628964226040283
0.025958102616444585338
0.029662571070963087921
0.029168873822091575962
0.03529911447819197435
0.016978011453808475956
-0.0031570428728303289951
0.0017658678646898442735
-0.0012292886033484477183
0.00094324388778482231665
-0.00076319443116061427065
0.00063760036827576582418
-0.00054362993048589944674
0.00046965913119547755863
-0.00040916610782999831068
0.00035822022367086270838
-0.00031431983012144333287
0.00027580386702125069611
-0.00024153228501402030494
0.00021070239406654367655
-0.00018273837285244762625
0.00015722229026948127835
-0.00013384980500325026069
0.00011240120455748507883
-0.000092722461991840607572
0.00007471329305968703642
-0.000058320682973707077864
0.000043537587024178118777
-0.000030408120681815758029
0.000019044007603070092214
-9.6681120907763650012e-6
2.7569987358753563674e-6
0.0022535224168200131301
0.0052742920068800770772
0.0081602750332242162502
0.011204904168031974251
0.013847625654755837254
0.016898405654166929702
0.019164438937412144368
0.022235295442233588455
0.023953284813179391778
0.027137018522115791186
0.028010679316877324618
0.031660296256624152684
0.030832443707260899168
0.036992366742398624187
0.017652911847821694924
-0.0032589917163585319654
0.0018107864579048499979
-0.0012526693537228875665
0.0009554132816666433084
-0.00076850942647631102366
0.00063830267134510763123
-0.00054102851317686162888
0.0004645898715484445084
-0.00040220043323286302506
0.00034977093873794048721
-0.00030469952569635145774
0.00026525942312850103854
-0.00023026647352132521457
0.00019888815912663154273
-0.00017052882072175464145
0.00014475815629428865583
-0.00012126552359010574264
0.000099830402503841010692
-0.000080303613707169705239
0.00006259641318087651447
-0.000046676414222000611595
0.000032571302922416131333
-0.000020385179480481935723
0.000010344297499293943008
-2.9490875573500458763e-6
0.0022670789756315438203
0.0052264126242784978111
0.0082558290403222940695
0.011049319149063976006
0.01407643332575531489
0.016580941175483981243
0.019589937683141038003
0.021675884012301603869
0.024683349027626051016
0.026180469295207539328
0.029286007131843271558
0.029894967446378976095
0.033467478449413129861
0.032310676186882660138
0.038463095807497558574
0.018221645598951014765
-0.003341293654691616188
0.0018447217745333743771
-0.0012683789871392666647
0.00096165704509968867003
-0.00076898323178671618306
0.00063491026135071596832
-0.00053488419489303906271
0.00045640800079249012258
-0.00039247216111739574067
0.00033885389302194301213
-0.0002928673838474947001
0.00025273130598157582986
-0.00021722549646392317948
0.00018549389015366754315
-0.00015692625412869478299
0.00013108476703647966662
-0.0001076574699278653115
0.000086428771935131852857
-0.000067261710368917574843
0.000050089579417388285764
-0.00003491722057128704912
0.000021836705917847182229
-0.000011075109071140113469
3.1565361093664904247e-6
0.0022547759607358758555
0.0052698086173451633075
0.0081694296169565577289
0.011189489786366282341
0.013871334022190823462
0.016863580535674435495
0.019214524228276858347
0.022163550130350882503
0.024057143915716111804
0.026982754203523545726
0.028250403781796218479
0.03125868114640475017
0.03159962202316951216
0.035073260104636531986
0.03359467283736940545
0.039702460721110143991
0.01868079226449206605
-0.0034034579560255411393
0.0018674780468842119525
-0.0012763351694527817661
0.00096195329916706388322
-0.00076463190648727505031
0.00062746543751071386074
-0.00052525863324201216943
0.00044519015688506378753
-0.00038007000412455347849
0.00032556794028645059787
-0.00027893119095656532639
0.00023833564420097972257
-0.00020253383960671747072
0.00017065311903280135864
-0.00014207477578454807649
0.00011635944909568579211
-0.000093200481995433366945
0.000072395476964083581432
-0.000053831250704797985558
0.000037481229100660378139
-0.00002341961254558622847
0.00001187084531246148711
-3.3822232563697722229e-6
0.0022660019064517681019
0.0052302540057122943546
0.0082480258899338133081
0.011062356521723159505
0.014056593726882070188
0.016609675389425495688
0.019549362873585345595
0.021732640222992416329
0.024603709340104325918
0.026293918531556106263
0.029119677269613515145
0.030150634444537150088
0.033043185166628555126
0.033114381631415700149
0.03646799195360596079
0.034676705646877940145
0.04070301081942581618
0.019027590475156560593
-0.0034451138167496428379
0.0018789244313687951948
-0.0012764988572771137393
0.00095631168101428114156
-0.00075549549659509864007
0.00061602920803821995481
-0.00051222829546109449359
0.00043102483514891887183
-0.00036509230500404629863
0.00031001995701352020591
-0.00026300574317677502908
0.00022219520124829608276
-0.0001863230062300255417
0.0001545077563956399135
-0.00012612958187617618342
0.0001007553225035876493
-0.000078092972661975015896
0.000057966133609769892637
-0.000040305195756761109683
0.000025158630578875064348
-0.000012743562957232520856
3.6295105124941145013e-6
0.0022557105396270215871
0.0052664832817402041454
0.0081761553409645828889
0.011178324782796014462
0.013888175260962891075
0.016839468951963358842
0.019248070513764551325
0.02211750472419516723
0.024120206705856041351
0.026895707468384895047
0.028372767703401875618
0.031081264526143214699
0.031869729061835532702
0.034628793124498952785
0.034430129705632065848
0.03764329155821096794
0.035550263044399790467
0.041458730772077198307
0.019259954541061991397
-0.0034660128344328710046
0.001878996266029198755
-0.0012688752081202970258
0.00094477414233527847675
-0.00074163881194206051009
0.00060068209116511201164
-0.00049588531633899436493
0.00041401334005344319375
-0.00034764813462231787916
0.00029232616655977220487
-0.00024521452058836960244
0.00020444159237061686504
-0.00016873457953813329198
0.00013721248281469768541
-0.00010926347535037720159
0.000084471292278007669471
-0.00006257285759738093502
0.000043439522540493042795
-0.000027083318037748291225
0.000013707599186688776577
-3.9023839086805305627e-6
0.0022651836579511117734
0.0052331596131844905345
0.0082421705488878718333
0.01107202400885087089
0.014042118603994439474
0.016630201364514429288
0.019521151709788743998
0.021770771960987924743
0.024552486497886417259
0.026362903856451494766
0.02902573933776664008
0.030281197142943886712
0.032855717150547292811
0.033397346489205717622
0.03600597275587204681
0.035538949050204213218
0.038592094072176859184
0.036210088771126878748
0.041965076910972269616
0.019376486994606202816
-0.0034660306579721564248
0.0018676957632527281314
-0.0012535139886314502449
0.00092741526133632990431
-0.00072315172121004590445
0.00058152444210454211293
-0.00047633790320154403792
0.00039427032741603853914
-0.00032785805823286508952
0.00027261326256211176643
-0.0002256913748511854352
0.00018521786299893436413
-0.00014992421592273194753
0.00011894102149595911755
-0.000091676901820501812908
0.000067748543187301404284
-0.000046945828168053910741
0.000029229525709007505496
-0.000014780247541991126154
4.205636544359944706e-6
0.0022564329127222356845
0.0052639225131183979335
0.0081812996652449368509
0.011169870425251532541
0.013900754946824399145
0.016821774543094425509
0.019272142965740049702
0.022085378308759367943
0.024162685954537181667
0.026839614866819597613
0.028447271287133663917
0.030980979304697334673
0.032007736400884480498
0.034432360810818495951
0.034724299253538847735
0.037166442919112075435
0.036434169267647802196
0.039308694938944571431
0.036652213318871254663
0.042219004647184562057
0.019376486994606202816
-0.0034451678288482868219
0.0018450921791862424383
-0.0012305095431927270843
0.00090434214769781631232
-0.00070014906022865696235
0.00055867641841123429058
-0.00045371042224677377401
0.00037192410352058287089
-0.00030585478807086439678
0.00025101963551691741173
-0.00020458268035030122801
0.00016468213184871125271
-0.00013006772255273517787
0.0000998962767594944087
-0.000073615113982738925121
0.000050900588232607740314
-0.000031641357933927476918
0.000015982652391916272902
-4.5451086845161441435e-6
0.0022645409331752761598
0.0052354346663897180308
0.0082376125089916926477
0.011079485074542985588
0.014031076347609081484
0.016645626348995916027
0.019500347462586386022
0.02179824161002193831
0.024516638397074249323
0.026409481899597795312
0.028965099070284145286
0.030360795079904697378
0.032749654862922836916
0.033542009567563508719
0.035801709011982384213
0.035842609106736917519
0.03810322334092619261
0.037110406807977842709
0.03978878429024427982
0.036873977723183206877
0.042218986823645276636
0.019259954541061991397
-0.0034035498217640771209
0.0018113214845843416335
-0.0012000003603089384094
0.00087569399001132399991
-0.00067277021688200087178
0.00053227766646498633539
-0.00042814327967874511548
0.00034711684629390006536
-0.00028178397641648286906
0.00022769711168007467972
-0.00018205063135853123455
0.00014301347347145749533
-0.00010937131068943514582
0.00008032822904880947403
-0.000055400185712535831256
0.000034373849989361467502
-0.000017341016163797338058
4.9280096395740421127e-6
0.0022570090387541015147
0.0052618858285336393282
0.0081853705603750692921
0.01116322979284023974
0.013910537356401930657
0.016808190613935898712
0.019290328664732421171
0.022061583674712812179
0.024193396061140476117
0.026800246498198437719
0.028497689348447479601
0.030916126989641244612
0.032091986771286998831
0.034321115212620998211
0.034874798860494470976
0.036955519493363124024
0.036745555320945912145
0.038810676446908219826
0.037563597401109701653
0.040029472846489519371
0.036874049557843610437
0.041965022898873625632
0.019027590475156560593
-0.0033414262904416840795
0.0017665855510240893855
-0.0011621682579625709427
0.00084164127620125176353
-0.00064117843832803608871
0.00050248680192731949495
-0.00039979271991773946162
0.0003200049604123059143
-0.0002558055225682098872
0.00020281386984421966692
-0.00015827888634933677483
0.00012042225184842800821
-0.000088090236870369638627
0.000060568075360319125909
-0.000037496698979868951652
0.000018888259864112452788
-5.3633571851724726145e-6
0.0022640207725229654015
0.0052372714202639453203
0.0082339488034995305849
0.011085443367982818253
0.014022334740716498535
0.016657702164309840115
0.019484284469231442187
0.021819094643740950204
0.024489978593320664107
0.026443270372935610819
0.028922418389302493154
0.030414785602263489861
0.032680937919257084364
0.033630454967330501315
0.035685893699767943326
0.035998101041016965743
0.03788684316222614427
0.037427715512802407325
0.039284540988611257844
0.037791020690045341749
0.040029309158665187398
0.036652431035239770842
0.041458638906338662325
0.01868079226449206605
-0.003259169523208114461
0.0017111508582739843974
-0.0011172371970195800736
0.00080238470513100687738
-0.00060555989994028058655
0.00046948076789955720384
-0.00036883071155513354853
0.00029075990182000422675
-0.00022809603751424650709
0.00017655975895915047276
-0.0001334828944005117986
0.000097169467820877086778
-0.000066565189282803710474
0.000041099573997386627488
-0.000020666351768756500096
5.8625885307197737337e-6
0.0022574820131572291388
0.0052602173746475469208
0.0081886924850360971742
0.01115784181765476568
0.013918413910594312263
0.016797359351642841271
0.019304655215300876967
0.022043111562764501307
0.024216819050499636364
0.02677084974609710696
0.02853439065954210814
0.030870346742928392763
0.032149275422318943207
0.034248890291464446613
0.034966969802621446836
0.036835763359019425271
0.036905176528191641978
0.038590065145206160248
0.037884998820773266826
0.039521957220999121815
0.037791316944112716962
0.039788288069263249459
0.036210459175779746809
0.040702878183675748288
0.018221645598951014765
-0.0031572721118541687261
0.0016453467207342917753
-0.0010654717211126108233
0.00075815380008549348834
-0.00056612258214749587427
0.00043345419676087284964
-0.00033544521008993498571
0.00025957008053503212674
-0.00019885369590502918318
0.00014915646578994245355
-0.0001079298357436143409
0.000073605448019502625055
-0.000045299849368349713107
0.000022729641297908996268
-6.4404263649481911028e-6
0.0022635876368239456751
0.0052387979680771128644
0.0082309143704344262922
0.011090353294161062499
0.014015179904233701161
0.016667501228093047182
0.019471387600943178525
0.021835623690332794985
0.024469169341126221773
0.026469165335674123522
0.028890413370417530325
0.030454233087337838041
0.032632273201821844252
0.033690763484488450874
0.035610523221339741305
0.036093520259164089043
0.037763784962216995125
0.037590591078764676677
0.039060937595300844423
0.038114671317867298001
0.039521483415688716656
0.037564495800457339486
0.039307850304036008752
0.035550798071079282102
0.039702282914260561496
0.017652911847821694924
-0.003036343834781672274
0.0015695630210396198693
-0.0010071750101596831003
0.000709205232818451065
-0.00052309503014737900807
0.00039461900435672425252
-0.00029984134939695245889
0.00022664504982386445155
-0.00016830801289300600593
0.00012087783525586329554
-0.000081979570948495620392
0.000050254157729728106186
-0.000025149741303670269782
7.1161324465824991773e-6
0.0022578815505307202729
0.0052588103776671831724
0.0081914851833508742642
0.011153332717765294389
0.01392496590298752243
0.016788418324247630774
0.019316370694176321784
0.022028176554828476603
0.024235502612978630952
0.026747773296971662438
0.028562662259426294405
0.03083585961931691721
0.032191304334233975361
0.034197555192630972218
0.035030019828622139152
0.036757611028023472863
0.037003364305313269392
0.038464347058143119496
0.038050249950928505236
0.039296603919698305079
0.038115373620936639808
0.039283103513284597065
0.037111937062528298869
0.038590873132332579818
0.034677423333212185257
0.038462866568473718843
0.016978011453808475956
-0.0028971077498914553125
0.0014842474243728936217
-0.00094268652126731223726
0.00065582087552382683997
-0.00047672514668992425245
0.00035320468002086194781
-0.00026224470394389432063
0.00019222455789973811155
-0.00013674019187783508584
0.000092092882530609849812
-0.000056176156717477489706
0.000028022861403815264147
-7.9153646922735884322e-6
0.0022632163093909572597
0.0052401046676911656788
0.0082283241797389547274
0.011094527335603046182
0.014009130375163734646
0.016675729762443133302
0.019460648554383315874
0.021849248710832785665
0.024452220639628214386
0.02648996053506910541
0.028865133544120565519
0.030484792463228375389
0.032595423738939467232
0.033735215123098954258
0.035556726288971375652
0.036159038415167182873
0.037683210018296550564
0.037691071848636608963
0.03893319751362490605
0.038281424561080014475
0.039295614089851814646
0.037887130764083315504
0.038808225713762942882
0.036436383684576786885
0.037641652043920942985
0.033595598901089971455
0.036992077370108836479
0.016201003364150259519
-0.0027403954811496106742
0.0013899020236459948331
-0.00087237917473033839243
0.00059830563324597003919
-0.00042727935218311718363
0.00030946028349501017174
-0.00022290915271107693165
0.00015659837801802448081
-0.00010452776162684005453
0.000063364778727165753249
-0.000031481144643509950615
8.8730008231444871023e-6
0.0022582294116196928334
0.0052575870674412665001
0.0081939071638908027561
0.011149436592461021497
0.013930599477592983822
0.016780778093029143847
0.019326306160515074406
0.02201562516675996266
0.024251036739169726178
0.026728826523716715059
0.028585536464432427551
0.030808429177031388836
0.032224074102023133014
0.034158451506153032534
0.035076747177633471753
0.036701549140367078464
0.037071088913693018907
0.038381696839742102618
0.038152560606656512115
0.039167466030681668937
0.038282771787165633501
0.039057930645238043618
0.037431354553688214722
0.038099671760201784889
0.035541927206706567188
0.03646587337063226239
0.032311846474902437693
0.035298752939052403157
0.015326560623232234792
-0.0025671416601194620091
0.0012870793266483633342
-0.00079665602740859187573
0.00053698521545415684388
-0.00037504290410867730309
0.00026366050366620067011
-0.0001821353834394427558
0.00012015176440030792515
-0.000072250940321715413883
0.000035710784412809095665
-0.000010037560623635773586
0.0022628876399600056437
0.0052412597889464788964
0.0082260397065845324487
0.011098196386947448844
0.014003836389716456567
0.016682890265609208357
0.019451367256507499549
0.0218609281228260549
0.024437831815047415636
0.026507416841555362608
0.028844188948661992674
0.03050972971786407415
0.032565877822088769603
0.033770136238026037442
0.035515457563391372291
0.036207913933672276009
0.037625060002061068433
0.037760761988594672469
0.038848797627004316323
0.038385125202950632239
0.039165676993852855519
0.038054346299760490626
0.038584924872951855779
0.036750838849827232764
0.037161656554810400154
0.03443398610623423636
0.035070577705198603888
0.030833907990162204151
0.033393066263594613615
0.014359942274847887842
-0.0023783774399084139674
0.0011763774300453657992
-0.00071594637756414497231
0.00047220431102641324704
-0.00032032336283410384981
0.00021612168065202571089
-0.00014031580657384850901
0.000083478453620946507725
-0.000040982122675679786191
0.000011478372045158227814
0.0022585428541592076707
0.0052564860695163561325
0.0081960824222411784974
0.011145948043415334721
0.013935623284036510834
0.016773999564783495
0.0193350663111517665
0.022004640491142078823
0.024264513523413252477
0.026712555565854908392
0.028604950022865836525
0.030785463122506534555
0.032251083901580756539
0.034126798443446609899
0.035113788652551194439
0.036658175304619096639
0.037122015532935769738
0.038321603739099965749
0.038224008646658412899
0.039081606931357783797
0.038387460147974215572
0.038927751734697847476
0.037597606678065621246
0.037879362368497763555
0.035849748591593857739
0.035999757489960639515
0.033119277860262289566
0.033464113782819259381
0.029170701765343006544
0.031286463111867728744
0.013306961745984206089
-0.0021752229133822784537
0.0010584341130115987704
-0.00063070132860637921917
0.00040432652642130624109
-0.00026346254414524900428
0.00016724400237271973079
-0.000098052323552365648877
0.000047702013201537446831
-0.000013297654759823475035
0.0022625856126914847569
0.0052423201551991271497
0.0082239466354175929835
0.011101548662757679786
0.01399901734542635607
0.016689378086854811472
0.019443005429727970223
0.021871379630673113156
0.024425057492410002726
0.026522772199257940975
0.028825960281128955461
0.030531169134274131572
0.032540830768211037521
0.033799266173838136917
0.035481665494112651732
0.036247087024741179503
0.037579596674287900491
0.037813689088347240286
0.03878685775711168622
0.038458174770317612029
0.039078594927658386056
0.038159677987656554629
0.038454998754850831849
0.036915416730273543929
0.036945376616172997751
0.034733604045887162084
0.034620872338719979471
0.031605786104985365037
0.031656082075572651412
0.027332273351994336867
0.028991590852106312034
0.012173951908768058015
-0.001958878095867490439
0.00093391940045798302563
-0.00054138924323843811802
0.00033374022576599919994
-0.00020487267794342443338
0.00011763026472116678559
-0.00005651015001794414992
0.000015651877949051811743
0.0022588372973459950813
0.0052554528036335111748
0.0081981203068019887329
0.011142688106558578249
0.013940302065449996023
0.016767713286195466592
0.01934314850030890546
0.0219945679947376706
0.024276782479663868417
0.02669786620422743127
0.02862230839532945453
0.030765154197276895708
0.032274668248965521054
0.034099557025038016332
0.035145143430017307442
0.036622151982347418388
0.037163395178778056658
0.038273999491345863966
0.03827895613259372037
0.039017842417074313652
0.038462033015526099718
0.038839600379080719039
0.037703325069714984637
0.037750089337238722
0.036012044687519085921
0.035788428057224839109
0.033409263029517024915
0.033033163411253458458
0.029902725433037909412
0.029657266434766026095
0.025329742896218666983
0.026522218297947777735
0.010967727046418317998
-0.0017306117745427727662
0.00080352589176320356694
-0.00044849316987892193844
0.00026088386720972932632
-0.0001451492785144497307
0.000068468955344939130538
-0.000018791713879507709429
0.0022622946868236849218
0.0052433406547445667791
0.0082219354402546780557
0.011104762383071237168
0.013994411589586462641
0.016695554962745176953
0.019435081512017373843
0.021881228827575582139
0.024413097609110333436
0.026537040211668804828
0.028809169322785050463
0.030550721474596826788
0.032518247345598760365
0.033825191320671726733
0.035452034460834991226
0.036280858354767403122
0.037541157661074453472
0.037857447701769354933
0.038736958275416314398
0.038515271016273022978
0.039012913612610463688
0.038235816351709043126
0.038365804722795508217
0.037021399711925349836
0.036817013633966781081
0.034893165477266385441
0.034415243608243156726
0.031884906488079427295
0.031245983183416355176
0.028020508831171011935
0.027479550030271369069
0.023175252523227366896
0.023893145326498121452
0.00969554199361800441
-0.0014917467431017121063
0.00066795605988565295388
-0.00035251915607904587098
0.00018634130756043843992
-0.000085472352365163935596
0.000023142184045432836249
0.0022591293160484736791
0.0052544288505783693666
0.0082001369532149257774
0.011139468831808929002
0.013944909791241811453
0.016761543853575972318
0.019351047162893600606
0.021984773365804496495
0.024288643207362296468
0.026683761843093839997
0.028638845549920906173
0.030745978686139284478
0.032296709771076989204
0.034074392715702080899
0.035173725367520578541
0.036589807862060407896
0.037199911250674217058
0.038232815430955221145
0.038325419691304706473
0.038965330944194944493
0.038521577980779721452
0.038771729067534957196
0.03778126201195436366
0.037659677974058516971
0.03611838260302195349
0.035661007099660395217
0.033565876858776974423
0.032833725898194981491
0.030170038746883281921
0.029269770760549071106
0.025970728486734084824
0.025135806763762700523
0.020881921370607093099
0.021120098784603828892
0.0083650488206369618482
-0.001243638139503869764
0.00052790758799857039245
-0.00025405584514124181778
0.00011123449048726127839
-0.000029478282334509359439
0.0022619959234082254477
0.0052443879161721845125
0.0082198741067713271696
0.011108050158674194851
0.013989711195122750297
0.016701839432767815616
0.019427049624869497676
0.021891167956224492228
0.024401091219985454138
0.026551277462144989145
0.028792530613825135241
0.030569942952581432755
0.032496246788231591769
0.033850187425427147167
0.035423799773212841415
0.036312609401531100454
0.037505567084090796708
0.037897260547094037864
0.038692461624161382219
0.038565018455262624912
0.038957205215515632078
0.038298393865271960534
0.038295170145036446068
0.037101685156927414959
0.036724876010173353068
0.035000301236254222919
0.034288424520367797591
0.032038753663875310015
0.031052807440181120836
0.028275528450887427355
0.027115893656338191348
0.023766175436768354157
0.022639745812122424305
0.018463827029016564501
0.018219604911626086121
0.0069842517450058502746
-0.00098763737334754040779
0.00038407414566514108264
-0.00015410373664701476502
0.000039357146740503055092
0.0022594424361248486283
0.0052533315715148086475
0.008202295642740468161
0.01113602832096708052
0.013949823722562182415
0.01675498198351153224
0.019359421000201297224
0.021974429593481319179
0.024301112239616852996
0.026669011902741072212
0.028656035214565551901
0.030726184351558845316
0.032319283137978280722
0.034048852705521008259
0.035202437516183201271
0.036557694422161452132
0.037235686156027281533
0.038193078272584236564
0.038369473246276510021
0.038916536228803210828
0.038575633115002840527
0.038711766007715226944
0.037847957656877012026
0.03758517508957549007
0.036202129374632084052
0.035566039096124572548
0.033674882097792724726
0.032706504812951307682
0.030322000903968846471
0.029082186184497384714
0.026213757236700868609
0.024796366828668593091
0.021420966554708289742
0.020005646146942703352
0.015936066771452033792
0.015208808229656207566
0.0055614622985417393154
-0.00072502564675606306446
0.00023731392865177194194
-0.000056366745928846974516
0.0022616569100500974242
0.0052455756596138500364
0.008217538423333779864
0.011111770488278184108
0.013984401915822401693
0.016708922008371154343
0.019418022511297718088
0.021902302209160435875
0.024387692561925208567
0.026567095183063387512
0.028774139300864254967
0.03059106470917210357
0.032472232816404219761
0.033877263214619922682
0.035393481328422394928
0.036346366698389398872
0.037468154253469371465
0.037938572603046538525
0.038646971165966973495
0.038615013204569415251
0.038902318409344037224
0.038358643279932865615
0.038228975310156636245
0.037174563062730726006
0.036644359309756590652
0.035089727462195531999
0.034188348841792081438
0.03215194416364671107
0.030922862304847491206
0.028427882475941238157
0.026931754045461542029
0.023999077291881985862
0.022323238517130503755
0.018950995430072494483
0.017247771837016660053
0.013315081412168328658
0.012105127499267229877
0.0041052645954769721782
-0.00045691746425994674351
0.00009072004148664054153
0.0022598279604175938751
0.0052519811185102906612
0.0082049504276271730784
0.011131801730091006456
0.0139558516808425845
0.016746947076628676038
0.019369652005169294038
0.021961824976087503839
0.024316259773824837367
0.026651157658296797163
0.028676756776180887819
0.030702435881574190339
0.032346219269574993084
0.034018564675208339755
0.03523624776775124446
0.03652018250785469753
0.037277091945599497391
0.038147569110083437071
0.038419318271722796783
0.038862092492687755058
0.038634978461355524173
0.038647163085202096318
0.037918245026194782336
0.037508680494276916862
0.036285485808995772236
0.035474981300359389957
0.033774746638919662725
0.032596334145799385325
0.030444582984586747771
0.028944112008640012654
0.026372067267555493316
0.02461002353686141296
0.021649331608292302358
0.01970683110923128692
0.016375570407532644119
0.014378589266747891468
0.010620056737787336775
0.0089252238950326103267
0.0026245711327882034037
-0.00018518867216456508199
0.0022611759790725510251
0.0052472600999428602909
0.0082142278277583891953
0.011117039411992943598
0.013976890715577131601
0.01671892839924236325
0.019405289841804999063
0.021917976164387266887
0.024368874402599890536
0.026589251405725960782
0.02874845772654330247
0.030620454552174092467
0.032438954077057624714
0.03391461128422318733
0.035351881463434970374
0.036392405325568455612
0.03741748254953666628
0.037994082426022788631
0.0385864033358890019
0.03868087890631446207
0.038830888469918018817
0.038435938788273244532
0.03814546673626909211
0.037264693499226102
0.036547115992685166417
0.035194686549178556875
0.034074915998642131983
0.032274828930476529675
0.030789225517938944948
0.028574059592379026241
0.026770473404167054435
0.024179327368642522375
0.022117794068089818925
0.019192577227002867155
0.016948254826071723079
0.013725315368770480992
0.011400263521942974026
0.0078810384154063606847
0.0056791454106967790157
0.0011303192746332978146
0.0022606385492665956292
0.0052491422655764068074
0.0082105291909539443564
0.011122924597083478631
0.013968503490011700549
0.016730097641273923696
0.01939108398723600882
0.021935454092836635996
0.024347903817536116031
0.026613923491968412177
0.028719884549695775683
0.030653121246464469583
0.032402006728300519037
0.033956022907616951913
0.035305823695643389848
0.03644329119790202953
0.0373615845289841321
0.038055180950313121186
0.038519909082123982794
0.038752973989212405632
0.038752973989212405632
0.038519909082123982794
0.038055180950313121186
0.0373615845289841321
0.03644329119790202953
0.035305823695643389848
0.033956022907616951913
0.032402006728300519037
0.030653121246464469583
0.028719884549695775683
0.026613923491968412177
0.024347903817536116031
0.021935454092836635996
0.01939108398723600882
0.016730097641273923696
0.013968503490011700549
0.011122924597083478631
0.0082105291909539443564
0.0052491422655764068074
0.0022606385492665956292
0.00088114514472039982519
0.0046368806502714967735
0.011370025008112868668
0.021041590393104172098
0.03359359586066173332
0.048950596515562851636
0.06702024839387024809
0.087693884583344168402
0.11084717428674030615
0.13634087240503644836
0.16402165769291022581
0.19372305516600988102
0.22526643745243589896
0.25846209915691064355
0.29311039781419749924
0.3290029545871207635
0.36592390749637315943
0.40365120964931445014
0.44195796466237239576
0.48061379124697458903
0.51938620875302541097
0.55804203533762760424
0.59634879035068554986
0.63407609250362684057
0.6709970454128792365
0.70688960218580250076
0.74153790084308935645
0.77473356254756410104
0.80627694483399011898
0.83597834230708977419
0.86365912759496355164
0.88915282571325969385
0.9123061154166558316
0.93297975160612975191
0.95104940348443714836
0.96640640413933826668
0.9789584096068958279
0.98862997499188713133
0.99536311934972850323
0.99911885485527960017