0.086963711284363464343
-0.026604180084998793313
0.012627462689404724515
-0.0035551496857956831569
0.18811811749986807165
0.16303628871563653566
-0.027880428602470895224
0.0067355005945381555154
0.16719192197418877317
0.35395300603374396654
0.16303628871563653566
-0.014190694931141142964
0.17748257225452261184
0.3134451147418683468
0.35267675751627186463
0.086963711284363464343
0.17392742256872692869
0.32607257743127307131
0.32607257743127307131
0.17392742256872692869
0.069431844202973712388
0.3300094782075718676
0.6699905217924281324
0.93056815579702628761