0.00050670299221843962411
-0.00019303054440128370313
0.0001482804417179914816
-0.00012526428904985795277
0.00011036515967913647804
-0.000099595549505958374215
0.00009127398134880911454
-0.000084545633346659981462
0.000078922173011026294779
-0.000074101227692979398153
0.000069884137608553589383
-0.00006613430323933855704
0.000062754347794752999829
-0.000059672793876328180066
0.000056835892178700352117
-0.000054202399081222105627
0.000051740121366451241356
-0.000049423561652170961783
0.000047232272500147087749
-0.000045149680054140131268
0.000043162226657477894757
-0.000041258735022386290862
0.000039429929342923103209
-0.000037668069565470409664
0.000035966668558071123056
-0.000034320270897402781071
0.000032724278066143507962
-0.000031174809035692248477
0.000029668588135440994284
-0.000028202854187727665132
0.0000267752863835104981
-0.000025383943464632192784
0.000024027213583730273169
-0.000022703772814247851243
0.000021412550737499587465
-0.000020152701881460839701
0.000018923582055570652296
-0.000017724728838247242348
0.000016555845644513884502
-0.000015416788941978027027
0.000014307558303856876854
-0.000013228289095849675222
0.000012179247696929185843
-0.000011160829260419964362
0.000010173558140344957415
-9.2180912512366757098e-6
8.2952248151323039462e-6
-7.4059052045749395412e-6
6.5512449593629300574e-6
-5.7325456126072869624e-6
4.9513298415685205896e-6
-4.209386908459969403e-6
3.508837861852170273e-6
-2.852231545335635113e-6
2.2426913930320160384e-6
-1.6841519429483137801e-6
1.1817688145164001751e-6
-7.4270899496882723229e-7
3.7795204364566101012e-7
-1.0791981155564047117e-7
0.0010964229669109088646
0.0011781824817383921602
-0.00032163286562344945956
0.00022712698138430458188
-0.00018610653593658826509
0.00016185119122991726139
-0.00014517950428901133686
0.00013266413781722125898
-0.00012271335935261950773
0.00011447675804984006876
-0.00010745340465734107289
0.00010132631527840203762
-0.000095883656260553130902
0.000090977682611519895584
-0.000086501761928155637602
0.000082376758929620930266
-0.000078542577045765846931
0.000074952692161720399186
-0.000071570499796035081927
0.000068366802989704578032
-0.000065318041148282233947
0.00006240501382479692861
-0.000059611943340639820948
0.000056925774482493846407
-0.00005433564332916922388
0.000051832468859728172129
-0.000049408635113620726029
0.000047057741100247136783
-0.000044774402070289948049
0.000042554090203247496425
-0.000040393005891179426572
0.000038287973030747582134
-0.000036236353351898071091
0.000034235975997434412454
-0.000032285079449141228598
0.000030382263559794357403
-0.000028526449957085003946
0.000026716849478446058424
-0.0000249529356064098608
0.000023234423125863687728
-0.000021561251435529117728
0.000019933572131034384261
-0.000018351740649329816413
0.000016816311937147466467
-0.000015328040294741214948
0.000013887883769501546047
-0.000012497013759436217178
0.000011156830875425324731
-9.8689886705307930269e-6
8.6354276877839364276e-6
-7.458423605586202799e-6
6.3406554453789431959e-6
-5.2853035815844894779e-6
4.296194187645334479e-6
-3.3780202080503407037e-6
2.536697492045902963e-6
-1.7799822267226024097e-6
1.11866121845519568e-6
-5.692648428831468705e-7
1.6254649377213721048e-7
0.00097273759830703353605
0.0025614776766822575997
0.0018474827908363638829
-0.0004436229264033564518
0.00029653546374951132903
-0.00023632856886830087901
0.00020234682008026665342
-0.00017979548838714618084
0.00016329936182474983751
-0.00015042982601614603033
0.00013992343199058560283
-0.00013105421367766487568
0.00012337305962801396306
-0.00011658585490843864556
0.00011049111260922951467
-0.00010494568849510956744
0.000099844808485856196913
-0.000095109861535633554362
0.000090680630875697614621
-0.000086510176381673883989
0.000082561361545165771032
-0.000078804434678129371758
0.000075215305592394988593
-0.000071774292859842570148
0.0000684651967400719007
-0.000065274602081242842301
0.000062191346597770035698
-0.000059206110049269708783
0.000056311093146128077509
-0.000053499763973352305801
0.000050766655877733363729
-0.00004810720505647471046
0.000045517619126952517018
-0.000042994770143358933394
0.00004053610711908647981
-0.000038139584290599171491
0.000035803602240194580354
-0.000033526959665689477618
0.000031308814104340172271
-0.000029148650329508031487
0.000027046255474074617576
-0.000025001700219790243196
0.000023015325648007250164
-0.000021087735594612258375
0.000019219794611716446504
-0.000017412631936697394211
0.000015667652240937775647
-0.000013986554429037143639
0.000012371360468996205604
-0.000010824457297451808942
9.3486565135383448945e-6
-7.9472793184496243711e-6
6.6242788929142601273e-6
-5.3844210475295983488e-6
4.2335608471863107786e-6
-3.1790886876048279352e-6
2.2307038990347209686e-6
-1.4019063136779519652e-6
7.1339611774536603946e-7
-2.0370033862555611295e-7
0.0010386745303841738867
0.0022498327882456407913
0.0040212481625155413325
0.0025118892955719960895
-0.00056286878692875887045
0.00036248448172240059022
-0.00028255961848779388591
0.00023853173247713452493
-0.00020993199450167839417
0.00018938656112257357402
-0.000173595219996983376
0.00016085867846569155104
-0.00015021102693604374259
0.00014106122976181386291
-0.00013302639995874433851
0.00012584697448193713851
-0.00011934038524971486176
0.00011337425574708170977
-0.00010785013573227333216
0.00010269322530098108307
-0.000097845655419488560229
0.000093261961210350208604
-0.000088905952073383197339
0.000084748497483784042489
-0.000080765928456280746452
0.000076938862415586071396
-0.000073251325214895827231
0.000069690085547735001631
-0.000066244143721484725592
0.000062904334339781258391
-0.00005966301423267043588
0.000056513815026053689542
-0.000053451445332919738641
0.000050471531491012334466
-0.000047570488592027080063
0.000044745415593969430294
-0.000041994009814322202857
0.000039314497226371757749
-0.000036705575834933687129
0.000034166370069049894013
-0.000031696394654860298252
0.000029295526864688202514
-0.000026963986412733017636
0.000024702322613629404986
-0.0000225114087671330334
0.00002039244411405942058
-0.000018346964169283487017
0.000016376860840918520884
-0.000014484414591121747951
0.000012672342151190243018
-0.000010943865267493733112
9.302809173758900891e-6
-7.7537450337033955138e-6
6.3022007187252231541e-6
-4.9549840297496524439e-6
3.7207043479923523248e-6
-2.6106777106872752262e-6
1.6406722510355563519e-6
-8.3488706330615298555e-7
2.3838860871833954986e-7
0.0009957623111980565073
0.0024255445126737348999
0.0035221190846175825686
0.005469856999495363485
0.0031695416192039900329
-0.00067996710588433245446
0.00042631631761436431515
-0.0003265162357745630048
0.00027229863708439806691
-0.00023754785043024291509
0.00021288906876114303952
-0.00019414297879143943483
0.00017916719083833906185
-0.00016674995299293370156
0.000156153769401307071
-0.00014690356559559714578
0.0001386791493688344219
-0.0001312566225866906739
0.00012447458058390867656
-0.00011821366436158822712
0.00011238368568832080715
-0.00010691523829299999303
0.00010175406777507161207
-0.000096857193953109798302
0.000092190178576084826558
-0.000087725160722697576205
0.000083439418441527694313
-0.000079314298477142606147
0.000075334408201069401302
-0.00007148699745365616089
0.000067761480048121129447
-0.000064149059441610513988
0.000060642433129350799588
-0.000057235557279617899901
0.000053923458023946134916
-0.000050702079312139451004
0.000047568159772287489136
-0.000044519132874989836851
0.000041553046087943536148
-0.000038668495760492489314
0.000035864575295986079964
-0.000033140834824759736266
0.000030497251137309613961
-0.000027934207121141898063
0.000025452480407453236857
-0.000023053241419193202687
0.000020738061574053388044
-0.000018508933109699224263
0.000016368302979784587086
-0.000014319124709280125094
0.000012364934331770178323
-0.000010509960180049885029
8.7592825789095446939e-6
-7.1190709291466540243e-6
5.5969479806206441437e-6
-4.2025783968980014726e-6
2.9486905510511516654e-6
-1.853047647428439601e-6
9.4294156873976879563e-7
-2.6923919334958172675e-7
0.0010266214667421281535
0.0023064284660258514437
0.0038093024369468951519
0.0047853383620331666667
0.0069034663104000307839
0.0038186546491961998267
-0.00079491446287379399793
0.00048840694773314641485
-0.00036878226197565957999
0.00030435268816429291052
-0.00026341724905185097099
0.00023461703802029685908
-0.00021289789859014782517
0.0001956745530585688013
-0.00018148833859519949758
0.00016945393419564968178
-0.00015900276708247369314
0.00014975287118676573748
-0.00014143805979975153403
0.00013386711384548725384
-0.00012689912722393162474
0.00012042800760682162193
-0.00011437239544354221302
0.0001086689111343798379
-0.00010326751370098511715
0.000098128237560937855651
-0.000093218851576151247424
0.000088513149269916389142
-0.000083989679752510647459
0.000079630792009175867788
-0.000075421905720605263502
0.000071350948353729344423
-0.000067407916022194757892
0.000063584527703286089161
-0.000059873950760490089408
0.000056270581596410777444
-0.00005276986945032727374
0.000049368174385857867823
-0.000046062652740365448605
0.000042851164969891000875
-0.000039732202089135302945
0.000036704827894868681517
-0.000033768634961578321296
0.000030923713079482481886
-0.000028170629426756997572
0.000025510420388113497188
-0.000022944595617193383193
0.000020475155778696025293
-0.000018104626529268525893
0.000015836112918131036159
-0.000013673380881930501045
0.000011620976560745895713
-9.6844011169884711803e-6
7.8703713977964761788e-6
-6.1872214524152950983e-6
4.6455522153151383675e-6
-3.2593602950395682841e-6
2.0482163294818197598e-6
-1.0422320418320458798e-6
2.9758607254810614519e-7
0.0010030304249933852285
0.0023947382440742430986
0.0036110992118974009925
0.0051830074013263542569
0.0060359458714539421177
0.008318301034004948127
0.0044574752535519300651
-0.000907535553020466153
0.00054883337930492559647
-0.00040956841068087896764
0.00033498768023333402574
-0.00028788735258028566531
0.00025495160484365958286
-0.00023026186632832806145
0.00021079418824331227319
-0.00019484463914480936098
0.00018138058551440289038
-0.00016973996682464384556
0.00015947883960122200642
-0.00015028844678280198892
0.00014194745902779281678
-0.00013429314242957752736
0.00012720324694837977722
-0.00012058423664481701487
0.00011436341344784381061
-0.00010848350967346462741
0.00010289889074702267701
-0.000097572834724239183646
0.000092475548122515422135
-0.000087582695411265099346
0.000082874293381532024837
-0.000078333869020224977173
0.000073947810586513165001
-0.000069704862351878129262
0.000065595727589375498518
-0.000061612754164786736748
0.000057749683942180155733
-0.000054001452106871608197
0.000050364026047633207925
-0.000046834276041356843474
0.000043409871930064824034
-0.000040089201469633444797
0.000036871307203894772701
-0.000033755839683860336293
0.000030743025696376388205
-0.000027833650968360957304
0.000025029057655241719725
-0.000022331157909169976735
0.000019742466103050497893
-0.000017266154097967305448
0.000014906136693453213574
-0.000012667198843532853191
0.000010555183822253946677
-8.577275334659255236e-6
6.7424334672744745977e-6
-5.0621013727480168373e-6
3.5514343038242516266e-6
-2.2316725630728505755e-6
1.1355532991454366298e-6
-3.2422709635230355371e-7
0.0010218318626062908749
0.0023256226445004738735
0.0037602981476901270421
0.0049059319572110585477
0.0065426335467137748485
0.0072704810759568679823
0.0097106024232471039021
0.0050842801823643216938
-0.001017594178892980469
0.00060755785403156748818
-0.00044893510459380107406
0.00036432527389681545418
-0.00031112095424806004239
0.00027408383115654381557
-0.00024644534491963867296
0.00022474960711212025732
-0.00020705075828230237379
0.00019217055984314995527
-0.0001793543365141142288
0.00016809659746895759151
-0.00015804620512851819617
0.00014895177872384352726
-0.00014062874489207886409
0.00013293864786738452945
-0.0001257757103436660488
0.00011905784484273352907
-0.0001127204862261973764
0.0001067122636738831131
-0.00010099190233037689089
0.00009552596544708794582
-0.00009028718259574079466
0.00008525319399205080524
-0.000080405595162673340564
0.000075729201705440651647
-0.000071211477623306124813
0.000066842086852026729501
-0.000062612538761576540321
0.000058515906249715374149
-0.000054546600636043803204
0.000050700191613346586145
-0.000046973263494635146621
0.000043363301234063442652
-0.000039868601426116224341
0.000036488204866530604569
-0.000033221848418924042902
0.000030069934982462564171
-0.000027033521405201967366
0.000024114325359219833719
-0.000021314753656854047777
0.000018637956504913363931
-0.000016087915211767616255
0.000013669575694648705852
-0.00001138904836494325981
9.2539098941847499394e-6
-7.2736713996103175198e-6
5.4605390915556878006e-6
-3.8307387579291482882e-6
2.407074515446660072e-6
-1.2247657224107358863e-6
3.4969328597918833427e-7
0.0010063869499719823028
0.0023817413206185012281
0.0036420126803072173884
0.0051163344677924841706
0.0061875992266647945608
0.0078844847172825909601
0.0084855581311993224208
0.011076650506375547419
0.0056973792359994549659
-0.001124831134726926463
0.00066449272357257758592
-0.0004868741348962303112
0.00039240582741002441682
-0.00033319140401653685968
0.00029211050034057422998
-0.00026156205862880212229
0.00023766680998632984001
-0.00021824150679745644456
0.00020196484791055135333
-0.00018799102041167031111
0.00017575386466279590492
-0.00016486039154726520399
0.00015502948776521409927
-0.00014605493047934585155
0.00013778216795859242438
-0.00013009324099726129074
0.00012289670063497524835
-0.000116120692592119878
0.00010970810618717476231
-0.00010361310310418249221
0.000097798589120382647696
-0.000092234343207734183051
0.00008689561325809958155
-0.000081762048529543105899
0.000076816878787062803793
-0.000072046276753435899056
0.000067438858606492073965
-0.000062985289790530471536
0.000058677972214242844137
-0.000054510795191107476103
0.000050478937035999225542
-0.000046578707598483686059
0.000042807424556742793872
-0.000039163318277110719135
0.00003564546165660948091
-0.000032253722765379431983
0.000028988739434002841185
-0.000025851916339336675061
0.00002284544682655049112
-0.000019972363955479581457
0.000017236628560870639392
-0.000014643267345240374791
0.00001219858287938585632
-9.9104734015418315783e-6
7.7889314250831492992e-6
-5.8468560415218878987e-6
4.1014694325881072467e-6
-2.5770553734658979755e-6
1.3112079886277958493e-6
-3.7436667870813252378e-7
0.0010193704962088087255
0.0023349397128635471038
0.0037391135154761451345
0.0049482092421015582208
0.0064586866565492778547
0.0074526872550582233182
0.009204959470823638545
0.0096778636586022445036
0.012412783570223671728
0.0062951194053803120949
-0.0012289798580683961762
0.00071952742646473023338
-0.00052334349187673456395
0.00041922814907275042748
-0.00035412512334025950061
0.00030907788824191648327
-0.00027567300143381411329
0.00024961785923780521587
-0.00022849730520288239073
0.00021085015689382261633
-0.00019574139732590525459
0.00018254541421198419385
-0.00017082815188445183044
0.00016027928115090274308
-0.00015067127462562272787
0.00014183371719807265257
-0.00013363662554919526636
0.00012597929654136824654
-0.00011878265966036193082
0.00011198391370333277328
-0.00010553269008385234869
0.000099388259304467986603
-0.00009351746459467944023
0.000087893171666141990055
-0.000082493090876470191753
0.000077298872224237450702
-0.000072295403085054479551
0.00006747025865697739529
-0.000062813268958993914611
0.000058316175981124224719
-0.000053972361554514752909
0.000049776631576962566093
-0.000045725045988572494593
0.000041814786755652747
-0.000038044058384778408094
0.000034412017380007862802
-0.000030918728767120039362
0.000027565149530366808561
-0.000024353140767691932005
0.000021285512893962274571
-0.000018366111835104723321
0.000015599959800191700258
-0.000012993473708670030514
0.000010554801451477150014
-8.2943493383760369669e-6
6.2256442585940384857e-6
-4.3668398083290853518e-6
2.7436305674266931511e-6
-1.3959042660851450705e-6
3.985394850555106506e-7
0.0010082560320933582782
0.0023747770866972869921
0.0036573695521863848938
0.0050871961307498950619
0.0062409489105685280992
0.0077836030322416516559
0.0086977859696643252809
0.010500519154816424784
0.010844158114353823677
0.013715413278003892008
0.0068758891874811979088
-0.0013297739498862248133
0.000772541195402439019
-0.00055828399818383895818
0.0004447688269936147636
-0.00037392264664589432858
0.00032500377792446875451
-0.00028880888941116259026
0.00026064338897150006605
-0.00023786648536055540047
0.0002188808222349459678
-0.00020266448099361103751
0.00018853388254791578744
-0.00017601489298661288625
0.00016476864075246948053
-0.00015454676210025111414
0.00014516330937811239968
-0.00013647651220153979208
0.00012837658516802418139
-0.0001207773675917035892
0.00011361046120981990808
-0.00010682103729713216488
0.00010036478449011853685
-0.000094205651756025222949
0.000088314155728056578139
-0.000082666095277831063652
0.00007724156446558081063
-0.000072024187264548108179
0.000067000519402783940207
-0.00006215957785417858746
0.000057492469197871112421
-0.000052992095714332689078
0.00004865292366561931155
-0.000044470802372535366886
0.000040442825911535822795
-0.00003656723184642679038
0.000032843333654184356288
-0.00002927148564804135651
0.000025853081517592905568
-0.000022590590460956789856
0.000019487638852036279759
-0.000016549151475702787982
0.000013781576507985038873
-0.000011193236615248166759
8.7948837701047436252e-6
-6.6006098235654115542e-6
4.629440604911961616e-6
-2.9084236281171157919e-6
1.479679114461226878e-6
-4.2244689170170592116e-7
0.0010179112137671712537
0.0023403150955728544787
0.0037275168595285210774
0.0049694558541688902786
0.0064218116716001230218
0.007516859359873053658
0.0090874739745792713699
0.009919528209561549009
0.011767689469946349015
0.011981279918706643431
0.014981037218521686042
0.0074381228751972363102
-0.0014269512920864506658
0.00082340967802100363732
-0.00059162799533895287009
0.00046899243874766302652
-0.00039256988038978068208
0.00033988938979221095566
-0.00030098247164449673778
0.00027076507908030226586
-0.00024637776711810360531
0.00022609117002574118341
-0.00020879908440908344294
0.00019376167669360482835
-0.00018046589205473460159
0.00016854511974481415752
-0.00015773072945665087295
0.00014782165286581509502
-0.00013866463513090446951
0.00013014103420554942469
-0.00012215776978881868942
0.00011464097726786076144
-0.00010753146941757594389
0.00010078143335472353247
-0.000094351988563101534324
0.000088211356112708268771
-0.000082333468956960562
0.00007669690547102592121
-0.000071284063335548641462
0.000066080514651612709235
-0.000061074499641764841464
0.000056256527894637366993
-0.000051619064435265098991
0.000047156284003725436418
-0.000042863881520495287645
0.000038738930318964297887
-0.000034779782722505711027
0.000030986010267112080264
-0.000027358383657726582233
0.000023898895817202176617
-0.000020610835771463464431
0.000017498927695956755237
-0.000014569560281248626781
0.000011831150893175029758
-9.2947262942491869011e-6
6.9748804101051147814e-6
-4.8914553543323626015e-6
3.0728015588338488514e-6
-1.5632263353522134689e-6
4.4628671499019066895e-7
0.0010094214479086099173
0.0023705208694931454319
0.0036664040653499581038
0.0050710591753108361357
0.0062679233158731046701
0.0077391830457281667159
0.0087725448591545150349
0.010366776617190114486
0.011114608166733989969
0.013003068880865553362
0.013086151207135203557
0.016206249976241165007
0.0079803047548240822374
-0.0015202565832296830536
0.00087200869840756521817
-0.0006233042309856763048
0.00049185732290937538605
-0.00041004452305991387106
0.00035372624942803615333
-0.00031219568405357909233
0.00027999296808876154036
-0.00025404763227889328918
0.00023250287761195190407
-0.00021417111101359340997
0.00019825815435499082129
-0.00018421333505601370376
0.00017164321729219093749
-0.00016025956048243199274
0.00014984665629628612644
-0.00014024012370104841761
0.00013131273531972963218
-0.00012296469980552699532
0.00011511684892840398694
-0.00010770576591766690501
0.00010068024032016485649
-0.000093998647599716511073
0.000087626985192762210655
-0.000081537382393249294185
0.000075706957590150699858
-0.000070116933918351342623
0.000064751949943808857251
-0.000059599519720537100007
0.000054649609060879293099
-0.000049894303863093650018
0.000045327552982888133193
-0.000040944973205721338679
0.000036743707948114035521
-0.000032722334848252242345
0.000028880820828249614901
-0.000025220527016491786512
0.000021744270808195130961
-0.000018456459482138991494
0.000015363321364494617542
-0.000012473281011369083009
9.7975642797437977975e-6
-7.3512021934740797739e-6
5.1547983072336003189e-6
-3.2379613817532539877e-6
1.6471529713446251638e-6
-4.7023195761738290366e-7
0.0010169627987646679276
0.0023437560174659164232
0.0037203027231983234938
0.0049820974582307627095
0.0064012550515337956549
0.0075494118864330552769
0.0090356880449260768596
0.010004635722061673534
0.011618064409611711706
0.01227979302999583386
0.014203338311079925061
0.014155784430122916183
0.017387753270844648884
0.0085009731812366057087
-0.0016094430712765149485
0.00091821656611958604522
-0.00065324079198431021336
0.00051331903582711618638
-0.00042631992711998240351
0.00036650034595297884503
-0.00032244401190242139894
0.00028832994436035808512
-0.00026088488410529129685
0.00023812955371801702793
-0.00021879811822439605553
0.00020204414208361579963
-0.00018728076750142192449
0.00017408874528282594846
-0.00016216095647126426997
0.00015126759330284075498
-0.00014123355520183132921
0.0001319233405177606738
-0.00012323068858670361997
0.00011507131837662219472
-0.00010737773666774538171
0.00010009546047207264024
-0.000093180225432000963298
0.000086595894250584841255
-0.000080312870532109520415
0.000074306883286870031059
-0.000068558047394146940036
0.000063050132599136751193
-0.000057769992553723662537
0.000052707118808364552336
-0.000047853294357396908913
0.000043202328565659015784
-0.000038749860926383232278
0.000034493225775069124516
-0.000030431374378836439435
0.000026564855333515274592
-0.000022895859721236610398
0.000019428345273883239943
-0.000016168266174908257085
0.000013123956838755171897
-0.000010306759574411087016
7.7320734766764310147e-6
-5.4212078923841815943e-6
3.4049887313878931598e-6
-1.7320090737269664217e-6
4.9443930069436645535e-7
0.0010102056512572736029
0.0023676904419263822458
0.00367228120803775213
0.0050609113636397632872
0.0062840825691008349451
0.0077143248006413992761
0.0088105346116785003342
0.010307802007411735435
0.011209814006047557571
0.012837969467778534305
0.01341193230409825564
0.015365270802721871775
0.015187289340520452799
0.018522365435890923586
0.0089987245127711257666
-0.0016942738452024925652
0.00096191559684242244218
-0.00068136696904084342923
0.00053333252935350124002
-0.00044136753197370106704
0.00037819476095829210324
-0.00033171926139958240017
0.00029577461491001393394
-0.00026689357564776215419
0.0002429796955706588668
-0.00022269227861943638603
0.00020513488080590102744
-0.00018968600874416102049
0.00017590169920860599383
-0.00016345675425149999496
0.00015210786049715508328
-0.00014166964739424951519
0.00013199868534015640442
-0.00012298251558423923548
0.00011453196022815034039
-0.00010657562447954677957
0.000099055897100710000495
-0.000091925995486864043698
0.000085147752562970939595
-0.000078689939440620639575
0.000072526981223201085146
-0.000066637965794676864344
0.000061005874375339798793
-0.000055616982755501607511
0.000050460396413276843407
-0.000045527693145448420376
0.000040812654724835265485
-0.00003631107540807914871
0.000032020640631594009292
-0.00002794087469975635583
0.000024073162599847420091
-0.000020420859656983423498
0.000016989516047451260016
-0.000013787266209938060799
0.000010825477019522667011
-8.1198405431781590838e-6
5.6923136171085983051e-6
-3.5748997316853747021e-6
1.8183089550551098442e-6
-5.1905516308620459517e-7
0.0010163054659534150193
0.0023461186974361438228
0.0037154344281604572131
0.0049904058684038797191
0.0063882393093107353016
0.0075689951897737423629
0.0090066413084388957268
0.010047924405224600876
0.011552083653495408863
0.012384829429391297952
0.014023209098335498263
0.014507966241320384232
0.016485740825240691536
0.016177880096688468931
0.019607030368062707999
0.0094722168923108610077
-0.0017745228651027753613
0.0010029931792772286012
-0.00070761450539591511585
0.00055185358593978468639
-0.00045515846015112349196
0.00038879139411393725275
-0.00034001138391342880946
0.00030232320065404437502
-0.00027207495232501790152
0.00024705865889273192696
-0.00022586236086294615171
0.00020754200419469509702
-0.00019144311686902150277
0.00017709820079974870415
-0.00016416483959719073845
0.00015238685619132407325
-0.00014156909833150086171
0.00013156058661641774088
-0.00012224296216449434676
0.00011352238905585962981
-0.00010532376586978249895
0.000097586515396254976116
-0.000090261474904782047792
0.000083308568147272499399
-0.00007669504219879105145
0.000070394119099488157502
-0.000064383957019749299545
0.000058646846235083872153
-0.000053168586506369696367
0.000047938007679797168596
-0.000042946606543213188163
0.000038188281656379478259
-0.000033659155114590969325
0.000029357476983244261094
-0.000025283615537968663182
0.000021440145998434416478
-0.000017832064812088520696
0.000014467181000906874072
-0.000011356782288061073
8.5167703485425671897e-6
-5.9696866481497908476e-6
3.7486725855464388566e-6
-1.9065471958633028188e-6
5.4422026119414973289e-7
0.0010107632006836975151
0.0023656931758269897026
0.0036763709917010538317
0.0050539967950157402005
0.0062947746061494741273
0.0076985155498285113859
0.0088334499726814775255
0.010274677866458573807
0.011258261071147927588
0.01276517470249145483
0.013526511157536415333
0.01517059371724851371
0.015564933850443131435
0.017561733169658839649
0.017124882316532777966
0.020638826009051334328
0.0099201738630951998675
-0.0018499758248470528555
0.0010413425661605958858
-0.00073191847315909502829
0.0005688398032368980735
-0.00046766460281523626588
0.00039827213373477659992
-0.00034730971409282684518
0.00030797082541447461307
-0.00027642877688097815912
0.00025037000586818757412
-0.00022831508968027497523
0.00020927490144260941533
-0.00019256374663866804008
0.00017769184489990414942
-0.00016430047797924317964
0.00015212129099558690254
-0.00014094987365344054429
0.00013062810406691094714
-0.0001210320457932783028
0.00011206346502549420824
-0.00010364376755439309402
0.000095709589720059579235
-0.000088209543009311735376
0.000081101778370415731847
-0.000074352143155492138165
0.000067932773713198585085
-0.000061821013633429811056
0.000055998579788539338949
-0.000050450920816033522965
0.00004516672889343478601
-0.000040137577813888234053
0.000035357670097121526608
-0.000030823684484953539707
0.000026534724004849144449
-0.000022492375581735032415
0.000018700907812019728566
-0.000015167659572321922736
0.0000119037208773809452
-8.9251089035145927018e-6
6.2548802677518447082e-6
-3.9272727621930902692e-6
1.9972113800849839747e-6
-5.7007323258036325115e-7
0.0010158276194280459301
0.0023478256890103435131
0.0037119569019551713292
0.0049962403550129043326
0.006379312203395327518
0.007582011643149659
0.0089881139659781806128
0.010074080882177580277
0.011514994232637479372
0.012438288776717260821
0.013943804624886256529
0.014631777687503006519
0.016277035149759022848
0.016579980622707542816
0.018590351425085360319
0.018025739977640664122
0.021614972386259556116
0.010341387808896188903
-0.0019204308987023644421
0.0010768634883779114774
-0.00075421791432649601835
0.00058425129427028683272
-0.00047885938176673105115
0.00040661967402579280863
-0.00035360383289086431281
0.00031271241482284718218
-0.00027995425483055836389
0.00025291644874297975734
-0.00023005610029358788888
0.00021034167626578180735
-0.00019305810778222005283
0.00017769465264830647966
-0.00016387725904752135899
0.00015132612071659605219
-0.00013982812565068484297
0.00012921844385337523857
-0.00011936790691686210226
0.00011017416344369590473
-0.00010155535847893834759
0.000093445538417678211883
-0.000085791259716960989907
0.000078549053340910795159
-0.000071683508352401874483
0.0000651658112712401991
-0.000058972626938103426037
0.000053085240328396717841
-0.000047488902500781666798
0.000042172341188349899859
-0.000037127409886121183026
0.000032348860515993640536
-0.00002783423556236342761
0.00002358388799677281645
-0.000019601154494468245349
0.000015892735333461451064
-0.000012469385857680569838
9.3471310173538987839e-6
-6.5494641616502906002e-6
4.1116742593880821951e-6
-2.0907928164000046163e-6
5.9675368190860461541e-7
0.0010111765153262950183
0.0023642201365844038565
0.0036793591331650634936
0.0050490151618685322521
0.0063023307897408846034
0.0076876229482288107125
0.0088487286803135155329
0.010253507846001067072
0.011287567042049010062
0.012724235541934461821
0.01358482902516288395
0.015084797434847661414
0.015697645741019812394
0.01733955490593716117
0.017550366002354935095
0.019568826043347675741
0.018878022093172737958
0.022532839219529903533
0.010734723208983910489
-0.0019856994009956972588
0.0011094626493609263524
-0.00077445632654714217926
0.00059805120113099105671
-0.00048871829930503572367
0.00041381809999233205923
-0.00035888418299294403828
0.00031654333663916317827
-0.0002826506939479887636
0.00025470052311359512165
-0.00023109062068321355562
0.00021074983391647343184
-0.00019293565314593965806
0.00017711775773792364469
-0.0001629077785117797404
0.0001500152218850662063
-0.00013821886093922466482
0.00012734761735351702631
-0.00011726745823031248639
0.00010787221435672186486
-0.000099077020046656298487
0.00009081354547847534676
-0.000083026480002307945576
0.000075670905230254163933
-0.000068710312584393277156
0.000062115096129863681741
-0.000055861402721209305979
0.000049930256781106792708
-0.00004430690212980849226
0.000038980321976264641439
-0.000033942913184683585471
0.00002919030451687476887
-0.00002472132316268730959
0.000020538133011359840893
-0.000016646598147588677372
0.000013056979575531478915
-9.7851852560419748225e-6
6.8550552172567368805e-6
-4.3028786116306692005e-6
2.1877960918077866298e-6
-6.2440489021533317903e-7
0.0010154671819553913608
0.0023491077600408601802
0.0037093654680089862378
0.0050005376476855865971
0.0063728411524872578959
0.0075912522875189107301
0.0089753072786857239697
0.01009155874456273118
0.011491257668809034899
0.012470650325340853528
0.013899136331189320564
0.014694791366340672693
0.016185079266661844627
0.016721238549928775243
0.018355292254270555603
0.018473470591088708708
0.020494521994446862506
0.01967942911350938473
0.023389953090939072867
0.011099119698946778332
-0.0020456063756726017367
0.0011390541339045694004
-0.00079258204196634193079
0.00061020608182474889506
-0.00049721934429757082274
0.00041985331482526434612
-0.00036314251602811375587
0.00031945986488384901682
-0.00028451798196352865852
0.00025572507584073416684
-0.00023142396660005974103
0.00021050678050896308206
-0.00019220557992348971135
0.00017597190753013208438
-0.00016140413750956288322
0.00014820188813044009685
-0.00013613643297877560113
0.00012503092934919436244
-0.00011474686846789441276
0.00010517458231397056126
-0.00009622646271720686499
0.000087832035402808726539
-0.000079934329155042417849
0.000072487166898207504592
-0.000065453125470916361737
0.000058801989840008870418
-0.000052509580765301191161
0.000046556871899466359882
-0.000040929339010529289843
0.000035616504555469374351
-0.000030611658382985903845
0.000025911752961049395571
-0.000021517493203484741973
0.00001743367358282333292
-0.000013669873138216258244
0.000010241736925000453796
-7.1733467699536694738e-6
4.5019328469498523938e-6
-2.2887480642368174073e-6
6.5317635997672876661e-7
0.001011493162657385559
0.002363095704971481621
0.0036816250098237588559
0.0050452746696732776489
0.0063079290151457663195
0.0076796917638514742962
0.0088596111943287906709
0.010238840201789573777
0.011307180030975589234
0.012698010292642854119
0.013620148709201609472
0.015036526757104658512
0.01576518285439006321
0.017241686174373797899
0.017699793696036351728
0.019321512007322756383
0.019346803063869717789
0.021364946010646218547
0.02042779901612066212
0.024184004169293222352
0.011433594929028621662
-0.0020999911256887543658
0.001165559752340708046
-0.00080854852915332752057
0.00062068620762823911634
-0.00050434329757866809111
0.000424713357277392569
-0.00036637222230006756175
0.00032145952075831883359
-0.00028555693687739649986
0.00025599362277709908789
-0.00023106190477553886846
0.00020962018995002242566
-0.00019087719878140921654
0.00017426783312267080617
-0.00015937831266081262065
0.00014589919958297845759
-0.0001335949105227244064
0.00012228334559531904941
-0.00011182192957743727157
0.00010209783411389979312
-0.00009302099586119972065
0.000084519047402566840667
-0.000076533584447257416158
0.000069017385291072848163
-0.000061932322366518198323
0.000055247787412792942121
-0.000048939507181740254665
0.000042988665479749061175
-0.000037381276135716103514
0.000032107774793936762698
-0.000027162819269653805218
0.000022545313268651180321
-0.000018258704088102961068
0.00001431166674623915942
-0.000010719411298516816746
7.5061378138475970425e-6
-4.7099473257662396927e-6
2.3942067626245397645e-6
-6.8322632870850616449e-7
0.0010151871452246669279
0.0023501007609144987678
0.0037073696687876140037
0.005003819590723155023
0.0063679547694722429942
0.00759812864871995161
0.0089659512527027026609
0.0101040382018227984
0.01147478338368872934
0.012492332959534124423
0.013870502849990807072
0.014732967358686359179
0.016133339749641311922
0.016793116721243429084
0.018251771882932942079
0.018630670570443663872
0.020235611972197691222
0.020168006771004866659
0.022177753413007408722
0.021121113054110338776
0.024912852478221329286
0.011737247212228051212
-0.0021487076881358524302
0.0011889093332099521836
-0.00082231463720872527771
0.00062946579492412115669
-0.00051007396455008425519
0.00042838863993875860177
-0.00036856857623404318918
0.00032254132520620877928
-0.0002857695658717486158
0.00025551061298607652615
-0.00023001092135144838157
0.00020809827556322208368
-0.00018896020781877264942
0.00017201652499622985204
-0.0001568424330051971081
0.000143120300997614349
-0.0001306083571613123956
0.00011911977440900210572
-0.00010850834145144495634
0.000098658428345378061255
-0.000089477824494318890857
0.00008089254262271496771
-0.000072842997327963023219
0.000065281164683786809801
-0.000058168456892541536167
0.00005147413040772596746
-0.000045174103650195056255
0.000039250101713566537831
-0.000033689077275903639896
0.000028482884824619691733
-0.000023628214999190916793
0.000019126835766284782385
-0.000014986253578952816
0.000011221039022099418624
-7.8553634732614539069e-6
4.9281142514406666382e-6
-2.504770587841908817e-6
7.1472436211807145546e-7
0.0010117423293421267452
0.002362213263813869184
0.0036833945934226438972
0.0050423744036548661818
0.0063122278112079748088
0.0076736769641746649451
0.0088677364887549472404
0.010228097427168734287
0.01132121006560516183
0.012679785027349800053
0.013643833480336652724
0.015005568748691612114
0.015806108388374010398
0.017186618505538226617
0.017775820488007204534
0.019212615348074924225
0.019511357473313675917
0.021095130035637090459
0.020934866002341682824
0.022930754511482468284
0.021757501139254919064
0.02557453369557363627
0.012009257954992795241
-0.0021916252585950743572
0.0012090409728391820987
-0.00083384479446751402032
0.00063652318723883653526
-0.00051439835339078065381
0.000430872128946485986
-0.0003697289197185265305
0.00032270598652276267579
-0.00028515925710796985235
0.00025428162432985362268
-0.0002282784207653467643
0.00020594999181391586304
-0.00018646489679727815671
0.00016922943960360281896
-0.00015380898905013332848
0.00013987861366564312309
-0.00012719104687576598911
0.00011555528710583838827
-0.00010482193906078370648
0.00009487295176454193527
-0.00008561429838704980215
0.000076970670716075467625
-0.000068881583862108624596
0.000061298489664248747737
-0.000054182628339516512716
0.000047503435197984322065
-0.000041237379720329642894
0.000035367158916008329426
-0.000029881203615647712657
0.00002477349255162159776
-0.000020043714384715649144
0.000015697889856925634968
-0.000011749705521104990311
8.2231279496050590337e-6
-5.1577275834661144753e-6
2.6210881755321184329e-6
-7.4785412822833589865e-7
0.0010149642086954881823
0.0023508894527082474253
0.0037057911935488652989
0.0050063991570489639311
0.0063641461470072196146
0.0076034312154131635667
0.0089588321226018217406
0.010113380089649903703
0.011462693612712159468
0.012507865885967481229
0.013850583941649957589
0.01475858425575174085
0.016100144618250867145
0.01683667977005245835
0.018193524017142372374
0.01871064361875185654
0.020121628043124642935
0.02033947835466503151
0.021897750861493934743
0.021645311891260716659
0.023621920568069942733
0.02233524683917882349
0.026167264471570535865
0.012248893863939208847
-0.0022286285667512755327
0.0012259012472907717888
-0.00084310917002350538049
0.00064184099799805635664
-0.00051730681126888391656
0.00043215947903520071948
-0.00036985279844125030487
0.00032195603903033679571
-0.00028373092111371780208
0.00025231350762628844358
-0.00022587287263174649942
0.00020318518389773001376
-0.00018340229954242988439
0.00016591865488864246797
-0.0001502909919865439213
0.00013618799926190268362
-0.00012335763390582148717
0.00011160529585762651472
-0.00010077888102187406397
0.000090758322269948603686
-0.000081448134445072797706
0.000072772018377831644466
-0.000064668908573943424197
0.000057090056812673700579
-0.000049996878546399760378
0.000043359379535207872011
-0.000037155044360402079314
0.000031368118378043118344
-0.000025989260216401647342
0.000021015594545279903168
-0.000016451273849895516539
0.000012308806315244144942
-8.6117411827109947195e-6
5.4002050898200237632e-6
-2.7438692815006388123e-6
7.8281645326993979178e-7
0.0010119428231408055784
0.0023615046413094630815
0.0036848103745644401391
0.0050400665704145577847
0.0063156236905329283835
0.0076689694235430060301
0.0088740230678059768427
0.010219901418353586893
0.011331734370158192454
0.01266638934548548659
0.013660820155396850169
0.014984015532281550177
0.015833584552120636486
0.017151277630001761276
0.017821903621800182299
0.019151342468593984445
0.019595064763298379979
0.020976360921239152176
0.021112799187422973972
0.022641312182254899667
0.022297427938240524337
0.024249389311778668104
0.022852791971191564387
0.026689447253461153274
0.012455508922637545253
-0.0022596182044092983306
0.0012394453902849261158
-0.00085008380361679732935
0.00064540622115279358381
-0.0005187931270435011459
0.00043224913350651574182
-0.00036894206167555681588
0.00032029594397068831881
-0.00028149109345173001123
0.00024961449148369700192
-0.0002228039190497757645
0.00019981469787757533072
-0.00017978430741755946208
0.00016209698784765653538
-0.00014630209642609504459
0.00013206288929552246365
-0.00011912329104007591231
0.00010728570371951212642
-0.000096395815276022654102
0.000086331975509732500692
-0.000076997631363336000966
0.000068315861705988974939
-0.00006022538774178034892
0.000052677647282770783486
-0.000045634659669270715241
0.000039067502867620127444
-0.000032955294220059443018
0.000027284625593417330628
-0.000022049466521080459292
0.000017251636955241019746
-0.000012902110347971048686
9.0237605829285941668e-6
-5.6571133354873793871e-6
2.8738970767104070675e-6
-8.1983276701471298921e-7
0.0010147830379610250955
0.0023515292439765333829
0.0037045148760057820591
0.0050084750159835680958
0.0063611007014659459451
0.0076076370109707668144
0.0089532417367268365452
0.010120627417047435246
0.011453450147365828869
0.012519537070745702787
0.013835924752485442565
0.014776973886677069204
0.016077018678063298298
0.016865939270669252884
0.018156132887112096431
0.018759123996979850774
0.020057492399735094477
0.020426698606214906623
0.021774511017479050964
0.021829233959886641125
0.023323810668473289404
0.02288945513578571006
0.024811469993981044452
0.023308740777624548779
0.027139674605133200031
0.01262854613312734365
-0.0022845109065113692516
0.0012496374394955908356
-0.0008547507076725192326
0.00064721031461656041978
-0.00051885460635839890547
0.00043114239581640773134
-0.00036700093287029139468
0.00031773216050116336341
-0.00027844800699353045526
0.00024619425649790832371
-0.00021908245133235903563
0.00019585046065072879799
-0.00017562375344418895946
0.00015777808403909664542
-0.00014185669698149721691
0.00012751839103997456223
-0.00011450382797047310602
0.00010261303954466716761
-0.000091690036127214475495
0.000081612051548609673167
-0.000072281896114698648557
0.000063622446485443026217
-0.00005557264288805023272
0.000048084580922514943247
-0.000041121428524858090205
0.000034655999634640238319
-0.000028669896013389710809
0.000023153206187477960476
-0.000018104850552632041959
0.00001353383379658856043
-9.4620394002434173616e-6
5.9301965183117975826e-6
-3.0120422911335308441e-6
8.5914905923009387202e-7
0.0010121072619820958792
0.002360924369033160322
0.0036859663969104052175
0.0050381900779185443469
0.0063183694024000497628
0.0076651902079770181811
0.0088790258658323188669
0.010213447835484159795
0.01133991711929869067
0.012656129231272641217
0.013673601458643074088
0.014968136642232616795
0.015853324528477042965
0.017126642968429402814
0.017852867342431083153
0.019112000710947683255
0.019645814231135536668
0.020909531573971035915
0.021203302324119999848
0.022513927663867099655
0.022486850273316965511
0.023943407361417292391
0.02341979667839135848
0.025306647973005214193
0.023701863669462561874
0.027516733011041074022
0.012767539017463906851
-0.0023032397854318441204
0.0012564503528371436318
-0.00085709794411470598778
0.00064724925997106137571
-0.00051749212328609044887
0.00042884347752867637213
-0.00036403605628744597626
0.00031427319245930835605
-0.00027461163982622102375
0.00024206398516779470216
-0.00021472066282934960855
0.00019130553675089233104
-0.00017093447445659847843
0.00015297648690615809497
-0.00013697000718168011124
0.00012257037928809943255
-0.00010951580024238483882
0.000097604589984475538983
-0.000086679647198758140563
0.000076617599531997642158
-0.000067321105085250749961
0.000058713326335292243258
-0.000050733945000901118493
0.000043336308571223647969
-0.000036485449306073799572
0.000030156828103723533631
-0.000024335754804488397757
0.000019017553186951472235
-0.000014208727355204706746
9.9297836106070225651e-6
-6.2214102363165372974e-6
3.1592797257341399253e-6
-9.0104049056684791464e-7
0.001014633162070677209
0.002352057775781039721
0.0037034631974478928659
0.0050101791314755251888
0.0063586130523909452961
0.0076110508937116433094
0.0089487389379867677326
0.010126410715120165765
0.011446155133079821665
0.012528628512434319374
0.013824679955587622841
0.014790827324663822173
0.016059965392005559063
0.016886975046641253315
0.018130056015020913963
0.01879170960506782035
0.020016303717809479606
0.020479583872579365193
0.021705163506045412697
0.021922781645641080917
0.023192618295767955476
0.023083874530224047865
0.024498432655384370712
0.023887022242973265293
0.025733588817388086364
0.024031100526802002903
0.027819606154909516698
0.012872112875245233499
-0.0023157545186436793375
0.0012598660958436270976
-0.00085711967779338107238
0.00064552360088661685159
-0.00051471015148441107237
0.00042535952603880264995
-0.00036005652347613897847
0.00030992961502720807179
-0.00026999374324344760627
0.00023723639229924060263
-0.00020973208295944652564
0.00018619416750483799657
-0.00016573135731888547364
0.00014770769361174170682
-0.00013165812833482265996
0.00011723558281227162355
-0.00010417661945955490183
0.000092278541754272667695
-0.000081383747092174976743
0.000071368822334554447966
-0.000062136829456850581998
0.000053611799645311863466
-0.000045734807627742863459
0.000038461227575795595427
-0.000031758933284602686477
0.00002560733726765491027
-0.000019997303815274150326
0.000014932180719368524862
-0.000010430619639983143245
6.5329615139260338408e-6
-3.3167077646897348884e-6
9.4581683174649146077e-7
0.0010122444036236465209
0.0023604410316312628829
0.0036869271108245310327
0.0050366358109061230138
0.006320633554877411161
0.0076620912434650691275
0.0088831001037820960696
0.010208235197925143025
0.01134646227571390331
0.012648015958546788044
0.013683573758765831389
0.014955940212356248118
0.015868210862114854064
0.017108462160278677215
0.017875142375099647986
0.019084550668879334508
0.019679936222068754701
0.020866603616745317567
0.021258185205014475089
0.022442243617079648657
0.022583196504563406222
0.02380875383123234165
0.023618696699502210449
0.024987390817181482994
0.024289871826849501555
0.026091141918001113307
0.024295563546268019283
0.028047477664875017826
0.012941985793727546886
-0.002322021489760767933
0.0012598757009010105961
-0.000854816207824273365
0.0006420384620012828597
-0.00051051677699164178872
0.00042070063453116904864
-0.00035507388235299823375
0.00030471408436008094024
-0.00026460785318768183876
0.00023172573960164567969
-0.00020413159656022040558
0.00018053179717144142605
-0.00016003037452490259201
0.00014198820365680310565
-0.00012593811593686631602
0.00011153167499852943776
-0.000098504676874250713737
0.000086654150112277364062
-0.000075822659225074799274
0.000065887390779266429484
-0.000056752466511194441556
0.000048343505377494630972
-0.000040603817699481453691
0.000033491856010777036951
-0.000026979730022718777923
0.000021052768485310732184
-0.00001571034901239944343
0.000010968675849163780958
-6.8673567467635691326e-6
3.485571673858728822e-6
-9.9382894656448957027e-7
0.0010145072023065481693
0.0023525014663821833019
0.0037025821437642687375
0.0050116025029443743118
0.006356543479435057843
0.0076138768247100527703
0.0089450343953497768387
0.010131134001318113234
0.011440248533942662592
0.012535915487179366291
0.013815772653581620363
0.014801651677378942161
0.016046851442631027336
0.016902853753602281847
0.018110796160380705141
0.018815165346321768894
0.019987552037640471248
0.020515153673231929915
0.021660607679990566105
0.021979519361066513934
0.023118784991160247063
0.023182766275060302014
0.024360673607271214947
0.024089874645505455606
0.025408964031308850628
0.024627259131944056402
0.026378343600206158678
0.024494539627038584799
0.028199733318012849606
0.012976969407805159933
-0.0023220238829301939849
0.0012564792988659118821
-0.00085019397776450999247
0.00063680354950477206346
-0.00050492369419023661732
0.00041487983596189653323
-0.00034910213093844375412
0.00029864133250104928744
-0.00025846928777919502201
0.00022554783750106315633
-0.00019793545209054792845
0.00017433509029249607329
-0.00015384861437885519455
0.00013583556684667661392
-0.00011982805213524938454
0.00010547737995110417882
-0.000092519495679733850368
0.000080751954721470843947
-0.000070018235636957472781
0.000060196870106475442708
-0.000051193839206345763074
0.000042937270903126120595
-0.000035373847218668426866
0.000028466593415993967568
-0.000022193950057245216256
0.000016550307274532289015
-0.000011548681520545560637
7.2274596737519202645e-6
-3.6672916788352351064e-6
1.0454765902330246961e-6
0.0010123605078466462235
0.0023600322551556195556
0.0036877381219989758455
0.0050353272726645377396
0.0063225329311334477767
0.0076595032484496448696
0.0088864839136878661626
0.010203934211947311814
0.011351821201095783811
0.012641432649966969953
0.013691581504855920375
0.014946263986031430093
0.015879857554926693631
0.017094465858152945268
0.017891971645591147354
0.0190642618367569714
0.019704512159343723121
0.020836624232171233001
0.021295111327675324904
0.022396174849984104592
0.022641642020556180167
0.023732963712235297446
0.023719874577484541194
0.024846889858816861449
0.024496138009313193972
0.025762015960444923916
0.024898274485423041639
0.02659441972825497699
0.02462749228858918189
0.028275962698540513851
0.012976969407805159933
-0.0023157617305577558338
0.0012496861234518821983
-0.00084326556527834497534
0.00062983313431063089707
-0.00049794618603376012277
0.00040791308237296208876
-0.00034215769728562446481
0.00029172814939580040905
-0.00025159513310300373963
0.00021872003682704272961
-0.0001911612620227451283
0.00016762194456044789169
-0.00014720431145007151252
0.00012926843829995312116
-0.0001133471348384536082
0.000099092608870929570421
-0.000086241932982862861404
0.000074594073015530459306
-0.000063994278619224545381
0.000054323323581257898504
-0.000045490061943752660336
0.000037426363410530153669
-0.000030083888245916708516
0.000023432473682346883014
-0.00001746024102707777726
0.000012176088199617867103
-7.6165620915409717032e-6
3.8634970946010185908e-6
-1.1012178696689210716e-6
0.0010143998133834437378
0.0023528793918029255916
0.0037018329384194913349
0.005012809915294828398
0.0063547935874203795092
0.0076162565299070889212
0.0089419302371265789081
0.010135068508717866351
0.011435362289698391386
0.012541895305383129559
0.013808530841473590259
0.014810358359615206191
0.016036432168873239274
0.016915292212360934053
0.018095953702416502247
0.018832902109623192578
0.019966285842127266051
0.020540787414135574701
0.021629476792492723569
0.022017707600722115238
0.023071321454617463729
0.023242768684854456744
0.024283123763173272321
0.024193073643518336754
0.025266091727628088739
0.02483639163172351825
0.026045594811919455491
0.025102187288489184138
0.026738787795279367137
0.02469406311470930927
0.028275960305371087799
0.012941985793727546886
-0.0023032519143845508286
0.0012395144886597944194
-0.00083404965174642600792
0.00062114601842558895083
-0.00048960308930306529965
0.00039981921048338003266
-0.00033425940677623922667
0.00028399335349383710114
-0.00024400421918609199341
0.00021126121295334588776
-0.00018382799895293976009
0.00016041150412164503364
-0.0001401168842576124923
0.00012230665044260354706
-0.00010651579780546579736
0.000092398647533310410494
-0.000079694461961775497484
0.000068204616196564428974
-0.00005777714778616385383
0.000048296196285006621813
-0.000039674833196499637241
0.000031850403321764060587
-0.000024781945072669474146
0.000018449683530568904739
-0.0000128572197621308349
8.03847084819673302e-6
-4.0760681544785624195e-6
1.161580813232727351e-6
0.0010124601676051327568
0.0023596816712414740553
0.0036884326201588017319
0.0050342092107839753222
0.0063241510576886115409
0.0076573066022076738037
0.0088893431698362052199
0.010200319298013246074
0.011356297244423114336
0.012635973618388367053
0.013698166575317083954
0.014938382579851323202
0.015889240687313610027
0.017083330109565386394
0.017905170483787978866
0.019048610404081276917
0.019723112143378128112
0.020814433746127200467
0.02132173872435607927
0.022363970755212442138
0.022680995690552405327
0.023684226507415548949
0.023781279517686349879
0.024767781471121865301
0.024601088230247882434
0.025617148789730826278
0.025109718508889011052
0.02625893590197487807
0.02523844798656847692
0.026811058493403700939
0.024694072719766692769
0.028199726106098773109
0.012872112875245233499
-0.0022845281199817029955
0.0012259917394526843959
-0.00082257097211299585817
0.00061076548490515240141
-0.00047991674539878023029
0.00039061989423205455805
-0.00032542843771071215205
0.00027545775225247574706
-0.00023571708807759172029
0.00020319174521301261354
-0.00017595599161907987066
0.00015272417955390166561
-0.00013260698947866243015
0.00011497131583195810196
-0.000099355882357394588313
0.000085418425730650447063
-0.000072901580625227023868
0.000061610298326304816158
-0.00005139666108091173318
0.000042149649608477622171
-0.000033788430882907602397
0.000026258404680756343922
-0.000019529813982965230339
0.00001359945966846699015
-8.4976157751651001653e-6
4.3071876957445994838e-6
-1.2271776337979607406e-6
0.0010143070249274460961
0.0023532056837510501805
0.0037011869919090443031
0.0050138488075333851564
0.0063532919657631847725
0.0076182917452054481811
0.008939286261908348528
0.010138403536624919854
0.011431243921304983731
0.012546902502189400542
0.013802512319963296936
0.014817532424059180377
0.016027930614733415225
0.016925328762941213775
0.018084128672741009674
0.018846829194637246476
0.019949863526432784574
0.020560205238504278374
0.021606416425149501088
0.022045262910987398569
0.023038124332513841802
0.023283188887705210092
0.02423323657281494009
0.024255723742710622993
0.025185629485101311529
0.024942819073795378943
0.025899114091215259679
0.025315382272961790625
0.026401463710741184221
0.025306689555639258491
0.026811036759725025854
0.02462752123461795014
0.028047465535922311118
0.012767539017463906851
-0.002259640744786386723
0.0012091541758125286311
-0.00080886024512679649823
0.00059871923159423200189
-0.00046891293696118996714
0.00038033958474027781279
-0.00031568826597354299088
0.00026614409384782112955
-0.00022675595617865810867
0.00019453349505486306721
-0.00016756692632596123995
0.00014458168311116838068
-0.00012469660595619139656
0.00010728498117112151013
-0.000091890891838144174105
0.000078176916319321729884
-0.000065890420512017027103
0.000054841352700219262091
-0.000044887470755516407701
0.000035924641271541263266
-0.000027880909584618527745
0.000020713836007930302951
-0.000014411486774552167956
8.9991847623225482237e-6
-4.5594055563760015746e-6
1.2987224547833690118e-6
0.0010125468353776491543
0.0023593770057679178513
0.0036890353851544159682
0.0050332406305442355963
0.0063255494046113915053
0.0076554141489450316953
0.0088917973009163821697
0.010197230260742033098
0.011360102472364269694
0.01263136023928548228
0.013703693794039880874
0.014931818393282522853
0.015896987063162721449
0.017074228258587910066
0.01791583697399364186
0.019036123820748936491
0.019737734686645732567
0.020797279445762850913
0.021341928026927846415
0.022340096094875053881
0.022709411774018146678
0.023650118177900291383
0.023822665449334861684
0.02471687017921077673
0.024664823588777182182
0.025535540273248217754
0.025217345874426650339
0.026111226683360758392
0.025452829191638686041
0.026472793421968718772
0.025306728500993759447
0.026738722295127613005
0.024494588310994876162
0.027819588941439182954
0.01262854613312734365
-0.002228656759858109525
0.0011890469502538689154
-0.00079295408399545396979
0.00058503928867039236377
-0.00045662081041604608025
0.00036900543800691553873
-0.00030506459951122998684
0.00025607701157747118352
-0.00021714467354469474176
0.00018530978764187124133
-0.0001586838615698448982
0.00013600709180395853333
-0.0001164091684151338235
0.00009927186371740341678
-0.000084146377523046747192
0.000070701740014921402852
-0.000058691675366918936635
0.000047932947681208141155
-0.000038291229622976414959
0.000029672287421632838969
-0.000022017463057965879314
0.000015303575160424083095
-9.5492943330542933703e-6
4.8357195002509375009e-6
-1.377053524145847316e-6
0.0010142258172038939612
0.0023534910664000739134
0.0037006226950082151451
0.0050147548305610635848
0.0063519853487559511144
0.0076200576614371586336
0.0089369999736249405895
0.010141275739135226057
0.011427713766218969375
0.012551171307893004062
0.013797413034631666533
0.014823568103111701837
0.016020834897389944824
0.016933630500767222443
0.018074446656905587534
0.018858101809111989515
0.019936743541466422389
0.02057548991407286568
0.021588569709007896889
0.0220661765085980342
0.023013491954483338368
0.023312397436608445888
0.024198300217403149944
0.024297973030000842364
0.02513382176432486627
0.025007477774770990297
0.025816569128379543714
0.025423929806519778679
0.026252913649130650588
0.025521689682103804125
0.026472731942653821012
0.025238565366302300188
0.026594309554107264327
0.024295632644642887587
0.02751671047066398563
0.012455508922637545253
-0.0021916595255827355796
0.0011657239387940260947
-0.00077489488732256568011
0.00056976191981671898651
-0.0004430727843613430028
0.00035664723054484700553
-0.00029358530344677436969
0.00024528296289201975585
-0.00020690868397226242906
0.00017554540374206923457
-0.00014933126752854985841
0.00012702495752752798835
-0.00010776978188707755686
0.000090958219565545648523
-0.000076150534724862400177
0.000063024101840717478274
-0.000051341053624943505615
0.000040927439297883287533
-0.000031660125150606376748
0.000023459547875051682294
-0.00001628797927056560571
0.000010155207108287626628
-5.1396778326787610736e-6
1.4631612960736698048e-6
0.0010126231679836093084
0.0023591088327582849593
0.003689565376582907742
0.0050323903323267031737
0.0063267744320927359208
0.0076537605722422951699
0.008893934912558580227
0.010194549624945045035
0.011363390353620866814
0.012627393855121026269
0.013708418995427187946
0.014926242628940872381
0.015903519452835490774
0.017066615271047154842
0.017924677007164419889
0.019025881919066794813
0.019749589403920451131
0.020783554498814251871
0.021357841122110194462
0.022321597031799378151
0.02273100185879534064
0.023624785416442646345
0.023852597255096948014
0.024681190027420847579
0.024707832661377360492
0.025482965138886433799
0.025282764527301525259
0.0260279566716041848
0.025562015548424756976
0.026323791614051570171
0.025521779336575119147
0.026401278398723977688
0.025102384752492410641
0.026378187204951319083
0.02403119101896391551
0.027139646412026366038
0.012248893863939208847
-0.0021487485615849453831
0.0011392475852772789333
-0.00075473071001269940917
0.0005529275066328400053
-0.00042830444352611376628
0.00034329726312734629674
-0.00028128031693424319958
0.00023379016586986547553
-0.00019607499160012084115
0.00016526659242075306706
-0.00013953510860270267067
0.00011766149464273177051
-0.000098805566687561771092
0.000082372924793142961098
-0.000067935140713249536578
0.000055180275078739684075
-0.000043881615497961610392
0.000033878082979236086634
-0.000025062908599239548891
0.000017379434095028247801
-0.000010825611876137533177
5.4755107685368951476e-6
-1.5582242586089340671e-6
0.0010141538385651075841
0.002353743875301252202
0.0037001233092561938802
0.0050155554631943871199
0.0063508329439290850561
0.0076216114085354740184
0.0089349942214885757793
0.01014378687217702179
0.011424639675614557645
0.01255487165184461586
0.013793015754682725461
0.014828742315196488298
0.016014792137987680987
0.01694064787280896267
0.018066330609404360158
0.018867463113905646548
0.019925962024577449537
0.020587902666027835871
0.021574268357028604684
0.022082684110787718276
0.022994380904933009313
0.0233346158107904593
0.02417232489903572381
0.024328558288274814876
0.025097482742072368662
0.025051142274440771436
0.025763356455693160467
0.025489944126160613375
0.026169130844563063624
0.025631232829087557191
0.026323667735328846397
0.025453099458508607786
0.026258624103881247651
0.024898554847688977167
0.026090937060722201319
0.023701976872435908407
0.026689412986473492052
0.012009257954992795241
-0.0021000392711175338462
0.00110968871880232426
-0.00073251511358891162028
0.00053458041562613815277
-0.00041235441784471265201
0.00032899025287672381841
-0.00026818156345320220908
0.00022162853753504699937
-0.00018467214306501519942
0.00015450112127415407676
-0.00012932299829713949356
0.00010794489462574309399
-0.000089546216589175863601
0.000073548406393748101857
-0.000059537062440090899871
0.000047214018348912889798
-0.000036367665782265291778
0.000026855427200005256916
-0.00001859581251087400288
0.000011570988250083868527
-5.8483003370848635906e-6
1.663655094752503016e-6
0.0010126912600747611768
0.0023588697340646262293
0.0036900374674212870991
0.0050316339546172536328
0.0063278621993858806471
0.0076522955519713524694
0.0088958236713375753478
0.010192188579727834304
0.01136627558717429024
0.01262392788803652783
0.01371252827324882928
0.014921419854044667677
0.015909135379240438507
0.017060114819365752954
0.017932167860858464723
0.019017276781949685039
0.019759455183567684767
0.020772253442286696697
0.021370787989622442916
0.02230674773934500162
0.022748070083648241218
0.023605102781617414819
0.023875395608987976133
0.024654630160883614803
0.024739001320278860654
0.025446052474073459949
0.025326979759364591619
0.025974236671841915379
0.025628460974469017246
0.026239708381482068482
0.025631397490404111087
0.026252540163689136961
0.025315837110551708396
0.026045151999477897957
0.024627626471330566142
0.025733332482483815783
0.023308878394668465511
0.026167223598121442912
0.011737247212228051212
-0.0020456626201640859625
0.001077126343783217888
-0.00070830699503958774519
0.0005147688467875111478
-0.0003952642460072914873
0.00031376321417805814394
-0.00025432285739069054593
0.00020882964122978233299
-0.0001727302399931474469
0.00014327839170811344179
-0.0001187244750284112541
0.000097905851226499766352
-0.000080024911689819407819
0.000064522162905844987955
-0.000051000745598842530747
0.000039180649672448043373
-0.000028871531064262928436
0.000019959000420837155924
-0.000012404087114886237909
6.2642025622855526043e-6
-1.7811607877876797039e-6
0.0010140892107655877544
0.0023539707567141597807
0.0036996755289984940055
0.0050162724533301445819
0.0063498026497064968825
0.0076229976316461604939
0.0089332092111919630913
0.010146015051459992207
0.011421921291268563737
0.012558131035966687427
0.013789159651098111921
0.014833257084914723559
0.016009549016829904729
0.016946698575060418475
0.018059381347908769732
0.018875416399330649167
0.019916881310637657151
0.020598256570389810966
0.021562467413829020698
0.022096141563779656871
0.022979011787634680595
0.023352211078860783374
0.024152110820508314888
0.024351888528295439237
0.025070396157935903126
0.025082824433132016493
0.025725955233709222919
0.025534605560540444572
0.02611503349223063264
0.025697945192833220779
0.026239495752487716366
0.025562512066696774938
0.026110597972790534559
0.025110364677650421133
0.02576143556383335539
0.024290331637646851389
0.025306336257031745215
0.022852956157644882436
0.025574485550144856789
0.011433594929028621662
-0.0019857647713996656877
0.0010416474018471588571
-0.00068217039285384074067
0.00049354466232068194616
-0.00037707822270103436735
0.00029765532950589980569
-0.00023973981190058648119
0.00019542665525810126507
-0.00016028100671018589189
0.00013162966576078634556
-0.00010777148188222992969
0.000087578441023320697531
-0.000070279837060930389309
0.000055339312775069459279
-0.000042382465459074642807
0.000031154223262213746264
-0.000021496078529285469983
0.000013340571848968909826
-6.7307414946973005342e-6
1.912821779493689187e-6
0.0010127528080769025194
0.0023586537115410211379
0.0036904636488257779134
0.0050309519379139458484
0.006328841501482979612
0.0076509791715306159116
0.0088975168335210367973
0.010190077857932128129
0.011368846719037860536
0.012620850469143610094
0.013716161870406926443
0.01491717508940500191
0.015914052637748698115
0.017054455943238512609
0.017938647035702242663
0.019009886910092638377
0.01976786055929219223
0.020762709946947420224
0.021381614382565012251
0.022294465860610763529
0.022762015275743272762
0.023589241292923996836
0.023893484980636396119
0.024633924160857193296
0.024762815957144650409
0.025418496403764250182
0.025359106127397681618
0.025936431330413956709
0.02567346480694613069
0.026185362782210379607
0.0256982137397695857
0.02616848956941862243
0.025424765885606617981
0.025898220550955927458
0.024837238951429422953
0.025408237189572661328
0.0238875816460536688
0.024811097951951932413
0.022335440290551533023
0.02491279623372984506
0.011099119698946778332
-0.0019205066729712518896
0.001003346504282993077
-0.0006541742682564627712
0.00047096319353301330766
-0.00035784322872830406992
0.00028070781254443617482
-0.00022446975701368015258
0.00018145438405379992792
-0.00014735795622692474631
0.00011958848541977066214
-0.000096499196810124967489
0.000077001620165912207851
-0.000060356771581863839478
0.00004605701087348892326
-0.000033757914079277830175
0.000023240943458405581849
-0.000014399886336258472048
7.2572034359241402234e-6
-2.0611975185121125894e-6
0.0010140303893270945814
0.0023541771673849765338
0.003699268460284358435
0.0050169235359267354421
0.0063488684236640220406
0.0076242523188168681744
0.0089315971052514488076
0.010148022231717283547
0.011419479795161597241
0.012561048506243749421
0.013785721288147079403
0.014837265428418207979
0.016004916411777972967
0.016952016105692104625
0.018053310428263460839
0.018882318688491858334
0.019909058038774793012
0.020607104712562123643
0.021552472897970128923
0.022107425852415081317
0.022966266878103899622
0.023366622210099380559
0.024135783368215902968
0.024370440110524900668
0.02504923670621431517
0.025107077044369621093
0.025697985813439593443
0.025567107992752543353
0.02607690724060103343
0.025743188981693846435
0.026185029436293533422
0.02562927106434149865
0.026026876444438455761
0.025218534698288650524
0.025615976449247631337
0.024497199745282758446
0.024986506027183453418
0.023420464708854599425
0.024248950751003244603
0.021757727208696316971
0.024183938798889253923
0.010734723208983910489
-0.0018500636017375257265
0.00096232563301766177754
-0.00062439225872595372597
0.00044708302318731643829
-0.00033760854346394975283
0.0002629637686283520804
-0.00020855168445318879391
0.00016694934979951186765
-0.00013399673117383763095
0.00010719142994989987038
-0.000084947481272423684334
0.000066221826790344597261
-0.000050313649836411059094
0.000036752448667095462393
-0.000025236570724540073145
0.000015606448507664272178
-7.8551731076195360743e-6
2.2294691105842299433e-6
0.0010128092307549706436
0.0023584557562931843251
0.0036908539074133396836
0.0050303280553056424695
0.006329736107390626167
0.0076497786842500802232
0.0088990577717703986791
0.010188161519223111633
0.011371174584002137115
0.012618073046322987617
0.013719429514446402177
0.014913373160280593803
0.015918437168459814575
0.017049435264973993084
0.017944363785213854815
0.019003406411559825442
0.019775181914919159536
0.020754459126144779681
0.021390897364626910182
0.022284030657610517654
0.022773744319639565112
0.023576049782935040771
0.023908341746541894577
0.024617155634795279797
0.024781799401421715267
0.025396920391905372142
0.02538375191421121765
0.025908103009537988357
0.025706276934806787292
0.026146996923392539919
0.025743597139344538059
0.026114027687748681661
0.02549130930174748724
0.025815032289758372066
0.024944379851431840117
0.025264621678165954818
0.024091168053852624886
0.024497375291752321533
0.022890243130185815591
0.023621407772383739342
0.021121375909515645187
0.023389877316670185419
0.010341387808896188903
-0.001774624660069156381
0.00091869380698105789309
-0.00059290239954310878609
0.00042196573976566860162
-0.00031642564011085837355
0.00024446806289146610158
-0.00019202624992386071156
0.00015195003404336336834
-0.00012023576063856944
0.000094479482551063110273
-0.000073163458874320482605
0.00005529765524274065335
-0.000040228964987347452269
0.000027538236131087846305
-0.000016991320282443563481
8.5392744664408073616e-6
-2.4216349911666818571e-6
0.0010139760576694596115
0.0023543677520966993365
0.003698892854434920856
0.0050175237108762403342
0.0063480083473114946584
0.0076254055775150187082
0.0089301181666761820529
0.010149859456916623659
0.011417250847580644964
0.012563704086755775045
0.013782602059447349357
0.014840888080297351094
0.016000747087462052709
0.016956779633579776631
0.018047899946358285056
0.018888435204833182677
0.019902168739823829546
0.020614842844079179221
0.021543798561123313115
0.022117137619523140932
0.022955399401066555059
0.023378784834736042844
0.024122159677539983576
0.024385724262852923486
0.025032049891068368808
0.025126464162187776352
0.025676027908581254247
0.025592104459494880095
0.026048272065434336952
0.025776246970710415717
0.026146502562248987907
0.025674696686012484357
0.025972540840170741973
0.025284708029059626128
0.025533521043135665458
0.024603047019860615893
0.02484509744197124454
0.023620243776250813882
0.023942159027271338689
0.02229835005482034525
0.022930157871052651692
0.020428103851807225091
0.022532751442639430662
0.0099201738630951998675
-0.0016943922244296123123
0.00087256670900947356702
-0.00055978680718562823108
0.00039567565920503303957
-0.00029434796685404108979
0.00022526721742598048464
-0.00017493589173083064045
0.00013649740085098234365
-0.00010611750172993041939
0.000081500534422382604692
-0.000061206251436111732496
0.000044308632258505938451
-0.000030218203871748021572
0.0000185945899716739341
-9.328212350205382145e-6
2.6427837531817331634e-6
0.0010128617641756850985
0.0023582715106726476233
0.0036912169090871813269
0.0050297482777921419698
0.0063305664680594374986
0.0076486660806804607264
0.0089004833261029532561
0.010186392429540731908
0.011373318326000475515
0.012615522426298592853
0.013722420897979151557
0.01490990490550906359
0.015922421227991784996
0.017044892969016424606
0.017949511017862454365
0.018997602371128091712
0.019781700879955315863
0.020747159574812127106
0.02139905229886833282
0.022274934440092347715
0.022783881289909970824
0.023564755899360884471
0.023920929394589335506
0.024603111493748200194
0.024797495456219230876
0.025379335228419181646
0.025403517448311395961
0.025885794848821967859
0.025731584731263769699
0.026118103655207510605
0.025776840614810571162
0.026075414704324115275
0.025536683746295771901
0.025760940395790759854
0.025010033607361955372
0.025183092797600108407
0.02419546452722437332
0.024358527293899019291
0.023085703030342165171
0.023322348318208366816
0.021646385811953771978
0.022177060923363736093
0.019679782438515149205
0.021614870591293175096
0.0094722168923108610077
-0.0016095813425204564656
0.00082406626578474248696
-0.00052513131559252706102
0.00036827950907408838809
-0.00027143072337310244514
0.00020540938136932623777
-0.00015732518149649893156
0.0001206359595040425113
-0.000091690801335035596591
0.00006831410861865729043
-0.000049156070902755235827
0.000033372722740112459848
-0.000020468846487729447389
0.000010246266040640497657
-2.8994815165357710511e-6
0.0010139250395999654528
0.0023545466545217292106
0.0036985404814044131405
0.0050180862775268835806
0.0063472030789511582248
0.0076264838213728769864
0.008928737773313798191
0.010151570848681192128
0.011415179331655893355
0.01256616564816077677
0.013779719249662152173
0.014844225109762878611
0.015996920585056243623
0.016961133707748376152
0.018042976718687699954
0.018893973388208445172
0.019895964708945901343
0.020621769743417038008
0.021536084383762497841
0.022125712416670355579
0.022945879797497863963
0.023389346671893131484
0.024110441905472454526
0.024398731830777707694
0.025017593469754637285
0.025142560306026536959
0.025658060550512052938
0.025612227065150310593
0.026025641234849343287
0.025801830955113164783
0.026117395569861819861
0.025708069888246487778
0.025933911759234628018
0.025329943154121912675
0.025479784544874123685
0.024668038149704431639
0.024764681303526179849
0.023722741295075576548
0.023806213685855684824
0.02248899509709895122
0.022639606929867257731
0.020936113888614319737
0.021364142586833221236
0.018878432129347977293
0.020638707629824214581
0.0089987245127711257666
-0.0015204190734177121687
0.00077332016912771167531
-0.00048902505232739915508
0.00033984607086414017767
-0.00024773065701791011498
0.00018494446595135236127
-0.00013924164268309204736
0.00010441589542535979605
-0.000077015502248999622766
0.000055000669307145120634
-0.000037132772495771108285
0.000022684373634975635807
-0.000011325478449597925358
3.2003331796056452757e-6
0.0010129115451361848818
0.0023580969725505112869
0.0036915605929413398726
0.0050291997990363763605
0.0063313511649313036347
0.0076476160579668107404
0.0089018265502651049583
0.010184728630903551645
0.011375330126725026692
0.0126131346704818608
0.013725213519628880543
0.01490667712477330906
0.01592611628387309535
0.01704069622339959465
0.017954246696976592518
0.018992287078979118924
0.019787640607382035183
0.020740545610346101469
0.021406396285368684226
0.022266797445287703604
0.022792882974770373293
0.023554807294988211944
0.023931920015735005641
0.024590967953310418658
0.024810922384803017865
0.025364470002922432681
0.025420006716551191508
0.025867456439077170617
0.025752048246937333098
0.026095172370812151196
0.025802671222307479111
0.026046132543926358042
0.025570137005207641049
0.025722358802429235627
0.025055048124171071499
0.025129815963499486561
0.024259658174160400667
0.024279400794090881779
0.023186164480095744338
0.023189633869959664723
0.021831739051940577819
0.021895766345087803381
0.02016945658196526162
0.020493588518174709948
0.01802621721850213597
0.019606892096818766482
0.0085009731812366057087
-0.001427143761196484409
0.0007204613202715564373
-0.00045155993611752924367
0.00031044578076479032999
-0.00022330593761280177419
0.00016392464266696985365
-0.00012073753782221672944
0.000087897411959344376422
-0.000062171813125815589196
0.000041681132913229469443
-0.000025337141525595728076
0.000012608946010867897214
-3.5568143277886794338e-6
0.0010138762163944966311
0.0023547178105054396953
0.0036982035430544810197
0.0050186237928367585786
0.0063464344406014541455
0.0076275117341126558556
0.0089274237881152292132
0.01015319704336414877
0.011413214931481048923
0.012568494539952429059
0.013776998901978887604
0.014847364929566223006
0.015993331844496416717
0.016965202654525097382
0.018038393998747972872
0.018899106231638833882
0.019890242030053493385
0.020628126008731498513
0.021529045937688358077
0.022133487447949747807
0.022937306791975594666
0.023398787466865951724
0.024100053292378839776
0.024410160742685655484
0.025005016492874807017
0.025156412025934522443
0.025642783800845480607
0.025629108901562063011
0.026006936287260620767
0.025822626080290590234
0.026094178939311368284
0.025734124931158807645
0.02590448531097289899
0.025363434817635622765
0.025441305601310701003
0.024712759690920099684
0.024711958838892011105
0.023786013032373638578
0.023728542056734995713
0.022587196889968481783
0.022510435081947135756
0.021115720168539784824
0.021092820140852291678
0.019348490403281024349
0.01956773801560739832
0.017125440327134686315
0.018522202945702894471
0.0079803047548240822374
-0.0013300042258466923862
0.0006656271678271922604
-0.00041283007010492917242
0.00028015030526491996245
-0.00019821625246147109806
0.00014240564794934509533
-0.00010187374733576706253
0.000071159922534875395603
-0.000047280584166843956732
0.00002856151632276966193
-0.000014155906016361111461
3.9845365282693309635e-6
0.0010129596977218890575
0.0023579281898121365339
0.0036918927801138939169
0.0050286700464983245415
0.006332108357997874951
0.0076466040246866488403
0.0089031193562106851004
0.010183129925009892014
0.011377259544302953177
0.012610849646532087654
0.013727879479145193641
0.014903604134052199203
0.015929623499381052394
0.017036726145195717128
0.017958710095223287235
0.018987297666142217303
0.019793191442186674299
0.020734394682227642906
0.02141318989007318361
0.022259313897535321505
0.022801109343405630614
0.023545778487791651065
0.023941819004514564561
0.024580121196835378257
0.024822806489162382237
0.025351444254817788833
0.02543429660157309017
0.025851757219908042941
0.02576933061018723301
0.026076096585399138556
0.025823797781404770442
0.026022636222585998241
0.025596404097624651903
0.025692808764384464575
0.025088547146509873142
0.025091483737329825107
0.024304026051184812866
0.024227314994394673925
0.02324840325443036124
0.023113567625175346929
0.021927474318813254398
0.021770428889612317715
0.020342886228000166851
0.020232917606580180417
0.018475441345874058989
0.018589077020881204403
0.01617853668445220778
0.017387560801734615141
0.0074381228751972363102
-0.0012292588435592902248
0.00060895889205398075898
-0.00037293099794743908324
0.00024903215516709437851
-0.00017252346747541123968
0.00012044993851934599535
-0.000082728433192142956004
0.00005432273697510190038
-0.0000325512778557933116
0.000016049867903929841774
-4.5052293302920054925e-6
0.0010138284313285809541
0.0023548852843623230936
0.0036978740053008448816
0.0050191491505390802173
0.0063456838482315454773
0.0076285144146222949097
0.008926143743719108297
0.010154778788220658349
0.01141130762347461272
0.01257075117190858791
0.013774368965423352607
0.014850392668876879715
0.015989880995296205831
0.016969103028819027061
0.018034016257388678324
0.018903990958710186193
0.019884818528562935102
0.020634122694126758495
0.021522438513682153666
0.022140746928695685551
0.022929349435911421911
0.023407493905053318483
0.02409054009725013859
0.024420546163412836884
0.024993683940552921569
0.025168778110526630721
0.025629283686683838925
0.025643860966000348461
0.025990792624752225937
0.025840328354400499958
0.026074716183202023456
0.025755595002287069591
0.02588070226269200679
0.025389914725549701303
0.025411639028354938413
0.024746249204522621025
0.024673802620865030581
0.023829982027437674694
0.023677158905449713461
0.022648309035822297356
0.022436105883254112064
0.021208803028996320911
0.020971584507203540397
0.019515343948265930981
0.019318356431267616344
0.01755268019854863677
0.017560230360657050376
0.015188068314245725456
0.016206019700280697434
0.0068758891874811979088
-0.0011251744672432678182
0.00055060035764508625511
-0.0003319587900877813962
0.00021716453743953484926
-0.00014629373384925200253
0.000098134327839451966516
-0.000063417539605902882916
0.000037596029486342871943
-0.000018412123220502671623
5.1499523435209699788e-6
0.0010130074449518237376
0.0023577608677428694655
0.0036922219511053010726
0.0050281454309523212643
0.0063328575941493860273
0.0076456036477307756903
0.0089043957056523829802
0.010181553838437313418
0.011379158512198718232
0.012608604922595728913
0.013730492862068433543
0.014900598891162164552
0.015933044360117797666
0.017032865091240331457
0.01796303700816224367
0.018982477843006500424
0.019798532939434746988
0.020728500663780950301
0.021419669786390858411
0.022252211759448071417
0.022808873682076119099
0.023537307693415096338
0.023951045651328613087
0.024570083130963472174
0.024833718973050853055
0.025339585357131157491
0.025447184863261671712
0.025837743215085146438
0.025784583328150625785
0.026059471505694172215
0.025841954901906987093
0.026002754247115455703
0.025618246453949098751
0.025668714660477008969
0.025115258549056614647
0.025061689119900713233
0.024337508446727514952
0.024189344061870042312
0.02329194901024411823
0.023062931255383148578
0.021987389240999734048
0.021697943723170703368
0.020433157758554572591
0.020116020727624213848
0.018635355896379805532
0.018351574148882511034
0.01658271821340046099
0.016483953001524899039
0.014156718323929742387
0.014980758233030791994
0.0062951194053803120949
-0.0010180250982247617957
0.00049069670612639888388
-0.00029000896371977841484
0.00018462204333417633516
-0.00011960341814129778893
0.000075569349042433958143
-0.000044147933803417368755
0.00002142525061323721668
-5.9645117719294772924e-6
0.0010137803511155873807
0.0023550537554881565246
0.0036975426370461936637
0.0050196771217114040717
0.0063449300944495019536
0.0076295203669673165041
0.0089248609805054019618
0.010156361781849257531
0.011409401739344150307
0.01257300218219975355
0.013771750738917875399
0.014853400303567922129
0.01598646142598750115
0.016972957623039208576
0.018029702748307630965
0.018908788322965112535
0.019879511044467510454
0.020639968193235635013
0.021516025125566304663
0.022147760460857557438
0.0229217006532483508
0.023415816452241859579
0.024081501199776120953
0.024430348869271925621
0.024983064122028526405
0.025180275387467624495
0.025616840083457356808
0.025657330137232367416
0.025976205930662827955
0.025856140226489937219
0.026057551918714502359
0.02577426348126791901
0.025860346443082586876
0.025412181334292838454
0.02538718550725194859
0.024773235677316498081
0.024643842658357763546
0.023863486422220376383
0.023639354816003367628
0.022691435993394447419
0.022386230418305226975
0.021267481570057269624
0.020901017124589834251
0.019602680916204069895
0.019205995843250524138
0.017705338525201677303
0.017335137766489748277
0.015568203682238140058
0.015363119885290702932
0.013087285651389818232
0.013715069945487550653
0.0056973792359994549659
-0.0009080901416469040314
0.00042939237590453770936
-0.00024717541889019130671
0.00015148401174318550497
-0.000092555876648491991637
0.000052952901365510377327
-0.000025376357141716907634
7.0190344648969454654e-6
0.0010130562911509000599
0.0023575897291991950563
0.0036925585071572811057
0.0050276093299019213272
0.0063336226993164243779
0.0076445829697920099709
0.0089056965972096753803
0.010179949413093586647
0.011381088896304261226
0.012606326725972391806
0.013733140418457482454
0.014897560504051326668
0.015936495184288944641
0.017028979883878413385
0.017967379090559788969
0.018977655633040646058
0.01980385952132386913
0.020722644219218494031
0.021426083116733757534
0.022245212661388191811
0.022816489666443896737
0.023529041025092146227
0.023960000003735875108
0.024560400266639994235
0.024844175758423063776
0.025328303743877993424
0.025459348833222373051
0.025824631345653140338
0.025798718393463042967
0.026044225998206060661
0.025858412850163231921
0.025984963489785470663
0.025637513486816583884
0.025647798521154011079
0.02513803442141195377
0.025036793555618756554
0.024364849080011033165
0.024159144654877669346
0.023325542645732258896
0.02302523606318576152
0.022030142800424599072
0.021648800754481935206
0.020490605057949227851
0.020047398484472702109
0.018719684177509601758
0.018243894370461890206
0.016727862531316667602
0.016271730463896224517
0.014511920476497657166
0.014200713479556196892
0.011982680956729056702
0.012412352650891890401
0.0050842801823643216938
-0.0007956519161432437719
0.00036682822243553167103
-0.00020355030830579478278
0.00011784663393293363123
-0.000065332566017399276364
0.000030742318976310446973
-8.4258781694116266497e-6
0.0010137302115332315518
0.0023552294101776388838
0.0036971972542358006163
0.0050202271568401679273
0.0063441453397807280826
0.0076305668649251251788
0.0089235277824385193854
0.010158005180906389441
0.011407425670842442785
0.012575332674067170976
0.013769044529060363123
0.014856503284291422123
0.015982940667557334451
0.016976917304817969698
0.018025282676510612491
0.018913690758925345627
0.019874103565874260071
0.020645904310588483034
0.021509535619437454422
0.02215482952596349184
0.022914024134098600167
0.023424130398408469216
0.02407251736209246209
0.024440038043936237539
0.024972630599439877242
0.025191496538665311801
0.025604782897279691832
0.025670277939903953833
0.025962305456475318749
0.025871064522228787842
0.026041521511021584966
0.02579149603933257835
0.025841798585214706181
0.025432179144180791025
0.025365575775928151927
0.024796654431827246695
0.02461837196452323471
0.023891312663037210705
0.023608787566885679951
0.022725242399029450507
0.022348527844676358653
0.021309967578366598971
0.020852515584617021652
0.019658967140675996845
0.019139278423766531376
0.01778665483729893926
0.017232208228801539479
0.015705657904804504892
0.015164133102974758286
0.013416790694729061792
0.012999807221441503157
0.010845925092693984335
0.011076095917749109541
0.0044574752535519300651
-0.0006809917356125484736
0.0003031373669540379481
-0.00015922881018236207792
0.000083866369775326773305
-0.000038373280597458778181
0.000010375559443494019764
0.0010131083983643311421
0.0023574071955186163663
0.003692917365343245946
0.0050270379514390317472
0.0063344376861926649274
0.0076434965198448149485
0.008907080135706063654
0.010178244765845631859
0.011383137495438164036
0.012603912191642554691
0.013735942262044264781
0.014894350376923741146
0.015940134353869468449
0.017024890958090404801
0.017971938605154138036
0.018972604414048479013
0.019809424013110917253
0.020716544252753956128
0.021432741590072952296
0.022237971599982691967
0.022824338693087352323
0.023520557077196467872
0.023969147735599732614
0.024550557597328744968
0.024854747263678679728
0.025316966217015177389
0.025471493507224527613
0.025811633666512661755
0.025812620639101364427
0.02602936072133092513
0.025874308023601143999
0.025967961267207604419
0.025655712601220550608
0.02562829688650396495
0.025158964028693749443
0.025014285358976075623
0.024389118816744037857
0.024132888305429132695
0.023354066416849280802
0.022994088985281174948
0.02206437228404806941
0.021610884477767572511
0.020533022746605612069
0.019999350493272873428
0.018774979850426072334
0.018178937364137451031
0.016806271809414642616
0.0161735074082383123
0.014641628712374175761
0.014015195624014246789
0.012285886122596331279
0.011763540733974569512
0.0096801534169954969727
0.0097098649699776541281
0.0038186546491961998267
-0.00056438307199205071813
0.00023844022911082551228
-0.00011433685527416738618
0.00004993649745093287671
-0.000013215482305248905241
0.0010136752236302288299
0.0023554220219080445517
0.0036968186293201562054
0.0050208299005929410273
0.0063432858168048780672
0.0076317123504117790092
0.0089220695780330067842
0.010159801082149733843
0.011405268432178959817
0.012577873876428854011
0.013766097499671675943
0.014859877447414688033
0.015979118442757863699
0.016981208300899158029
0.018020502266961444736
0.018918981304214268779
0.019868281933311541633
0.020652278366655068193
0.021502587252792580713
0.022162374822597570584
0.022905858353817735813
0.023432941378368158887
0.024063035042860580319
0.024450219568106130206
0.024961719924587229957
0.025203168808230741164
0.025592313592207431602
0.025683583317361116198
0.025948120646896704286
0.025886177335562198737
0.026025425813063976027
0.025808637179254024371
0.025823540048967609604
0.025451638616486286008
0.025344817426977384875
0.024818827666699005679
0.024594644921831527493
0.02391676184221051887
0.023581409662749102417
0.022754806172368922516
0.022316453062255144891
0.021344971837383912301
0.02081403224037906848
0.019701668576821565313
0.019091337350217319161
0.017841295256140944462
0.017168696315466145119
0.015781442318809825413
0.015070388729185912055
0.013538889306201252778
0.012827786661190867105
0.011122459834914511865
0.010495076600503206392
0.008488634189489495815
0.0083172764042767321078
0.0031695416192039900329
-0.00044607840835137130602
0.00017284649705514519718
-0.000069179549196950579442
0.00001764367323882274092
0.0010131675958281609087
0.0023571998505400904734
0.0036933249094216922094
0.0050263892688546794542
0.0063353625340599877134
0.0076422642824221493058
0.008908648306385134907
0.010176314109762346783
0.011385455662825151031
0.012601182676028117923
0.013739106032811205575
0.014890730164985594368
0.015944232648807245954
0.017020293326642494904
0.017977056581428192113
0.018966945193388855049
0.01981564540357677033
0.020709739604205110824
0.021440150891103132775
0.022229935792548416962
0.02283302348798819343
0.023511200000291036111
0.023979201412759218724
0.024539781737692739898
0.024866272429681121075
0.025304662754846714379
0.025484606503436801368
0.025797677195823386736
0.025827457772429040082
0.026013601829842990302
0.025891034481270538608
0.025950215731176578497
0.025674535664942731996
0.02560832936014270953
0.025180153403839101228
0.024991783773731371252
0.024413039230394633652
0.024107421862058973679
0.023381232463245752215
0.022965035513476731884
0.022095546172592575581
0.021577296553700094309
0.020569401362045296097
0.019959688111440114597
0.018818586810139784877
0.018130475425500995872
0.016860885132711397555
0.016110820536584208217
0.014715387071928781069
0.013925373594959379194
0.012400852249638050616
0.011604690466500588326
0.0099300286322515088626
0.0091975101255916540161
0.0072748248166699990631
0.0069019520253367389362
0.0025118892955719960895
-0.00032628258084281356671
0.00010653217523114352917
-0.000025268545947294638471
0.0010136096847755048043
0.0023556515673590389544
0.0036963674879864057177
0.005021547887244957458
0.0063422623270955848937
0.0076330757375452133426
0.0089203349281513897285
0.010161936085835729127
0.011402705751317359556
0.012580890154247085845
0.013762602832259847627
0.014863874389925476415
0.015974596064077201618
0.016986278710232273642
0.018014861657478948928
0.018925213990010005569
0.019861435461785011993
0.020659760292144370556
0.02149444811818761122
0.022171193142419482046
0.022896338508386751355
0.023443185610351762251
0.024052042869651279959
0.024461984125638223114
0.024949157429565689677
0.025216556159135600819
0.025578072805071172636
0.025698708131363514481
0.025932078792511568482
0.025903172159732586503
0.026007438579583672172
0.025827660494308965694
0.025803431860539736706
0.025472886688330043667
0.025322366868335930141
0.024842552648535018605
0.024569562020738260265
0.023943300604393195493
0.023553298859134231795
0.022784628496512077553
0.022284749574275230548
0.021378765787092123362
0.020777885479328011361
0.019740502917704543538
0.019049379473116831583
0.017886957912933022019
0.017118532217381650063
0.015837236450020150512
0.015007299964072137496
0.013611854942971810215
0.01274066863677677022
0.011231459110174160094
0.010348355853115789568
0.0087126036870235934768
0.0078736378672607005324
0.0060425477746584687367
0.0054674015175473486307
0.0018474827908363638829
-0.00020511271320547327927
0.000040668386129845712162
0.001013243437943107111
0.0023569342283196674673
0.0036938469204542725701
0.0050255585733707147814
0.0063365465409159341628
0.0076406873186004499941
0.0089106543129162147957
0.010173845668310227877
0.011388417816553530989
0.012597697234366210393
0.013743142947274611881
0.014886114739065003413
0.01594945267877273915
0.017014443376232647635
0.017983561141772749987
0.01895976182491646323
0.019823531414253252269
0.020701127358441707623
0.021449512845836786593
0.022219800649329085782
0.022843955434931379636
0.023499447360062512284
0.023991799060507144423
0.024526314177835502699
0.024880635581715296148
0.025289377345703828528
0.02550084205893037929
0.025780462103842365069
0.02584568361442434619
0.025994331821501499293
0.02591138472540707237
0.02592874598952538372
0.025697168009390219861
0.025584486670041434428
0.025205259797394959127
0.024965353488604259729
0.024440861953395923848
0.024078127853326230303
0.023412089410631305495
0.022932507899205525558
0.022129872594903852086
0.021541016917763856059
0.020607822925630657407
0.019918890303236165582
0.018862057025692101085
0.018083950787470407171
0.016910968679861691522
0.016056493165908717606
0.014774919435116070583
0.01385923177961973689
0.012475762052710784121
0.01151747183135152944
0.010035896226911422129
0.0090601300113928714671
0.007475458107162482392
0.0065251897743445683308
0.0047966516097596875971
0.0040165984472961772253
0.0011781824817383921602
-0.00008301698247402961643
0.0010135139042484348887
0.0023559870114331386594
0.003695708290667696593
0.0050225968223294757788
0.0063407673903509283795
0.0076350666069993676373
0.0089178027386491957653
0.010165051526866791217
0.011398967858907369901
0.012585287480919055669
0.013757510920575003105
0.01486969450543510969
0.015968015414852739414
0.016993651137658079114
0.018006667116793488209
0.018934260226481377058
0.019851508555450819699
0.020670596370095448621
0.021482674707063670652
0.022183931839589699787
0.022882606646999221351
0.023457938578811588539
0.024036240638823837724
0.024478864145822847042
0.024931170547156551345
0.025235679715517187712
0.025557781807742061554
0.025720198536906736724
0.025909355530919725965
0.025927163529226809368
0.025982141669798047532
0.025854302999319652778
0.025775400559526159246
0.025502353756861670194
0.02529141253715209008
0.024875051176717019383
0.024535455797443888104
0.023979085980642667379
0.023515753159478488714
0.022824027631399765429
0.022243389077947696795
0.021422214145467673889
0.020732199179444548768
0.019788607604823948494
0.018998636183702944121
0.017940613133363551181
0.017061619156349539598
0.015897855161853411475
0.014942380053633811177
0.013681894237353842228
0.012664340038453603588
0.011315836298987883637
0.010253105998075303369
0.0088236765257550510157
0.0077369048478983580276
0.0062287180787288435877
0.0051490428801938501317
0.0035466851399547362842
0.0025493955078780680236
0.00050670299221843962411
0.0010134059844368792482
0.0023563649634767843204
0.0036949655816727277658
0.0050237785911439921789
0.0063390832384079800657
0.0076373092983923996534
0.0089149505071038601302
0.010168560364728643388
0.011394758471998909932
0.01259023881076062419
0.013751778374962395818
0.01487624575039447262
0.015960609509648164475
0.017001946362473211417
0.017997449025542251533
0.018944433784621722015
0.019840347726190399735
0.020682775617792377807
0.021469446417967820977
0.022198239397893556664
0.022867189858057243324
0.023474494424456102424
0.024018515909985590482
0.024497787727878417695
0.024911017845275090506
0.025257092266254687299
0.025535078034927813702
0.025744225750490466998
0.025883971587455093772
0.025953938815610319866
0.025953938815610319866
0.025883971587455093772
0.025744225750490466998
0.025535078034927813702
0.025257092266254687299
0.024911017845275090506
0.024497787727878417695
0.024018515909985590482
0.023474494424456102424
0.022867189858057243324
0.022198239397893556664
0.021469446417967820977
0.020682775617792377807
0.019840347726190399735
0.018944433784621722015
0.017997449025542251533
0.017001946362473211417
0.015960609509648164475
0.01487624575039447262
0.013751778374962395818
0.01259023881076062419
0.011394758471998909932
0.010168560364728643388
0.0089149505071038601302
0.0076373092983923996534
0.0063390832384079800657
0.0050237785911439921789
0.0036949655816727277658
0.0023563649634767843204
0.0010134059844368792482
0.00039493838628198898289
0.0020797374405809130616
0.0051060523888891413164
0.0094663991237009071907
0.015149105617473633139
0.022138872080001946301
0.030416861941788375252
0.039960761911186223572
0.050744844594977029031
0.062740038676550842435
0.075914007607035183755
0.090231236918927120316
0.10565313003386797272
0.12213811234670715657
0.13964174332213480028
0.15811683630932228139
0.17751358575526146609
0.19777970147574481828
0.21886054962302773041
0.24069929997071512629
0.26323707911914644445
0.28641312920846080535
0.31016497171160101142
0.33442857586577590287
0.35913853128836915415
0.38422822431198533099
0.40963001756328729138
0.43527543230152749843
0.46109533302523171529
0.48702011384937610071
0.51297988615062389929
0.53890466697476828471
0.56472456769847250157
0.59036998243671270862
0.61577177568801466901
0.64086146871163084585
0.66557142413422409713
0.68983502828839898858
0.71358687079153919465
0.73676292088085355555
0.75930070002928487371
0.78113945037697226959
0.80222029852425518172
0.82248641424473853391
0.84188316369067771861
0.86035825667786519972
0.87786188765329284343
0.89434686996613202728
0.90976876308107287968
0.92408599239296481625
0.93725996132344915756
0.94925515540502297097
0.96003923808881377643
0.96958313805821162475
0.9778611279199980537
0.98485089438252636686
0.99053360087629909281
0.99489394761111085868
0.99792026255941908694
0.99960506161371801102