0.00075681974723072626937
-0.00028815335078463593716
0.00022112933851878977282
-0.00018653447926108787201
0.00016403453683056408709
-0.00014767727607383659375
0.00013495414390608624317
-0.00012459085701351558202
0.00011586023040454468946
-0.00010831262627849240756
0.00010165316853312423573
-0.000095679570598038830468
0.000090248053607680768052
-0.000085253467185177296975
0.000080617100034628196174
-0.000076278891354229132344
0.000072192279073680188673
-0.000068320690306064891446
0.000064635088995632478273
-0.000061112223956884551629
0.000057733352737012345786
-0.000054483296015560484445
0.000051349726235530931954
-0.000048322625236782687761
0.000045393865855929268246
-0.000042556885864896237257
0.000039806431701025829641
-0.000037138355706630287308
0.00003454945499614975728
-0.000032037343215990679895
0.000029600348757516307748
-0.000027237434698072523008
0.000024948137066284592527
-0.000022732519092936355676
0.00002059114002502159494
-0.000018525037943490464724
0.000016535726935188515501
-0.000014625210053459756286
0.000012796010947791727281
-0.000011051229162817505499
9.394627464690445334e-6
-7.8307652408475358758e-6
6.3652023083230493145e-6
-5.0048174629028365471e-6
3.758328444409285863e-6
-2.6372000455794392396e-6
1.6574018325353913604e-6
-8.4342263858547617546e-7
2.4082942995971253719e-7
0.0016376349792797904528
0.0017587748975216128684
-0.00047964856456226516573
0.00033822138584949219465
-0.00027660865586783824819
0.00023998876502621632732
-0.00021465762652163535116
0.00019550186940974261451
-0.00018014834246688045105
0.00016733040152656037728
-0.00015630296133101344892
0.00014659540619243965
-0.0001378939912971382091
0.00012998056937865876065
-0.00012269831123437355828
0.00011593139603060855113
-0.00010959239709615290552
0.00010361413214771512561
-0.000097944218934964572219
0.00009254133253582879604
-0.000087372567924537065182
0.000082411540880467106698
-0.000077636994478083551482
0.000073031759491357778085
-0.000068581967514260216004
0.000064276447841212562774
-0.000060106260243492876577
0.000056064329878669178715
-0.000052145160191694354986
0.000048344606363206998127
-0.000044659696618864398971
0.00004108849217415334116
-0.000037629979181011805999
0.000034283988064521288863
-0.000031051137311718245149
0.000027932800283327445367
-0.000024931095140337180257
0.000022048899719749139838
-0.000019289895452787983385
0.000016658647673006049119
-0.00001416073476646868124
0.000011802947222211351633
-9.5935931737230662243e-6
7.5429771798660638647e-6
-5.6641828241089770123e-6
3.9744405098856653253e-6
-2.4977758911037741827e-6
1.2710595893933911523e-6
-3.6293382913437234501e-7
0.0014528965970860611365
0.0038237391507536551395
0.0027551377578983951244
-0.00066061276432784931394
0.00044073956728048864702
-0.00035042353678419061727
0.00029918537245299006518
-0.000264959933076397619
0.00023973320486415829031
-0.00021988629519151139288
0.0002035380992933746787
-0.00018960905379713634095
0.00017743241534590033739
-0.00016657252897590845438
0.00015673182613160839185
-0.0001476997062766653287
0.00013932276323112416369
-0.00013148659109373619713
0.0001241042079994579335
-0.00011710843255211045406
0.00011044671215224229809
-0.0001040775230649014302
0.000097967807477097447485
-0.000092091112421215070104
0.000086426214718953008961
-0.000080956089512427874978
0.000075667126350176121968
-0.000070548526841892545874
0.000065591837790825911055
-0.000060790587168305109666
0.000056139999588448021972
-0.000051636774505565903262
0.000047278915117943119017
-0.000043065599537972954367
0.000038997088614084130212
-0.000035074667195377081223
0.000031300617904666376514
-0.000027678228936421047328
0.00002421184042353458995
-0.000020906938142190015439
0.000017770309834875206516
-0.000014810290308823607037
0.000012037141015219697615
-9.4636476966854172541e-6
7.1060998063381984787e-6
-4.9860046132775388782e-6
3.1334083763585585278e-6
-1.5944848943810972739e-6
4.5527830046363725042e-7
0.0015513808685897196307
0.003358520381601115126
0.0059968579351438210174
0.0037405362339061627574
-0.0008365922231753026981
0.0005374880676473660526
-0.00041778974024113655892
0.00035152227025836266792
-0.00030819770069173162416
0.00027683592675907563448
-0.00025252499674198719109
0.00023273753456097563659
-0.00021603844869749483538
0.00020155092705021549986
-0.00018870811522382168648
0.00017712678909714190195
-0.00016653836542049411797
0.00015674899342003682169
-0.00014761534072059332047
0.00013902929867732500376
-0.00013090798380941465671
0.00012318700452587071924
-0.00011581580802632370996
0.00010875439105996447996
-0.00010197092802750957036
0.000095440030407880286612
-0.000089141449820687747307
0.000083059098896299617671
-0.000077180303994799875488
0.000071495230094760940074
-0.0000659964358718578472
0.000060678529170608590206
-0.000055537901663666161823
0.00005057252773516260233
-0.000045781817352623967939
0.00004116651650283171154
-0.000036728652135888342651
0.000032471521938167830015
-0.000028399733168721881597
0.000024519300014270498569
-0.000020837816748144930407
0.000017364736877364378907
-0.000014111811488677998533
0.000011093784495341147527
-8.3295364613707055065e-6
5.8440905118273289161e-6
-3.6725027408038605431e-6
1.8687551097935084607e-6
-5.3358260609817178482e-7
0.0014872868645984292491
0.0036208193332291206668
0.0052525119270037973476
0.0081453413362784835814
0.0047108989632723646111
-0.0010082526924358736025
0.00063035245666697298503
-0.00048119081427139746795
0.00039976470198459627037
-0.0003472444132037198787
0.00030969472702203922338
-0.00028090582510296702901
0.00025769646213091732518
-0.00023826899978484698753
0.00022153084059644074997
-0.00020677948427238463123
0.00019354265649953677505
-0.00018149121745750836776
0.00017038892253920397576
-0.0001600620340687261043
0.00015038019088524174782
-0.00014124394681060896134
0.00013257641021204469536
-0.00012431748896291878478
0.00011641983861905405413
-0.0001088459526987210093
0.0001015660365166232756
-0.000094556429905010671867
0.000087798421947806829429
-0.000081277350898052893068
0.000074981915378150677971
-0.000068903645111084099366
0.000063036494672915373525
-0.000057376534526498601495
0.000051921721473517452125
-0.000046671736722171498793
0.000041627884805346123271
-0.000036793051274755023487
0.000032171722150665062831
-0.00002777007446917755222
0.000023596156464879937819
-0.000019660190773735722992
0.000015975060289549903893
-0.000012557086804322542646
9.4273190307910504019e-6
-6.6137977461008602974e-6
4.1559549547708923989e-6
-2.1146754884116547851e-6
6.0378649711733041002e-7
0.0015333779524937867122
0.0034430065553646556273
0.0056807830921849186354
0.0071260058956747017599
0.010260640133882455714
0.0056623003968616691247
-0.0011753711077098752144
0.00071978040033246580279
-0.00054142405080429562062
0.00044491099429260847946
-0.00038321294493479956001
0.00033948312536296678476
-0.00030622836533998435462
0.00027961801046186034974
-0.00025749259725755717479
0.00023854309073378970846
-0.00022193025975830672877
0.00020709164142199804176
-0.00019363649288050165558
0.00018128526696403990322
-0.00016983305356193749477
0.00015912660094141708638
-0.00014904937366998360822
0.00013951154727667315208
-0.00013044313533308973163
0.00012178916152322450014
-0.00011350620102441922398
0.00010555985991897345354
-0.000097922910729279490282
0.000090573895908601364774
-0.000083496071388544813022
0.000076676601929859922889
-0.000070105946700367410963
0.000063777391898529224478
-0.000057686700307693388154
0.000051831857339615308427
-0.000046212900754796100587
0.000040831827880514907048
-0.000035692580767858137928
0.000030801117512934464928
-0.000026165588691917789926
0.000021796654706263555316
-0.000017708009216286779654
0.000013917230022880821408
-0.000010447196909756133171
7.3285943817056245178e-6
-4.6047809669436644619e-6
2.3429344942348351162e-6
-6.6894096422531866819e-7
0.0014981429935658359496
0.0035748309211484477904
0.0053852096940616916727
0.0077181806836228372061
0.0089712487446856350258
0.012334371767588044888
0.0065909047317665042402
-0.0013374766786150262036
0.00080577886687965955286
-0.00059873440147201210096
0.00048734998526271830905
-0.00041658369194434785677
0.00036673992091918375054
-0.00032906755816934603785
0.00029909784970421157948
-0.00027431477029260473471
0.00025319530371612781786
-0.00023476457637327200024
0.00021837034207952433802
-0.0002035603189681679577
0.00019001155589248330815
-0.00017748779559527672758
0.0001658126961678581551
-0.00015485243353491018074
0.00014450406377430807884
-0.00013468753813796398057
0.00012534010129501044472
-0.00011641228434736419063
0.00010786498962876046555
-0.000099667338738682247461
0.000091795064720808250335
-0.000084229299677319938756
0.000076955655434862574231
-0.000069963526101325163733
0.000063245562969812291384
-0.000056797287722488110425
0.000050616821581839936167
-0.000044704717629193534888
0.000039063892375077620368
-0.000033699662331136788525
0.000028619903887991529519
-0.000023835373823809204888
0.000019360260330313353223
-0.000015213096182341074133
0.000011418295062517721512
-8.0088765272299128571e-6
5.0317798629886353832e-6
-2.5600386498769056594e-6
7.3090281199776083583e-7
0.0015262236642066504545
0.0034716609515902168694
0.0056077003024180054205
0.0073055904378270189043
0.0097243269582400547932
0.010780675992457186448
0.014358269533535695215
0.0074929711551459563377
-0.0014940181286983631047
0.00088818992054253254896
-0.00065314746910639306304
0.00052721798902359493828
-0.0004475661096960969715
0.00039172455667354117132
-0.00034971724792069964221
0.00031645321448647980279
-0.00028906813444118154216
0.00026582953639287578062
-0.00024562946670440478346
0.00022772737509607543556
-0.00021161030043479181185
0.00019691238399227132596
-0.00018336630105094993866
0.00017077276900033840381
-0.00015898074665389314899
0.00014787419648750053209
-0.000137363007923474101
0.0001273766348584125464
-0.00011785954905756871134
0.00010876793648369598585
-0.00010006726250798729832
0.000091730456765922036713
-0.000083736548718283529311
0.000076069637896050218593
-0.000068718118581882872035
0.00006167410361413888894
-0.000054933010131390454515
0.000048493284166772949323
-0.000042356253177082611019
0.000036526107863416144444
-0.000031010029517216848232
0.000025818500642511584873
-0.000020965872531202538984
0.000016471330802971548635
-0.000012360540353891756853
8.6685810124091930202e-6
-5.4456889250472191086e-6
2.7704266920794537481e-6
-7.9093828702800430863e-7
0.0015031569233153018766
0.0035554273122833042778
0.0054313145438653888771
0.0076188899260310728908
0.0091966597159616887849
0.011691098638633075946
0.012546914498882303395
0.016324234377325684804
0.0083648666979055435856
-0.0016444216818747487759
0.00096678831240952801227
-0.00070459181990193108751
0.00056453452962696582806
-0.00047624028883424791753
0.00041455970749412774523
-0.00036833080689021745099
0.00033185979274934223167
-0.00030194454114804026552
0.0002766491666150256789
-0.00025473627408005112978
0.00023537927692883834122
-0.00021800598576773951624
0.00020220858197405214012
-0.00018768930264903649199
0.00017422634831581987902
-0.00016165175018266404631
0.00014983657829964589524
-0.00013868080365666591816
0.00012810619587408932405
-0.00011805125174593629893
0.0001084675140374875242
-0.000099316862499307039104
0.000090569498790179450487
-0.000082202436976366269444
0.000074198370695044713817
-0.000066544828429326028111
0.000059233556766352424903
-0.000052260092645929584231
0.0000456235027747718962
-0.000039326284394533329858
0.000033374439564076858284
-0.000027777759656458104337
0.000022550396410417008329
-0.000017711869009396412911
0.000013288808183332823762
-9.3180933297417807685e-6
5.8530103782618259417e-6
-2.9773988919587597958e-6
8.4998839072165074133e-7
0.0015225466355813372929
0.0034855717505083084238
0.0055761031537700024957
0.0073685541817819402185
0.0095995463872090450834
0.011050864214920477876
0.013610600835171815674
0.0142627951377345983
0.018224381687925365867
0.0092030802407501724549
-0.0017881157796304838801
0.0010413224484817151051
-0.00075295139478059066931
0.00059926190929244675415
-0.00050262048174075686373
0.00043529652059217292668
-0.00038498656495964128556
0.00034541633296634508117
-0.00031305820749002522423
0.00028578013454234263649
-0.0002622197601484174901
0.00024146734392927913867
-0.00022289338037706216226
0.00020604939248706863859
-0.00019060808504510391699
0.00017632578528696428406
-0.00016301806356547667018
0.00015054344382956734477
-0.00013879224285179540936
0.00012767875492119367305
-0.00011713567502939949272
0.00010711005496800737742
-0.000097560332143558989769
0.000088454125074242229643
-0.000079766588938860738813
0.000071479190412336598189
-0.000063578806089346267245
0.000056057081060587269971
-0.000048910009037825916773
0.000042137716956585595757
-0.000035744459254804869072
0.000029738855412611049542
-0.000024134448261543994087
0.000018950739899563823077
-0.000014215024926934807601
9.9657210123290942941e-6
-6.2589364833027420992e-6
3.1835875149939613103e-6
-9.0880316620064763159e-7
0.0015059494397767604524
0.0035450283264036358352
0.0054542217124097982065
0.0075754903582525485549
0.0092759656506907316645
0.011541495588529015165
0.012860737751299182368
0.015475136580603598399
0.015921370318267626707
0.020051080920532883172
0.010004236441593255342
-0.0019245435844378256716
0.0011115340115705581866
-0.00079809073883634275379
0.00063133430882109663331
-0.00052668663835947661236
0.00045394749711193506198
-0.00039972124120851819438
0.00035717805801357483867
-0.00032247871448518086177
0.00029330325170463396305
-0.00026816954062159866176
0.00024608807492159648713
-0.00022637432192632993752
0.00020854073657355737707
-0.00019223162367508239312
0.00017718226194800878895
-0.00016319237535828264294
0.00015010841082914659848
-0.00013781139926187441744
0.00012620845899959956168
-0.00011522673715814976292
0.00010480902130339263501
-0.000094910521252176846808
0.000085496488853392274095
-0.000076540452228385082919
0.000068022913288436586665
-0.000059930407426548363654
0.000052254861072454279286
-0.000044993212663338689776
0.000038147291023212984096
-0.000031723978651327724572
0.000025735736515151070743
-0.000020201653112336269568
0.000015149355316727982246
-0.000010618524619151530155
6.667870769402487136e-6
-3.3912217185439421121e-6
9.6801728223918730295e-7
0.0015203660577303452164
0.0034935994277382718055
0.0055588025721834435042
0.0074002035085498641139
0.0095447245899067995443
0.011146037307588057785
0.013436861536284402679
0.014618976300546389012
0.017277225902910295773
0.017515935047509281853
0.021796990642005055633
0.010765109245314899497
-0.0020531703261780783587
0.0011771684516492977108
-0.00083986834149183797508
0.00066067326703487367395
-0.00054840135561038389414
0.00047050436322234921413
-0.00041254831080692105005
0.0003671752061953844985
-0.00033024948371062822614
0.00029927243894374684617
-0.0002726479591371819834
0.00024931059236914817352
-0.00022852338773074480321
0.00020976156677868260637
-0.00019264235837842397093
0.00017688097156812858268
-0.0001622620251662699197
0.0001486204650034268804
-0.00013582849694045461406
0.00012378644525344218121
-0.00011241623930494039688
0.00010165670244926709649
-0.00009146010536730901051
0.000081789627542450178442
-0.000072617488301720389117
0.000063923587879947227071
-0.000055694554720579430368
0.000047923137917745344083
-0.000040607921261332947062
0.000033753375948141332565
-0.000027370324651630437491
0.000021476983646315410234
-0.000016100937125306452598
0.000011282830634780305007
-7.0837491637790524644e-6
3.6022905538040132195e-6
-1.0281965118628864241e-6
0.0015076912508677392315
0.0035386707741403652049
0.0054677024692919450999
0.0075514482706317543193
0.0093160746310360217614
0.011475607685340311217
0.012971304826398201269
0.015278000709520369942
0.016318481435529540817
0.019009634527376646898
0.019040049762479592284
0.023455090540524681288
0.011482634838898963386
-0.0021734882049046881474
0.0012379811598414303953
-0.00087814427357828796092
0.00068719651700012190849
-0.00056771959904006797791
0.00048494839555174065046
-0.00042346870170278859379
0.00037542391446957607834
-0.0003363987035954895782
0.00030372558609567582077
-0.00027570079762427416259
0.00025118714194830845868
-0.00022939813864856569503
0.00020977382339255954667
-0.00019190584010835645546
0.00017549044186742665767
-0.000160297995705491198
0.00014615261839086508846
-0.0001329182367542133702
0.00012048884131154837986
-0.00010878154917081822401
0.000097731595438335375944
-0.000087288680579022066535
0.000077414295733707179546
-0.000068079774864925953324
0.000059264908928234126063
-0.000050957020079500753375
0.000043150445289338243626
-0.000035846429513325661768
0.000029053492822098547785
-0.000022788439235005908712
0.000017078376359090975788
-0.000011964575732341128596
7.5102548713432698984e-6
-3.8186518090783926957e-6
1.0898687326510567382e-6
0.0015189481920997214951
0.0034987405147551295654
0.0055480353590432221739
0.0074190424150204688374
0.0095141517364464738179
0.011194331657988986796
0.013360258245277358753
0.014744441638517959649
0.017057502973888269511
0.017952393002851596322
0.020665403802911440676
0.020487563705937876819
0.025018711137622677725
0.012153923971957060069
-0.0022850200072799555088
0.0012937414233823397619
-0.00091278487236867467676
0.00071082334282604925135
-0.00058459459164500147998
0.00049725669766490487306
-0.00043247733067191287934
0.00038193290702156543445
-0.0003409460838027883264
0.0003066913033304368472
-0.00027736397078850740913
0.00025175968874996323769
-0.0002290455856667455367
0.00020862874830039548956
-0.00019007687564083760593
0.00017306849974101229087
-0.00015736069141762642286
0.00014276749990217743743
-0.00012914520074482323174
0.00011638198922269577826
-0.00010439065439830615817
0.000093103302582416619323
-0.000082467526287874928863
0.000072443622130566613897
-0.000063002597614236833607
0.000054124801704076204665
-0.000045799086824193436945
0.00003802247574252460971
-0.0000308003829269776372
0.000024147554901721420187
-0.000018090111197494600414
0.000012669558157335004446
-7.9509745295982024778e-6
4.0421108498912432211e-6
-1.153546341591480864e-6
0.0015088640321267950018
0.0035344403780738118196
0.0054764771027266591321
0.0075363209358469874585
0.009340114531104204612
0.011438718609549804631
0.013027513657315202218
0.015191042900397362203
0.016458313355444142314
0.018768211011666471701
0.019514117650548924407
0.022237879796521022922
0.021852638087368727702
0.026481561528197628299
0.012776273582536147669
-0.0023873219715818803525
0.0013442351502954721793
-0.00094366579423314574899
0.00073147799962452764462
-0.00059898154989277317706
0.00050740618105130913822
-0.00043956725935583971993
0.0003867077643439659023
-0.00034390718493288470549
0.00030819326841274797029
-0.00027766785628442857111
0.00025106420303716739303
-0.00022750641018648305861
0.0002063710241027945137
-0.00018720357447656734953
0.00016966621899877894403
-0.00015350378388231981172
0.00013852109890264909083
-0.00012456749816839800628
0.00011152600245479364513
-0.000099305644070906326574
0.000087835957440310528774
-0.000077063004287330698529
0.000066946522700055729101
-0.000057457936681843401725
0.000048579069323797810752
-0.000040301491435951012026
0.000032626530541014489945
-0.000025566095147835199185
0.000019144704618352109416
-0.000013403638044792890399
8.40952180576623143e-6
-4.2744827347776680031e-6
1.2197438704060596281e-6
0.0015179647063279992449
0.0035022733647666107832
0.0055407638368066019886
0.0074314328219902868663
0.0094947809407559399738
0.011223403172023018776
0.013317267502772400288
0.014808288662047239804
0.016960571568113460181
0.018106016967683712641
0.020403245305361599531
0.020997355284102558928
0.023720741004646043996
0.023129768556675571429
0.027837755272471774032
0.013347177677064742132
-0.0024799861644224035786
0.001389266860739379288
-0.00097067410844522191497
0.00074909199504926957356
-0.00061084014775145739095
0.00051537618071251807994
-0.00044473242470099036875
0.0003897537332035951234
-0.00034529627666765172187
0.00030825310639888845004
-0.00027664017405689083685
0.00024913352173626589902
-0.00022481779420638562182
0.00020304156322950501524
-0.0001833300905730755133
0.0001653306117382715768
-0.00014877685324199419202
0.00013346536075786159027
-0.00011923932344336046712
0.00010597729969148362563
-0.000093585238509609380537
0.000081990779913367804224
-0.000071139181509004274934
0.000060990452841759558515
-0.000051517440180020323555
0.000042704728769509526244
-0.000034548347702351232643
0.000027056412988222224531
-0.000020251102034964855724
0.000014172911832788400724
-8.8896441048722417454e-6
4.5176455317908889274e-6
-1.2889930568165837532e-6
0.0015096986972382937712
0.0035314522522000997326
0.0054825891292122392897
0.0075260037740390917255
0.0093560349641818238895
0.01141523879249348226
0.013061444091937771369
0.015142168974994839472
0.016529510129101027613
0.018661712704584248045
0.019680913191293004857
0.021956030437146731146
0.02239612407574181335
0.025108024512507825953
0.024313806681428916114
0.029081834464999947852
0.013864337418700897173
-0.0025626425049659276975
0.0014286612082813790178
-0.00099370979408572267146
0.00076360566684401796521
-0.0006201361934558824168
0.00052115022252473719844
-0.00044796947951632615833
0.00039107762117177034361
-0.00034512826808866893424
0.00030689233977179228924
-0.00027430794297544618521
0.0002459993010297514135
-0.00022101536112222385876
0.00019867943199689041878
-0.0001784985275977826022
0.00016010651583240059772
-0.00014322726247105063828
0.00012765005662272918648
-0.00011321283547806130643
0.000099790514696820775647
-0.000087286760305819254571
0.000075628152912436343112
-0.000064760077450245844897
0.00005464392285015208317
-0.000045255357340860501713
0.000036583601381316807206
-0.000028631799546973883871
0.000021418878409754275382
-0.000014983877501989289702
9.3953227089105158626e-6
-4.7735900230294488263e-6
1.3618568430767613426e-6
0.0015172488506861398894
0.003504828998753517281
0.0055355632448946933729
0.0074401441709955640911
0.0094814800751166561469
0.011242746677853191983
0.013289819135398338026
0.014846901483916042807
0.016906041084695283008
0.018184258529000597554
0.020287615548136351977
0.02117665522027445861
0.023420321111523870054
0.023704784168502567834
0.026394150527124555456
0.025399980212444153145
0.030208791957480050536
0.014325670382546868871
-0.0026349605092075640519
0.0014622641767446078131
-0.0010126868431848993549
0.00077496930301766918658
-0.00062684279700708831235
0.00052471724176441333005
-0.00044927905594060342244
0.00039068909566849823689
-0.00034342003249526376345
0.0003041337301231475054
-0.00027069883202541478041
0.00024169337162317222152
-0.00021613453182245544024
0.00019332320674425742019
-0.00017275029714295155691
0.00015403796062604938463
-0.00013690154013486037169
0.00012112419824983884176
-0.00010653962679040844
0.000093020052162165356699
-0.000080467823992925664371
0.00006880951495733665823
-0.000057991863101433422332
0.000047979162457402598304
-0.000038751923991841197465
0.000030306850705318440492
-0.000022658493574929287606
0.00001584360319076683334
-9.9308739722013078594e-6
5.0444695908231927606e-6
-1.438943371789618118e-6
0.0015103184236152612327
0.0035292449612842316505
0.0054870616665505314556
0.007518559641041091762
0.009367302195831557512
0.011399039265383159534
0.01308409563665808163
0.015110896798436707874
0.016572622709957456015
0.018601763537913948881
0.019765875533053004675
0.021831734647140194659
0.022587215175447121184
0.024790227220933655151
0.024918060052608091089
0.027573945228224422621
0.026383911978419748797
0.031214091689266335468
0.014729318940006816506
-0.0026966507939753270469
0.0014899440361633684405
-0.0010275340884016229198
0.0007831439498301034595
-0.00063094119360734886184
0.0005260724322445383627
-0.00044866664080053858132
0.00038860158228255114705
-0.00034019132434336222241
0.00030000220964857917166
-0.00026584210335542434006
0.00023624869193027736619
-0.00021021148864966805602
0.00018701195177999542841
-0.00016612711710552982314
0.00014716919638117965018
-0.0001298464570870065149
0.00011393718572913705708
-0.000099271976806704805977
0.000085721496689957469331
-0.00007318797432120109697
0.000061599338005533171654
-0.00005090534834643347318
0.000041075390443063323807
-0.000032097874999204053899
0.000023981572322375329826
-0.000016759909992636393462
0.000010501058007130228368
-5.3326534420303077466e-6
1.5209208623867619946e-6
0.0015167078232434094698
0.0035067521920013444608
0.0055316803977368297134
0.0074465722729487952971
0.0094718213570514688297
0.011256502415950814876
0.01327081550923081766
0.014872741209241452136
0.016871094902938073928
0.018231680102877639828
0.02022249879269725725
0.021267994067368264511
0.02328785471666375001
0.023906908755636378485
0.026060237619850443916
0.026031061538654736771
0.028642661881599932692
0.027261637285556681833
0.032093687070058225143
0.015073657738288004326
-0.0027474663625702343608
0.0015115921072142829441
-0.0010381958263428244666
0.00078810199578542029191
-0.00063242132428314695312
0.00052521783693834851181
-0.00044614318052669812948
0.00038483288454758534667
-0.00033546541322685335428
0.00029452552880239684615
-0.00025976927405338747406
0.00022970002607430952529
-0.00020328387406138364868
0.00017978594627165599112
-0.00015867177858669829824
0.00013954551869981856498
-0.00012210993390265217244
0.00010613983477862229308
-0.000091464052488111486066
0.000077953065339552856618
-0.00006551050856537491696
0.000054067501387333798378
-0.000043579199282652893505
0.000034023368160064703465
-0.000025401226081351131694
0.000017741579606230673392
-0.000011111201072768514156
5.640786170048007408e-6
-1.6085342002347927124e-6
0.0015107943497596676128
0.003527556025093310738
0.0054904611016721821022
0.0075129573726420383181
0.0093756683416537949614
0.011387218946084441742
0.013100262053320313423
0.015089188965108518856
0.016601526208117011173
0.01856329939621118742
0.019817405766416739604
0.021761715675270566201
0.022684565670522667862
0.024650114912248072906
0.025130418269807829158
0.027225242414639011721
0.027039303238800437379
0.029596000157366978945
0.028029619721770310142
0.032844037357159838803
0.015357300244798234074
-0.0027872036841292739246
0.0015271233640387337307
-0.0010446322804376838254
0.00078982758669030708291
-0.00063128223745024765519
0.00052216275046116701355
-0.00044172549089748521391
0.0003794056039798849151
-0.00032926951621771698142
0.0002877347032475608126
-0.00025251458125591026979
0.00022208443280232669171
-0.00019539131204098097613
0.00017168725110642679751
-0.00015042877709891570557
0.00013121399136304775104
-0.00011374189469744787447
0.000097785418652295796643
-0.000083173222337136068678
0.00006977731987922158524
-0.000057504781919334978935
0.000046292503187657936405
-0.000036104583972827948719
0.000026932435280801978204
-0.000018798598649149117524
0.000011767338401074906572
-5.9718568570318554224e-6
1.7026241188455024355e-6
0.0015162862470247146546
0.0035082460927060254219
0.0055286814464247923732
0.0074514953211282479177
0.0094645080816668487036
0.011266765465287547076
0.013256897551207342738
0.014891234759582304103
0.016846787044831162662
0.018263517920373088324
0.020180679926286109381
0.021323422231288084497
0.023213213551324991394
0.024009885787939240343
0.025913032045620666972
0.026252814087777961965
0.028280553639256716377
0.027938722468402928507
0.030430123595058122632
0.02868476528232971929
0.033462121971824176066
0.01557910433001431685
-0.0028157035732806578615
0.0015364768939754381056
-0.0010468199311311548156
0.00078831690696610614738
-0.00062753235252017487846
0.00051692397915512989778
-0.00043543652098306062974
0.00037234741261297357159
-0.00032163508316861514726
0.00027966431687377195889
-0.000244115309678900873
0.00021344162729050522459
-0.00018657581827237978633
0.00016276018771646818289
-0.000141444889175754227
0.00012222416269976882662
-0.00010479518423945210586
0.00008893087586641134543
-0.000074461689938843616193
0.000061263435343639363569
-0.00004924944717538105761
0.000038366238780513789801
-0.00002859251585805648386
0.000019942453840471750566
-0.000012476385416569577109
6.3292814495763549353e-6
-1.8041499936749511954e-6
0.001511170181328165797
0.0035262258950875371793
0.0054931251935115796796
0.0075085987327705780015
0.0093821139098553700426
0.011378225958496442122
0.013112369674347521973
0.015073243299235728317
0.016622259204374882909
0.018536499953611294009
0.019852042865409545257
0.021716713094837036325
0.022743670313017921623
0.024571146089326948758
0.02523861727117656714
0.027071522464504693739
0.027269574485925494157
0.029221924217540924297
0.028725695487068155469
0.031141675159057517391
0.029224434747298239445
0.033945452703807719837
0.015738176866298924869
-0.0028328518735769752686
0.0015396162258842364962
-0.0010447517313017705786
0.00078357835015380500636
-0.00062118961258504375769
0.000509525989166723182
-0.00042730550448516945134
0.00036369121370644797267
-0.00031259797307435088961
0.00027035272166256479012
-0.00023461202572059764342
0.00020381426464033539109
-0.00017688215464569608207
0.00015305179457821779949
-0.00013176977554875629754
0.00011262888051410235841
-0.000095326690786999980836
0.000079638385982986607406
-0.000065398747574039849128
0.000052490493258743542456
-0.000040837398929166542536
0.000030401700285527588699
-0.000021186496112597274911
0.00001324634731265823811
-6.7170030301620768738e-6
1.9142175001628508384e-6
0.0015159491951284843733
0.0035094376679447324623
0.0055262996200515331521
0.0074553807353308291763
0.0094587848955532489109
0.011274710531639016537
0.013246267310213169696
0.014905128533223267995
0.016828887631071590844
0.018286398969282025586
0.020151501794835717137
0.021360717634463685295
0.023165206276971248964
0.024072434803643057526
0.025830044090920542718
0.026365812179209071962
0.028120922414552843898
0.028176603838964842456
0.030045565129909198527
0.029397052006413045963
0.031727790831272833949
0.029646454252570156069
0.03429208375940922589
0.015833877324122937148
-0.002838579946518755262
0.0015365295345562160826
-0.001038437218630532163
0.00077563259379486421492
-0.00061228154426594148461
0.00050000096312424578886
-0.00041736802141472104744
0.00035347521595834047353
-0.00030219854957593051807
0.00025984216603377054727
-0.00022404875472677020028
0.00019324818890752124561
-0.0001663581828319174374
0.00014261233276076393916
-0.00012145670800840470863
0.00010248534312167310964
-0.000085398876982647902118
0.000069977622422472681007
-0.000056064141097711837606
0.00004355261844651195656
-0.000032383873843938621806
0.000022546397486729093981
-0.000014086579956488776901
7.1396159418737830657e-6
-2.0341127409222038226e-6
0.0015114741495046557375
0.0035251523167040498137
0.0054952673963189690466
0.0075051132008251094807
0.0093872304043545868155
0.011371154214890033845
0.013121780262608791418
0.015061024349703210208
0.016637876804304006272
0.018516724036512072237
0.019876976951037726706
0.021685273771704201206
0.022783476983605383363
0.024520321080436756337
0.025304368285797387074
0.026984837072307022872
0.027386931897118279693
0.029057006751643312829
0.028970249100325350896
0.030748160713546021582
0.029950087900777710135
0.032186111192695316521
0.029949124006505516605
0.034500619615388946698
0.01586582035119764943
-0.0028328649671430724031
0.0015272297260923331321
-0.0010279025326666828209
0.00076451258881875801294
-0.00060084523697001293064
0.00048838877968828211583
-0.00040566598654957508661
0.00034174294028351465241
-0.00029048171817753860822
0.00024817887927490826366
-0.00021247313652263619772
0.00018179269419254340856
-0.00015505528107440221222
0.00013149593214878397804
-0.00011056355501172732765
0.00009185659150708089935
-0.000075082039411297533047
0.000060029200924217062148
-0.000046553421166695595621
0.000034567522190142406756
-0.000024040733012783965867
0.000015008119477821202147
-7.6025216608240769911e-6
2.1653449567968012705e-6
0.0015156736072023747426
0.0035104101791013519537
0.0055243620957532790257
0.0074585260703255964208
0.009454181800388667844
0.011281048175276826293
0.013237873604630720318
0.014915964687869439994
0.016815132272793735073
0.0183036751383786718
0.020129929591194915393
0.021387606157869035055
0.023131627860629844209
0.024114599755006598893
0.025776595919799065538
0.026434513188095713717
0.028030873386977724863
0.028297865549135397269
0.02987600590142835406
0.029647314513451762863
0.031326882033862409633
0.030382576066233769486
0.0325147909512283819
0.030131225113689658213
0.034570220648914054121
0.015833877324122937148
-0.0028157300268113761532
0.0015117544074584776314
-0.0010131903416763658001
0.00075026347016296268885
-0.00058692724989556551438
0.000474736926128895287
-0.00039224757715104955313
0.00032854317492041230204
-0.00027749692584824738034
0.00023541314027106261235
-0.00019993659917332219323
0.00016950085616611369951
-0.0001430289116492064523
0.00011976151221831932409
-0.000099154235260503672713
0.000080813777068644680481
-0.000064457846680161215263
0.000049890262084321712337
-0.000036986969008519688639
0.000025691732481496338487
-0.000016024104254742903311
8.1121270984932744149e-6
-2.3097006670318345761e-6
0.0015117252769612896879
0.0035242667980733878136
0.0054970291684841320106
0.0075022589639249227897
0.0093913962262592016335
0.011365438192652504792
0.013129318970274264938
0.015051341057865952524
0.016650095009828100564
0.018501487172287344891
0.019895844002672408326
0.021661988266178555292
0.022812217883219708972
0.024484730098559816221
0.025348732900431959946
0.026928967379850081907
0.027458322115739229555
0.028963938738168088632
0.02909494666630718504
0.030574620981061178103
0.030205074500429744966
0.031779398272613677458
0.030692775382444044731
0.032712506379547644874
0.030192024476511062363
0.034500606521822849564
0.015738176866298924869
-0.0027872440437790861361
0.0014901657422982287035
-0.00099435968248150873927
0.00073294239294547754291
-0.00057058345244718655392
0.00045910035147630018864
-0.00037716711037520947543
0.00031392989389572819741
-0.0002632981454128286193
0.00022159936478000514808
-0.00018649460420723733039
0.00015643001777696542739
-0.00013033947211094909927
0.00010747419143620426262
-0.000087300988943815642138
0.000069439789185486507762
-0.000053625164773103872562
0.00003968401668935917958
-0.000027526264958252486684
0.000017150322285210569134
-8.6761000443114425685e-6
2.4693131332867417781e-6
0.0015154436444551274899
0.0035112205135936493818
0.0055227519012133598259
0.0074611300139718537642
0.0094503904424027857061
0.01128623455494282446
0.013231058910708389538
0.014924678874948273312
0.016804195085749930787
0.018317229605633933564
0.02011326806742596279
0.021407994327930030168
0.023106714566973680998
0.024145087756197651956
0.025739122983344675124
0.026480913726838979039
0.027972790147080695218
0.028371676448219965784
0.02978027296318224816
0.02977496806396303508
0.031150037010579528778
0.030641284680873503803
0.032103886085118024616
0.030879437741279768148
0.032778460633526453675
0.03013127775427043619
0.034292057305878507599
0.01557910433001431685
-0.0027475214822277079179
0.0014625501942462893615
-0.00097148571504448961962
0.00071261829669080923521
-0.00055187880185492203208
0.00044154126635152229856
-0.00036048488054837163443
0.0002979621559748797961
-0.0002479438735270646225
0.00020679625934171449753
-0.0001722070430995986965
0.00014264256112725658578
-0.000117053649020075491
0.000094707550709608572534
-0.000075088087674334257961
0.000057835328435791173641
-0.00004271015512211948138
0.000029577146684077597118
-0.000018405930628002124443
9.303702337200314866e-6
-2.6467525632621158763e-6
0.0015119368703426070363
0.0035235216519002575921
0.0054985081773957153422
0.0074998710664614746323
0.009394865491263927244
0.011360705377696166198
0.013135516960345350544
0.015043447092211247654
0.016659956075931865586
0.018489333703837480978
0.019910687464534214888
0.021643960385327246869
0.02283405568643487902
0.024458276721013035844
0.02538085991396586854
0.02688974666617046524
0.027506590404599467654
0.028903855346349648012
0.0291709031767660722
0.030476584992793725633
0.030335194885616583233
0.031599934150926118914
0.030954190982136682724
0.032299036885696121951
0.030941813115704991776
0.032712386928683558121
0.029949230368559116006
0.033945412344157907625
0.015357300244798234074
-0.0026967218805838301513
0.0014290181582433228705
-0.00094465939227324120252
0.00068937159860135696632
-0.00053088706050952745734
0.00042212889526446617946
-0.00034226696833395276739
0.00028070400727525890898
-0.00023149718464076720681
0.00019106711676977108006
-0.00015713891471084251047
0.00012820718769407599843
-0.00010324665481660618051
0.000081547410212695057917
-0.000062618152361103492591
0.000046129584890934260849
-0.000031884904829712803266
0.000019814414124608146514
-0.000010006230050085001293
2.8451447017849259626e-6
0.0015152480286616873315
0.0035119090088731777293
0.0055213867168695587629
0.0074633308882060948414
0.0094471991526260803539
0.011290577425563273546
0.013225388662815661374
0.014931874808904578877
0.016795243904376462088
0.018328207416160792053
0.02009993693567462217
0.021424078655851176701
0.023087379611700578944
0.024168302425214301574
0.025711218943658993636
0.026514569407857828273
0.027931958711463177994
0.028421640739019428217
0.029718407154067020486
0.029852789947773611805
0.031050065902823321503
0.030773375775481048354
0.031922496913124547867
0.031142536811307525784
0.032364062026678445812
0.030879652652460454004
0.032514549558940674204
0.029646616552814350756
0.033462066852166702509
0.015073657738288004326
-0.0026350491900445921307
0.0013897034795370559098
-0.00091398704419813834678
0.00066329381547474749304
-0.00050769045477814857821
0.00040093918827774165368
-0.00032258503886582323831
0.00026222442326153448321
-0.0002140259095107465657
0.00017448037862270508205
-0.00014136150712698675718
0.00011320110105046053947
-0.00008900604569780917977
0.000068098377772523373429
-0.000050023430506739607434
0.000034500194863530217656
-0.000021404881940039464643
0.000010797603041881275936
-3.0683287819569310667e-6
0.0015121185735990657767
0.0035228824484852560445
0.0054997744577896600204
0.0074978323778049619083
0.0093978163542223538924
0.011356698668722542303
0.013140734073089945157
0.015036847658638346149
0.016668134057805554
0.018479348455821546007
0.019922751386496553215
0.0216294904674365038
0.022851332492068789714
0.024437694401001126654
0.025405377968691115687
0.026860482471235014087
0.027541662885621798917
0.028861552253743405799
0.029222389188083355646
0.030413157579931432992
0.030414598279947888977
0.031498399984371995923
0.03108775215031529859
0.032116421289046412877
0.031205568270150760496
0.032298695841853223157
0.030693209782767746278
0.03218574274843025662
0.029224656453433099708
0.032843966270551335698
0.014729318940006816506
-0.002562750924172597725
0.0013447628589820455477
-0.00087958987409493835716
0.00063448711246420424814
-0.00048237927701953501246
0.00037805450235080558757
-0.00030151615651039566496
0.00024259735013350600978
-0.00019560305641360397162
0.00015711068585363115598
-0.0001249544881447951984
0.000097713826874926850074
-0.000074438471659821284453
0.000054495730713171710192
-0.000037487173228766247159
0.000023213849246258793154
-0.000011695166241005913747
3.3210708461913060568e-6
0.0015150784378332421569
0.003512505325452402544
0.0055202063897689915566
0.0074652288646215586815
0.0094444564201196585098
0.011294293943018019809
0.013220561387524849678
0.014937963147834510077
0.016787725258912520594
0.018337350966543008252
0.020088940707179436349
0.021437198438467633637
0.023071809304588335211
0.024186723745664281297
0.025689448705207155709
0.026540317393503434879
0.027901425134544745902
0.028458017558349480322
0.029674772411836088453
0.02990562210495283643
0.030985299321621882929
0.030854074929905486195
0.031819773765093113501
0.031277065552577376059
0.032180919758335902282
0.031143037406481460965
0.03210319652960493805
0.030383239357010964514
0.031727287332781367503
0.028685051299831400838
0.032093598389221197064
0.014325670382546868871
-0.0024801171200782561903
0.0012943751416853311189
-0.00084160336205226011855
0.00060306377541155230461
-0.00045505143372594328269
0.00035356327035534038413
-0.00027914266494984129305
0.00022190195249974735525
-0.00017630768888419583627
0.0001390408263758698687
-0.00010800967186532954561
0.000081854115870146265969
-0.000059682148571926924703
0.000040928296816761423677
-0.000025287729097903124112
0.000012720796289708455753
-3.6093562246873507005e-6
0.0015122776376183757774
0.0035223233850662551856
0.0055008801930878797329
0.0074960563453143148045
0.0094003790481349749468
0.011353232593270312133
0.013145225862151691673
0.015031197667632773177
0.016675089472960935088
0.018470920558950590755
0.019932844730274074341
0.021617505250935618249
0.022865479163101105996
0.024421060779392181445
0.025424897108449566151
0.026837582616600534902
0.027568568321569393747
0.028829839292691520345
0.029259958448016742593
0.03036833083769823251
0.030468601188566716735
0.031432516603004079886
0.031169461392826057448
0.03201288291633454323
0.031340563081223528516
0.032115724127762200454
0.030955203510073112539
0.031778344853484516117
0.029950994822752450183
0.031141025270661731323
0.028029976671732253994
0.03121398327005966544
0.013864337418700897173
-0.0023874791108704635882
0.0012387404836433792236
-0.00080017656859370581442
0.00056914560205611342118
-0.0004258119465169321515
0.00032755969189350582775
-0.00025555222308390313576
0.00020022326671005955803
-0.00015622666470292679645
0.00012036537159523711189
-0.000090637998770144010803
0.000065762962362905332716
-0.000044931306226766210687
0.000027686386584550959035
-0.000013902457156873995894
3.9407972231587674958e-6
0.0015149284875182691225
0.0035130321495114348478
0.0055191651599016624905
0.0074668995559795371141
0.0094420490285796940779
0.011297544380735116025
0.013216357811235359713
0.014943237581522403149
0.016781250835991107495
0.018345170028658585351
0.020079612064695514959
0.02144822771071643119
0.023058854916307536152
0.024201870644222636513
0.025671786488515655804
0.026560889993371622674
0.027877451690643788537
0.028486010153355466166
0.029641967970586708526
0.029944273913346503636
0.03093941828380285377
0.030909075138292367802
0.031752993906654740574
0.031359501541846985845
0.032076936979062950581
0.031278000915042279172
0.031921086157298840106
0.030642832479316115621
0.031325440637347925539
0.029398223481526739078
0.030429311988458854927
0.027262073904354358455
0.030208661001824197924
0.013347177677064742132
-0.0022852081073994786952
0.00117807938723854871
-0.00075547132684811722427
0.00053286320652724006623
-0.00039477242217508884644
0.00030014351381663226874
-0.00023083817230237301014
0.00017765364824467287086
-0.00013545803923939180754
0.00010119762170031947371
-0.000072983014211210751585
0.000049639645822038648515
-0.000030488321009811739861
0.000015276430276614953518
-4.3252118665467061885e-6
0.0015124197505910464791
0.0035218242777780034047
0.0055018659939910240173
0.0074944761058571184052
0.0094026532219263771128
0.011350166888871173449
0.013149182932991993991
0.015026243801727863687
0.01668115432648728936
0.018463618418182188311
0.019941526360486454955
0.021607281494917129693
0.022877433720357616242
0.024407153587985026465
0.025441021162617501692
0.02681892285229788227
0.027590153738499145254
0.028804844548976057554
0.029288971661014854068
0.030334519051052576001
0.030508229465493673635
0.031385715070215116759
0.031225289529560682344
0.031945422504530302867
0.031423447433982550889
0.032011661833178759001
0.031089645968253883835
0.03159777591938447342
0.03020719430854515901
0.030746297026468781829
0.028727159880389105368
0.029595006559326883492
0.026384439687106322166
0.029081677325711364616
0.012776273582536147669
-0.00217371358428350816
0.0011126315904291990696
-0.00070766130589122392797
0.00049435523263758627727
-0.00036205053016612679078
0.0002714200403669448569
-0.00020510059010544952747
0.00015429580621780626199
-0.00011411781582646638137
0.000081683395440524610216
-0.000055248468034661943708
0.0000337984130701311167
-0.000016890583030586082919
4.7754623346575369545e-6
0.0015147930408030440196
0.0035135076841933344935
0.0055182264903263884512
0.0074684029096549905103
0.0094398880377422238226
0.011300453238821616829
0.013212609846459986118
0.014947919834549388066
0.016775532482635280608
0.018352035679796268705
0.020071475480800747518
0.02145777486849923238
0.0230477372040858017
0.02421474464133170352
0.025656937819470601495
0.026577973364906788486
0.027857820038146617577
0.028508573265191560305
0.029615998571431259435
0.029974246976834996361
0.030904677365237305754
0.030949579911728238211
0.031705399318264595274
0.031415994959495911058
0.032009004673183806268
0.031361063344915437448
0.031817299816400638064
0.030776275753007068266
0.031147077820268381028
0.029650058778911103778
0.030043232471658634492
0.027940517422267688491
0.028641459709770469022
0.025400613930747144502
0.027837567172352250846
0.012153923971957060069
-0.0020534414598247509541
0.0010426547846919221754
-0.00065693091972492999194
0.00045376747864874858755
-0.00032776957807718233932
0.00024150067177395302635
-0.00017844878174435027287
0.00013026913573435145355
-0.000092353809901744595703
0.000062030052791856677383
-0.000037759843246431925186
0.000018809280288096171297
-5.3086976382689563849e-6
0.001512549625728801482
0.0035213684468523041294
0.0055027652609254469789
0.0074930370435446666434
0.0094047195501856382464
0.011347389232958344158
0.013152755970710909933
0.015021788739805238337
0.016686582950521748928
0.018457117501579845663
0.019949207974258276558
0.021598298265494724947
0.022887855382064219592
0.024395136624493142205
0.025454815569633959961
0.026803136903300302488
0.027608185996090245965
0.028784259001847951113
0.029312485261622767924
0.03030761347228149985
0.030539110047729041491
0.031350114500136990156
0.031266579909205290191
0.03189715278689443999
0.0314804535604469904
0.031943455445870148458
0.031172628146502173916
0.031494607363624123279
0.03033917657512689207
0.030570784178278797245
0.028973689484461892362
0.02921906036413380572
0.027041478320401672437
0.027572499627707772225
0.024314566005230864942
0.026481336148818808286
0.011482634838898963386
-0.0019248720498948822937
0.00096842312070691840071
-0.00060347404587630198827
0.00041125196028154635426
-0.00029205839922845726625
0.00021050463713480721185
-0.00015100689161697296733
0.00010572329550870746086
-0.000070375802819428804557
0.000042573046504845148811
-0.000021120979097139468188
5.9482435937133072542e-6
0.0015146676909733154252
0.0035139475044894217235
0.0055173592649605693012
0.0074697896371775452098
0.0094378988636700356748
0.011303123810077022839
0.013209179788184638918
0.014952188934343771343
0.016770341317072420118
0.018358237343582599566
0.020064167437907090115
0.021466294902749851767
0.02303788716609964716
0.02422605831637166996
0.025644007270439604348
0.026592698651680217167
0.027841091076706734742
0.028527554319840295561
0.029594466376954087626
0.029998695011572581771
0.030876862514762738068
0.030981327688460505118
0.031668996090976273708
0.031457993081467191689
0.031960164090126043662
0.031418444055876726122
0.031749001691735031721
0.030858936221084886854
0.031044849973307096375
0.029780140270380624153
0.029871186190820554062
0.028180836401871388528
0.028277076193012178239
0.02603368208709461059
0.026392415506564133312
0.023130679492264822428
0.02501844000397600513
0.010765109245314899497
-0.0017885177588185449485
0.00089022543399106305689
-0.00054749250709920860146
0.00036696600974552366299
-0.00025505207275139419867
0.00017856348613528046408
-0.00012292666336207032208
0.000080868959262461400872
-0.000048527056386653255488
0.000023950367304953931223
-6.7265632688926776757e-6
0.0015126714771792133514
0.0035209410167617696788
0.0055036076450273877616
0.0074916909924314770449
0.00940664857122800124
0.011344802446835674519
0.01315607372701785741
0.0150176662889432404
0.016691586104787874187
0.0184511536941636836
0.019956218022114056405
0.021590148898056347358
0.022897246764509490185
0.024384388396142505222
0.025467050676218903063
0.026789265875381661111
0.02762386581609840171
0.028766567502251887505
0.029332429421014033451
0.030285126875837883069
0.03056449207876732155
0.031321401035386916343
0.031299171470649840948
0.031859986271920956689
0.031523099965821741482
0.031894128970172204233
0.03123026565767625325
0.031426378200650232362
0.030421297237891834185
0.030469794191061189513
0.029101459822000058174
0.029051062006302255937
0.027274727340289859283
0.027221041992488960876
0.024921212856251198704
0.025105938682750462893
0.021853735666227368585
0.023454762075067624666
0.010004236441593255342
-0.0016449204390325382619
0.00080836307754346046409
-0.00048919427031168572376
0.00032107171223382611202
-0.00021689479480567691532
0.00014583227585399755775
-0.000094417890440223040122
0.000056053803386992042301
-0.000027478531360410098488
7.6900546846920863902e-6
0.0015145482976276531864
0.0035143662075282317754
0.0055165344522800929909
0.0074711067467999964205
0.0094360129514716640298
0.011305650053823774426
0.013205943911794552475
0.014956203454879301626
0.01676547785506589204
0.018364022764543759314
0.020057382892224336601
0.021474161409569211724
0.023028848483887273038
0.024236368753501783541
0.025632313754011156076
0.026605901229055242034
0.027826235169545353335
0.028544230710125730365
0.029575773555043032505
0.030019636721654814979
0.030853392732448263558
0.031007665216199066356
0.031639371796163326407
0.031491428862958910011
0.031922248787440402776
0.031461705255758805657
0.031699247112974911899
0.030916741316099354562
0.030976820249744885639
0.029861535342033666015
0.029771696087503658236
0.028305924432127392661
0.028113661402361435631
0.026259058833537311337
0.026055167646813052201
0.023708586034621673385
0.023718221072578517441
0.020488896042148083889
0.021796588662816994564
0.0092030802407501724549
-0.0014946482921142786959
0.00072314717255731437568
-0.00042879137163880719375
0.0002737365788028603735
-0.00017774846066431586114
0.00011251828603038529633
-0.000065827637973212246943
0.000031978044534917312951
-8.9071411198847541178e-6
0.001512789506070730888
0.0035205271939351844965
0.0055044225054185284228
0.0074903905611420672956
0.0094085091183613963985
0.011342312662732734662
0.013159259067122591472
0.01501372006994837078
0.016696358956247010313
0.01844548676589487824
0.019962849380411738788
0.021582478583275728578
0.022906036121031574346
0.024374392772343446167
0.025478348794377250623
0.026776557791105850533
0.027638105338611614895
0.028750657627593044782
0.029350170365976145488
0.03026536672832194495
0.030586494293722378824
0.031296889463685299619
0.031326517154298203842
0.031829406398428538342
0.03155741435407947898
0.031855443950894910787
0.031274145150623797597
0.031376214645796373217
0.030479221212667629807
0.030402051750656059781
0.029181988713398607333
0.028953285306241778008
0.027396815044652452114
0.027062686161019701715
0.025137987457578167592
0.024784088232748368056
0.022400735148170960943
0.022234810310531730082
0.019041684570776982672
0.020050582163375093686
0.0083648666979055435856
-0.001338292067033772129
0.00063489496465070508583
-0.00036649784490973769626
0.00022513821058304043732
-0.00013781745821874737602
0.000078960971931401371668
-0.000037877517240078541095
0.000010482571146150662106
0.001514430432748480543
0.003514779368351146283
0.0055157212047218374679
0.0074724038867999163218
0.0094341584668986209791
0.011308129462920366701
0.013202775336064211019
0.01496012380964940109
0.016760743425328304019
0.018369634373636928765
0.020050829136363593295
0.021481725206463026045
0.023020202687929317226
0.02424617384029998125
0.025621265283654178209
0.026618285716233434045
0.027812411386120077875
0.028559610308327815706
0.029558705142521620311
0.030038547540092312666
0.03083246003865403686
0.031030832025170221154
0.031613716740521323838
0.031519880451758373763
0.031890621449049192008
0.031496981879245535892
0.031659720033648799676
0.030961296276036362375
0.03092621079003125996
0.029919588101479933216
0.029704267346718037796
0.028385511228700861962
0.028017742971842975887
0.026377902139643004461
0.02590226441299299498
0.023916123387240578968
0.023412835787494023743
0.021003000501606204056
0.020661620352292903747
0.017517970560957812361
0.018223751524509450276
0.0074929711551459563377
-0.0011764600700026867346
0.00054392480126615180095
-0.000302529031695325571
0.00017548202998530661045
-0.000097424786621215171706
0.000045888843453008867345
-0.000012584169745197915775
0.0015129085916494547779
0.0035201098336931026424
0.0055052437359338016134
0.0074890813443395554276
0.0094103796314822115007
0.011339813889905679324
0.013162449203202695127
0.01500977768411572188
0.016701113491923095642
0.018439860143831481698
0.019969408990811433064
0.021574923208258992529
0.022914652856216086835
0.024364645231636608249
0.025489301602102483046
0.026764318880230809428
0.027651719181966931771
0.028735570064771057681
0.029366842815292824762
0.030246982815314690899
0.030606735499967707683
0.031274620944375997891
0.031351013631302839292
0.031802442186383838276
0.03158713663862099078
0.031822607081780784476
0.031310541036429991582
0.031335696455623910428
0.03052458893370398484
0.030350875795544176609
0.029240267537934108674
0.028886105341467009743
0.027475479533685666527
0.026968670124422088999
0.025253449315368083758
0.024636915502083466177
0.022598529756878743021
0.021946802182574146851
0.019521122897923792375
0.019004894882972357011
0.015923954528931427618
0.016323418988906938879
0.0065909047317665042402
-0.0010097709738647066388
0.00045054918185909419647
-0.00023710821581051169134
0.00012506582173509857601
-0.000057281126105222053656
0.000015496500895616589187
0.0015143084354256778574
0.0035152068605489909016
0.0055148802967637339132
0.0074737438734306198903
0.0094322451234544853554
0.011310683563700457428
0.01319951747274929526
0.01496414565558564912
0.016755898984503004961
0.018375359363987410445
0.020044165463954368822
0.021489386662749284087
0.023011482578552722872
0.02425601608657450483
0.025610233865379988725
0.026630577962230955039
0.027798780784102161756
0.02857466416316387782
0.029542133951402177825
0.030056741580667407287
0.030812523400325747639
0.031052648800109660247
0.031589859933622268961
0.031545965486722649795
0.031862083837728388591
0.031528243100969201143
0.031625403106267833345
0.030999082059087216614
0.030884433543158405643
0.029966030209611968748
0.029652274372894134668
0.028444249123671739701
0.027950605097160101074
0.026455812263395694556
0.025810039762329852512
0.024028229933452259789
0.023271498043137911126
0.021190735365266832209
0.020391685828121310244
0.01796124948720773643
0.017271157446615382792
0.014266161909959446873
0.014357180571242883695
0.0056623003968616691247
-0.00083884220733772649176
0.00035506657213762375489
-0.0001705075763881283866
0.000074543239678570109439
-0.000019738458032334173484
0.0015130357079643352083
0.0035196644705316373915
0.0055061195608420193564
0.0074876862655584263751
0.0094123706075139381718
0.011337157880527660792
0.013165834403243458577
0.015005602501065648398
0.016706137239346207233
0.018433930555969522462
0.019976301161035845621
0.021567011541904554018
0.022923641792992580648
0.024354519680636291638
0.025500625443598777885
0.026751731888655982865
0.027665638342728878972
0.028720244410204821842
0.029383655964635482334
0.030228592827474061545
0.030626802067648661319
0.031252765089933644372
0.031374787696081226462
0.031776600600944595305
0.031615220863776244805
0.03179207213720879308
0.031343777322385805042
0.031299452606839242662
0.030564220298711226401
0.030307377510644734756
0.029288248957474429037
0.02883283198255124611
0.02753513218090225757
0.026901134838401868895
0.025331016324475854587
0.024546116943698967126
0.022707573215667009446
0.021811124315732766023
0.019698778156164471461
0.018753404894704064788
0.016329968693826490901
0.015467133124563310143
0.012551457006866035495
0.012332853486159211852
0.0047108989632723646111
-0.00066426886846615806664
0.00025776358879299290112
-0.00010326953818589493008
0.000026352629863023289639
0.0015141730770675507105
0.0035156810399334322283
0.0055139480185375941093
0.0074752283773004981859
0.0094301274630060999277
0.011313507009227997102
0.013195921275021686479
0.014968577573414548296
0.016750571212559232102
0.018381641181486074411
0.020036872616355232566
0.021497746968691631164
0.023001998329933815114
0.024266681427411288427
0.025598328982424919305
0.026643782826394321662
0.027784212739065460507
0.028590662235923129152
0.029524634315885490859
0.030075820246481247711
0.030791780793591268024
0.031075149561132334083
0.031565495182418537485
0.031572314617837994009
0.031833611630422808429
0.031559000257185909815
0.031592169540624173447
0.031035021655502762981
0.030845508473405882805
0.030008286177898683648
0.029606253220734226333
0.028494591771673700921
0.027895213202822288463
0.026517228565032342362
0.025741255280296117024
0.024106297016863904639
0.023181308126495421607
0.021297480956068823358
0.020260997879928497875
0.018129324554741269275
0.017037931096502818795
0.014634420040033550007
0.013599599203774145039
0.010787112726075972197
0.01025839014972003192
0.0037405362339061627574
-0.00048658241934703076868
0.00015902941344211061077
-0.000037741374128267091993
0.0015131842161609889015
0.003519144279937606834
0.0055071421074204316902
0.0074860584724256030537
0.0094146918267383910237
0.011334064441420023667
0.013169772322517788783
0.015000752600600736282
0.016711963085976211965
0.018427067419642534925
0.019984261042762976094
0.021557896719566220042
0.022933969059893260395
0.02434292261110949722
0.025513550076458211207
0.026737420953667457218
0.027681395922283851226
0.028702977539599303646
0.02940249788042518499
0.030208106063744313761
0.030649008651805642237
0.031228757186870526246
0.031400686606247673615
0.03174871073775830217
0.03164521448767634585
0.031759845760667089366
0.03137838592512075229
0.031262286183093535131
0.03060415377744422585
0.030264423909128119106
0.029334533672014175079
0.02878282735618747394
0.027589352074170670182
0.026842055060406149593
0.025395815338940686945
0.024474420472890028593
0.022787837262452026434
0.021719827544426935335
0.019804934783893136006
0.018626046776691856303
0.016490000190946928881
0.015250902243368310294
0.012882624091080018415
0.011675024330507528867
0.0089810583592642405752
0.0081416852321401748287
0.0027551377578983951244
-0.00030618935571042940275
0.000060742897375391402287
0.0015140024282905869111
0.0035162787354538323456
0.0055127732916878940229
0.0074770980273024398495
0.0094274621093688381992
0.011317057816543472186
0.013191403056706731547
0.014974139363069701324
0.016743894130577555852
0.018389501833827338861
0.020027762778639298668
0.021508169590910049854
0.022990200772938263952
0.024279915143630792693
0.025583598302384013582
0.026660071366064962975
0.027766304816582806151
0.028610252272919584401
0.029503297576632497411
0.030098970870212801653
0.030766745649788162503
0.031102144330149964522
0.031536459992841342614
0.031603478200404661733
0.031800222669909559075
0.031594722888754516517
0.031553990727075933289
0.031075797119148166594
0.030801973057521005214
0.030054774144040179856
0.029556582098948597584
0.028547726632946022617
0.027838267234497947251
0.026578423958098875713
0.025675245476306668896
0.024177867374535461378
0.02310316366909506498
0.021383623084437359344
0.020164775844517524133
0.018238830079973784532
0.016909881738277967622
0.014790440440882170061
0.013396467090054643832
0.011084612028697121922
0.0096984065824125674704
0.0071428510819628333201
0.0059899240803590554145
0.0017587748975216128684
-0.0001239954848183379141
0.0015133986650314928262
0.0035183932176818112129
0.0055086181139642548574
0.007483709667857904954
0.0094180395981003199364
0.011329605611186241086
0.013175444261224685431
0.014993773075532760211
0.016720338768346396726
0.018417211710663162415
0.019995676872238718957
0.02154484370068325875
0.022948733950862738256
0.024326372981857610604
0.025531956025047273742
0.02671708787322242062
0.027703726700335509753
0.028678578199791810266
0.029429037531256116705
0.030179352819791999331
0.030680051034600318391
0.031195347015735263988
0.031436547300896823908
0.031710311534110770533
0.031686246836539369591
0.031716077273482656983
0.031425004006362318805
0.031212691956044194185
0.030656867136859455803
0.030208427700532893203
0.029394002791018000534
0.028719661455399802634
0.027656482558328114157
0.026770634245483713396
0.025471930065037667141
0.024393101411099297436
0.022875021624190246003
0.021625898061227837825
0.019906819714653386449
0.018514473107778837317
0.016613873165406542482
0.015110533167305428257
0.013046855319626922237
0.011472278069797174843
0.0092577633897141651351
0.0076676069470734133868
0.0052891461772780004759
0.0038057031458278616739
0.00075681974723072626937
0.0015136394944614525387
0.0035175497950432257367
0.0055102755157967902488
0.0074810724678123255148
0.0094217979265447292222
0.011324600793723338249
0.01318180946353300848
0.014985942310291912675
0.016729733395811087171
0.01840616048150034491
0.020008472883186510684
0.021530218490629798994
0.022965269677797926771
0.024307847943914120139
0.025552547165072295337
0.026694355354129484264
0.027728674837401794345
0.028651340765093737743
0.029458637880013633012
0.030147315476576008652
0.030714600489596468148
0.031158208660028633701
0.031476353732597849737
0.031667754648245874295
0.031731640702395298859
0.031667754648245874295
0.031476353732597849737
0.031158208660028633701
0.030714600489596468148
0.030147315476576008652
0.029458637880013633012
0.028651340765093737743
0.027728674837401794345
0.026694355354129484264
0.025552547165072295337
0.024307847943914120139
0.022965269677797926771
0.021530218490629798994
0.020008472883186510684
0.01840616048150034491
0.016729733395811087171
0.014985942310291912675
0.01318180946353300848
0.011324600793723338249
0.0094217979265447292222
0.0074810724678123255148
0.0055102755157967902488
0.0035175497950432257367
0.0015136394944614525387
0.00058992469668231031908
0.0031056690279161046199
0.0076210520428934978204
0.01411889954922230993
0.022573170662931383222
0.032949852622094925471
0.045207172085963357393
0.059295777213495544981
0.075158940077917149483
0.09273278632007228423
0.11194655282727668249
0.13272287288129865189
0.15497808778743394325
0.17862258379038116797
0.20356115294554964377
0.22969337650413696672
0.25691402927375397891
0.28511350332921173767
0.31417824936885755557
0.3439912339401256189
0.37443241069371136325
0.40537920376909320676
0.43670700136516397447
0.46828965750865660699
0.5
0.53171034249134339301
0.56329299863483602553
0.59462079623090679324
0.62556758930628863675
0.6560087660598743811
0.68582175063114244443
0.71488649667078826233
0.74308597072624602109
0.77030662349586303328
0.79643884705445035623
0.82137741620961883203
0.84502191221256605675
0.86727712711870134811
0.88805344717272331751
0.90726721367992771577
0.92484105992208285052
0.94070422278650445502
0.95479282791403664261
0.96705014737790507453
0.97742682933706861678
0.98588110045077769007
0.99237894795710650218
0.99689433097208389538
0.99941007530331768968